row_index,dataset,task,axis,representation,model,split_seed,nominal_dose,label_opportunity,metadata_prior_opportunity,n_features,encoding_margin,dose_zero_label_opportunity,dose_zero_metadata_prior_opportunity,opportunity_delta,metadata_prior_delta,dose_encoding_interaction,model_capacity,probability_identity_archived,probability_mean_shift,probability_coral,probability_quantile_mapping,probability_support_clipping,probability_scmt,exposure_effect,dose_zero_exposure_effect,dose_induced_amplification,material_optimism_event,probability_opct,achieved_opportunity,unseen_balanced_accuracy,dose_balanced_accuracy,subject_exposure_effect,achieved_dose,normalized_mutual_information,predicted_material_risk,predicted_material_optimism_event,probability_supervised_recalibration_oracle,bootstrap_structure,paired_point_amplification,amplification_ci_low,amplification_ci_high,probability_material_event,partition,probability_identity_inductive,probability_inductive_action,point_reconstruction_error,soft_brier_gain,hard_brier_gain
0,CASE,arousal,subject,all,gpu_mlp,20260813,0.25,0.1267108232576877,0.0667548500881834,144.0,0.6083333333333334,0.0365492250875,0.0232363315696649,0.0901615981701877,0.0435185185185185,0.0548483055535308,4.0,0.2961585903991707,0.2494103162214353,0.2964685820535777,0.3770983028857448,0.2961585903991707,0.2949436354292188,0.0209567698046959,0.021505376344086,-0.00054860653939,0,,,,,,,,,,,participant_x_stimulus,-0.0005486065393900397,-0.06511334981769323,0.07202383168041683,0.2916,audit,0.2961585906159476,0.230820748930605,3.968179951296946e-17,-0.0036733366121527505,0.03443169265873907
1,CASE,arousal,subject,all,gpu_mlp,20260813,0.5,0.2162984522895039,0.1039792768959435,144.0,0.6083333333333334,0.0365492250875,0.0232363315696649,0.1797492272020039,0.0807429453262786,0.1093474465478857,4.0,0.608142334852292,0.55067750990009,0.4865367677914722,0.5278602789210054,0.608142334852292,0.6016149823748789,0.0254553434276936,0.021505376344086,0.0039499670836076,0,,,,,,,,,,,participant_x_stimulus,0.0039499670836076195,-0.07212374303489924,0.07340143471956243,0.335,audit,0.6081423343943774,0.422321579577831,1.9081958235744878e-17,0.06698167657844238,0.19148158230552847
2,CASE,arousal,subject,all,gpu_mlp,20260813,0.75,0.3036472557408926,0.1474426807760141,144.0,0.6083333333333334,0.0365492250875,0.0232363315696649,0.2670980306533925,0.1242063492063492,0.1624846353141471,4.0,0.8608795708979781,0.8301249280460522,0.6930150623908411,0.6832650422959768,0.7252029314742673,0.8483536231500441,0.0249067368883036,0.021505376344086,0.0034013605442176,0,,,,,,,,,,,participant_x_stimulus,0.003401360544217691,-0.06919657941907645,0.08239413928240533,0.3456,audit,0.8608795614055756,0.6525694522123753,9.063930161978817e-17,0.17128278181075665,0.31526672928509675
3,CASE,arousal,subject,all,gpu_mlp,20260813,1.0,0.3965173292852062,0.1087742504409171,144.0,0.6083333333333334,0.0365492250875,0.0232363315696649,0.3599681041977062,0.0855379188712522,0.2189805967202713,4.0,0.87913567298489,0.8517216817950645,0.6927534987156264,0.8186204231897475,0.6801413191824363,0.8752761269472586,0.0048277375466314,0.021505376344086,-0.0166776387974545,0,,,,,,,,,,,participant_x_stimulus,-0.01667763879745454,-0.10197353903204202,0.07100938409566877,0.2216,audit,0.8791356683795668,0.6771358442008499,4.163336342344337e-17,0.22484024983958262,0.31436657191559
4,CASE,arousal,subject,all,gpu_mlp,20260829,0.25,0.1111616285601198,0.0993386243386243,144.0,0.6283333333333334,0.0238927210038301,-0.0119047619047619,0.0872689075562896,0.1112433862433862,0.054833963581202,4.0,0.4148159835371817,0.3588881626172758,0.3833409913772921,0.4404528398184113,0.4148159835371817,0.4135942221605963,0.0351108185209567,0.0517884573184111,-0.0166776387974543,0,,,,,,,,,,,participant_x_stimulus,-0.01667763879745443,-0.10119266174733639,0.07000329289585347,0.1938,heldout,0.4148159844471002,0.299883799540892,1.3183898417423734e-16,0.03759429285608869,0.08214200772573499
5,CASE,arousal,subject,all,gpu_mlp,20260829,0.5,0.1988626778661279,0.0903218694885361,144.0,0.6283333333333334,0.0238927210038301,-0.0119047619047619,0.1749699568622978,0.102226631393298,0.1099394562284771,4.0,0.5609071347823467,0.5021856374105862,0.4567812110882511,0.4826737859641705,0.5609071347823467,0.5554124568260544,0.043339916611806,0.0517884573184111,-0.008448540706605,0,,,,,,,,,,,participant_x_stimulus,-0.008448540706605168,-0.105778887309134,0.09846656583249559,0.3048,heldout,0.560907136686102,0.3902983557385653,1.682681771697503e-16,0.05828089662755548,0.16228400949317387
6,CASE,arousal,subject,all,gpu_mlp,20260829,0.75,0.2867253537314868,0.0887566137566137,144.0,0.6283333333333334,0.0238927210038301,-0.0119047619047619,0.2628326327276566,0.1006613756613756,0.1651465042305443,4.0,0.7211206562604852,0.6712679610773102,0.5524687975879036,0.5648171393448128,0.6168727307927111,0.7150214694563544,0.0082290980908492,0.0517884573184111,-0.0435593592275619,0,,,,,,,,,,,participant_x_stimulus,-0.04355935922756193,-0.13774442858994007,0.06859887056052667,0.1294,heldout,0.7211206531261983,0.5087597476058672,3.469446951953614e-17,0.20621951323250748,0.2611785155811691
7,CASE,arousal,subject,all,gpu_mlp,20260829,1.0,0.3743323249064237,0.0481812169312169,144.0,0.6283333333333334,0.0238927210038301,-0.0119047619047619,0.3504396039025936,0.0600859788359788,0.2201928844521296,4.0,0.7410693303773653,0.6932658299065677,0.5420685940754301,0.6150365627063515,0.4627205598042694,0.7529174492751475,0.032587228439763,0.0517884573184111,-0.0192012288786481,0,,,,,,,,,,,participant_x_stimulus,-0.01920122887864817,-0.10667279940098524,0.08555877543985839,0.2228,heldout,0.7410693459170044,0.5260499081029398,6.938893903907228e-17,0.1766426081527981,0.27245526964274525
8,CASE,arousal,subject,all,gpu_mlp,20260911,0.25,0.1124599619382495,0.0501058201058201,144.0,0.5883333333333334,0.0247970641829933,0.0,0.0876628977552562,0.0501058201058201,0.051575004846009,4.0,0.2340540616926739,0.1944012883138168,0.2490226093566511,0.236063583651922,0.2340540616926739,0.2336070950467083,0.0089971472459952,0.0070221637041913,0.0019749835418039,0,,,,,,,,,,,participant_x_stimulus,0.0019749835418038098,-0.06926874648779631,0.07289093285799021,0.3054,audit,0.2340540611738671,0.1943590704147649,9.020562075079397e-17,-0.007239845056170839,0.017005855299488774
9,CASE,arousal,subject,all,gpu_mlp,20260911,0.5,0.2009020256223732,0.0624074074074074,144.0,0.5883333333333334,0.0247970641829933,0.0,0.1761049614393799,0.0624074074074074,0.1036084189801685,4.0,0.428888167078305,0.3722700235000478,0.3603314346439084,0.3488249742797558,0.428888167078305,0.4288862765362518,0.0523370638578011,0.0070221637041913,0.0453149001536098,1,,,,,,,,,,,participant_x_stimulus,0.04531490015360973,-0.029236230999231335,0.13233382776379574,0.7464,audit,0.4288881690133095,0.3082135232379039,6.938893903907228e-17,-0.09119362560065825,-0.15239980593794394
10,CASE,arousal,subject,all,gpu_mlp,20260911,0.75,0.2879835927376664,0.0964021164021163,144.0,0.5883333333333334,0.0247970641829933,0.0,0.263186528554673,0.0964021164021163,0.1548414076329993,4.0,0.7183689694249802,0.6682506715645166,0.5463908073136189,0.5196967358768084,0.6302017985312282,0.7122421217112407,0.0030721966205837,0.0070221637041913,-0.0039499670836076,0,,,,,,,,,,,participant_x_stimulus,-0.0039499670836076195,-0.07680112272500991,0.06384283006191253,0.2446,audit,0.7183689695777806,0.506433572956191,1.9081958235744878e-17,0.15590021660778702,0.25957901263506866
11,CASE,arousal,subject,all,gpu_mlp,20260911,1.0,0.3767561183970306,0.0738227513227513,144.0,0.5883333333333334,0.0247970641829933,0.0,0.3519590542140373,0.0738227513227513,0.2070692435625919,4.0,0.7858900868187503,0.7434972469993172,0.5836260146922501,0.6443056967344457,0.5460934731483306,0.7889453186731755,-0.0023041474654377,0.0070221637041913,-0.009326311169629,0,,,,,,,,,,,participant_x_stimulus,-0.00932631116962912,-0.09617968872189521,0.0723570190370081,0.2342,audit,0.7858900834322428,0.568081962293512,1.196959198423997e-16,0.1928847834125088,0.2949061073538902
12,CASE,arousal,subject,all,gpu_mlp,20260923,0.25,0.1186404958243567,0.0546296296296296,144.0,0.61,0.0260100766358442,0.0037946428571428,0.0926304191885125,0.0508349867724867,0.0565045557049926,4.0,0.2633045417795529,0.2201203711669312,0.2726741080819401,0.3486409932629752,0.2633045417795529,0.2625056408359703,0.0351108185209568,0.044437129690586,-0.0093263111696291,0,,,,,,,,,,,participant_x_stimulus,-0.00932631116962912,-0.07953718062490225,0.05682196775451297,0.184,heldout,0.2633045407976712,0.2116468461523571,2.0816681711721685e-17,0.00552486208895739,0.024534893718432982
13,CASE,arousal,subject,all,gpu_mlp,20260923,0.5,0.2113393091547433,0.0521494708994708,144.0,0.61,0.0260100766358442,0.0037946428571428,0.1853292325188991,0.048354828042328,0.1130508318365284,4.0,0.4232394117090633,0.3668879229801712,0.3569280227317088,0.3735418823456583,0.4232394117090633,0.4275469570957997,0.022053982883476,0.044437129690586,-0.0223831468071099,0,,,,,,,,,,,participant_x_stimulus,-0.022383146807109955,-0.09230476412922144,0.049051895085722066,0.1,heldout,0.4232394164234407,0.3048634217412855,5.551115123125783e-17,0.06251469876221868,0.08618989769864975
14,CASE,arousal,subject,all,gpu_mlp,20260923,0.75,0.3038917637866631,0.065963955026455,144.0,0.61,0.0260100766358442,0.0037946428571428,0.2778816871508189,0.0621693121693121,0.1695078291619995,4.0,0.6592512329992017,0.6044059283144292,0.4951044711247383,0.537823063090126,0.5241846014685873,0.6651564588620928,0.0288567039719114,0.044437129690586,-0.0155804257186745,0,,,,,,,,,,,participant_x_stimulus,-0.015580425718674573,-0.10220161564648152,0.061374955438077444,0.1598,heldout,0.6592512257482948,0.4593766990729366,7.28583859910259e-17,0.15970532827403727,0.22358522699948177
15,CASE,arousal,subject,all,gpu_mlp,20260923,1.0,0.3966689249805574,0.0810350529100529,144.0,0.61,0.0260100766358442,0.0037946428571428,0.3706588483447132,0.0772404100529101,0.226101897490275,4.0,0.8389750544841087,0.8044778670173343,0.6374368372556947,0.7746048040100333,0.5815688315706415,0.8395671868747009,0.0127276717138469,0.044437129690586,-0.031709457976739,0,,,,,,,,,,,participant_x_stimulus,-0.031709457976739075,-0.11292442120611668,0.04514950690791009,0.081,heldout,0.8389750571372027,0.6255125513198456,7.632783294297951e-17,0.2780322686972981,0.31261319463970993
16,CASE,arousal,subject,all,gpu_mlp,20261007,0.25,0.1170927637146502,0.0346901555234888,144.0,0.5916666666666668,0.0311814436282445,-0.0161896745230078,0.0859113200864057,0.0508798300464966,0.0508308643844567,4.0,0.193061509782327,0.1589127112454797,0.2189670523318067,0.2531554990446806,0.193061509782327,0.1934068738501183,0.054092604783849,0.0291858678955453,0.0249067368883037,1,,,,,,,,,,,participant_x_stimulus,0.024906736888303693,-0.04477437445893884,0.10798646192997692,0.5662,audit,0.1930615109197609,0.169544397665479,6.938893903907228e-18,-0.0181033348302779,-0.03850678228969284
17,CASE,arousal,subject,all,gpu_mlp,20261007,0.5,0.2024594201352064,0.1171616963283629,144.0,0.5916666666666668,0.0311814436282445,-0.0161896745230078,0.1712779765069619,0.1333513708513707,0.1013394694332858,4.0,0.6290856115033726,0.5725332483383007,0.5022793701839936,0.5464408507662222,0.6290856115033726,0.6234227186511222,0.02183454026772,0.0291858678955453,-0.0073513276278253,0,,,,,,,,,,,participant_x_stimulus,-0.00735132762782531,-0.08614103142172098,0.06502887606620784,0.2166,audit,0.6290856107583874,0.4371645967428545,1.0408340855860843e-17,0.12149563774638186,0.20463582101791072
18,CASE,arousal,subject,all,gpu_mlp,20261007,0.75,0.2884480781753084,0.1381513548180214,144.0,0.5916666666666668,0.0311814436282445,-0.0161896745230078,0.2572666345470639,0.1543410293410292,0.1522160921070128,4.0,0.8240102461347313,0.7871205616275787,0.6509605527737695,0.65321408144024,0.7200996941255471,0.8107966074942232,0.0031819179284616,0.0291858678955453,-0.0260039499670837,0,,,,,,,,,,,participant_x_stimulus,-0.02600394996708366,-0.11608239524066448,0.06389593612402675,0.1434,audit,0.8240102359208104,0.6082843548395243,3.8163916471489756e-17,0.24711282986562044,0.30898301255973326
19,CASE,arousal,subject,all,gpu_mlp,20261007,1.0,0.37489510182337,0.0756824194324194,144.0,0.5916666666666668,0.0311814436282445,-0.0161896745230078,0.3437136581951255,0.0918720939554272,0.2033639144321159,4.0,0.7817574597117509,0.7388183047747997,0.5819326979182438,0.6571763173966158,0.5544502714500169,0.7843653986689747,-0.0010972130787798,0.0291858678955453,-0.030283080974325,0,,,,,,,,,,,participant_x_stimulus,-0.030283080974325194,-0.1250048905611038,0.05775155574083322,0.1296,audit,0.7817574521480322,0.5639946307050043,1.942890293094024e-16,0.23661064720687586,0.29305477052490864
20,CASE,arousal,subject,all,linear_logistic,20260813,0.25,0.1267108232576877,0.0667548500881834,144.0,0.6083333333333334,0.0365492250875,0.0232363315696649,0.0901615981701877,0.0435185185185185,0.0548483055535308,1.0,0.2091272763384545,0.1727450989400516,0.2094134139346753,0.2755948771679762,0.2091272763384545,0.2085329302973642,0.0073513276278253,-0.0121790651744568,0.0195303928022821,0,,,,,,,,,,,participant_x_stimulus,0.019530392802282193,-0.05559947183355689,0.10379353817552311,0.5216,heldout,0.2091272765104555,0.1793723509759531,9.367506770274758e-17,-0.019480560831552876,0.011559777486040014
21,CASE,arousal,subject,all,linear_logistic,20260813,0.5,0.2162984522895039,0.1039792768959435,144.0,0.6083333333333334,0.0365492250875,0.0232363315696649,0.1797492272020039,0.0807429453262786,0.1093474465478857,1.0,0.4937438888592677,0.4350865521124822,0.3732827063284384,0.4126601187053095,0.4937438888592677,0.4922848048477372,-0.0071318850120694,-0.0121790651744568,0.0050471801623874,0,,,,,,,,,,,participant_x_stimulus,0.005047180162387477,-0.07779540028423071,0.0994374455884097,0.3744,heldout,0.4937438883789564,0.3474712359325227,7.719519468096792e-17,0.013517805359206943,0.12304676751109647
22,CASE,arousal,subject,all,linear_logistic,20260813,0.75,0.3036472557408926,0.1474426807760141,144.0,0.6083333333333334,0.0365492250875,0.0232363315696649,0.2670980306533925,0.1242063492063492,0.1624846353141471,1.0,0.7954472481379437,0.7543552223835169,0.5866077594528594,0.5754888246105095,0.6238407636670907,0.793388688450541,0.0016458196181698,-0.0121790651744568,0.0138248847926266,0,,,,,,,,,,,participant_x_stimulus,0.01382488479262678,-0.05852912301197648,0.09771061800420282,0.4398,heldout,0.7954472352418096,0.5777222013157327,1.7867651802561113e-16,0.10746242231936554,0.2989733621607428
23,CASE,arousal,subject,all,linear_logistic,20260813,1.0,0.3965173292852062,0.1087742504409171,144.0,0.6083333333333334,0.0365492250875,0.0232363315696649,0.3599681041977062,0.0855379188712522,0.2189805967202713,1.0,0.8204993882653182,0.7830675144364652,0.5863096532578626,0.739330655806461,0.5719680496223826,0.8263658892115404,-0.0238095238095238,-0.0121790651744568,-0.011630458635067,0,,,,,,,,,,,participant_x_stimulus,-0.011630458635066954,-0.09624153785407544,0.07733869366347784,0.243,heldout,0.8204993818819446,0.6043723995700956,4.683753385137379e-17,0.2029155249029793,0.30795323830653787
24,CASE,arousal,subject,all,linear_logistic,20260829,0.25,0.1111616285601198,0.0993386243386243,144.0,0.6283333333333334,0.0238927210038301,-0.0119047619047619,0.0872689075562896,0.1112433862433862,0.054833963581202,1.0,0.3081830696142073,0.2602385356406467,0.2809640069021533,0.330956868637242,0.3081830696142073,0.3070531365866845,-0.0268817204301075,0.0062541145490454,-0.0331358349791529,0,,,,,,,,,,,participant_x_stimulus,-0.033135834979152956,-0.10992791783064604,0.036104157101362944,0.0564,audit,0.3081830704134055,0.2378008519286686,5.551115123125783e-17,0.030488445466355152,0.038427559711433475
25,CASE,arousal,subject,all,linear_logistic,20260829,0.5,0.1988626778661279,0.0903218694885361,144.0,0.6283333333333334,0.0238927210038301,-0.0119047619047619,0.1749699568622978,0.102226631393298,0.1099394562284771,1.0,0.4452969392841412,0.3879842127180436,0.3457889964210864,0.3696150396874917,0.4452969392841412,0.4446495723157551,-0.0059249506254114,0.0062541145490454,-0.0121790651744567,0,,,,,,,,,,,participant_x_stimulus,-0.012179065174456882,-0.08538386858999729,0.0653027642518281,0.2028,audit,0.4452969411934408,0.3179993406800845,1.8214596497756474e-16,0.045533878395048924,0.09716578516326624
26,CASE,arousal,subject,all,linear_logistic,20260829,0.75,0.2867253537314868,0.0887566137566137,144.0,0.6283333333333334,0.0238927210038301,-0.0119047619047619,0.2628326327276566,0.1006613756613756,0.1651465042305443,1.0,0.6190437021437509,0.5620262110756803,0.4369270740412664,0.4492255411599551,0.502939833189703,0.6289560865863536,-0.0288567039719113,0.0062541145490454,-0.0351108185209566,0,,,,,,,,,,,participant_x_stimulus,-0.035110818520956766,-0.10803816597908734,0.05469283331185572,0.0956,audit,0.6190436984682975,0.4299928140103087,1.6653345369377348e-16,0.16217475140443705,0.19832128051280457
27,CASE,arousal,subject,all,linear_logistic,20260829,1.0,0.3743323249064237,0.0481812169312169,144.0,0.6283333333333334,0.0238927210038301,-0.0119047619047619,0.3504396039025936,0.0600859788359788,0.2201928844521296,1.0,0.6426760076645718,0.5868348415884697,0.4266284609714709,0.5009993291918345,0.3511629977170764,0.6640397644452715,-0.0401579986833442,0.0062541145490454,-0.0464121132323896,0,,,,,,,,,,,participant_x_stimulus,-0.046412113232389696,-0.11412559654563666,0.02044492154382161,0.0262,audit,0.6426760262619986,0.4470421281330573,9.71445146547012e-17,0.20293459414422377,0.2131858104061803
28,CASE,arousal,subject,all,linear_logistic,20260911,0.25,0.1124599619382495,0.0501058201058201,144.0,0.5883333333333334,0.0247970641829933,0.0,0.0876628977552562,0.0501058201058201,0.051575004846009,1.0,0.1610960425081471,0.1316786641121619,0.1724837955318247,0.1626121531161707,0.1610960425081471,0.1611508573789957,0.0449857362299758,0.043010752688172,0.0019749835418038,0,,,,,,,,,,,participant_x_stimulus,0.0019749835418038098,-0.0634634343907237,0.08909060452133405,0.2954,heldout,0.1610960421170464,0.1494585733060941,9.540979117872439e-18,-0.0032613469224265293,0.00361406965108408
29,CASE,arousal,subject,all,linear_logistic,20260911,0.5,0.2009020256223732,0.0624074074074074,144.0,0.5883333333333334,0.0247970641829933,0.0,0.1761049614393799,0.0624074074074074,0.1036084189801685,1.0,0.3206198082414493,0.2714997651806354,0.2614936964670625,0.2518548262423161,0.3206198082414493,0.3233148560937706,0.0546412113232389,0.043010752688172,0.0116304586350669,0,,,,,,,,,,,participant_x_stimulus,0.011630458635066954,-0.060205795057117935,0.09495924282819027,0.409,heldout,0.3206198099622082,0.2450096083913135,5.377642775528102e-17,-0.019081790548854154,0.04276735433613769
30,CASE,arousal,subject,all,linear_logistic,20260911,0.75,0.2879835927376664,0.0964021164021163,144.0,0.5883333333333334,0.0247970641829933,0.0,0.263186528554673,0.0964021164021163,0.1548414076329993,1.0,0.6158214090929399,0.5586654666026981,0.4308963321755135,0.4047508662714535,0.517129941748921,0.6251923293922407,0.0517884573184111,0.043010752688172,0.0087777046302391,0,,,,,,,,,,,participant_x_stimulus,0.008777704630239191,-0.07022526115179062,0.08597630951553578,0.377,heldout,0.6158214092716234,0.4277132127865559,9.194034422677078e-17,0.05446383557534977,0.19629741572509066
31,CASE,arousal,subject,all,linear_logistic,20260911,1.0,0.3767561183970306,0.0738227513227513,144.0,0.5883333333333334,0.0247970641829933,0.0,0.3519590542140373,0.0738227513227513,0.2070692435625919,1.0,0.6975780994944039,0.6455852956726683,0.468387969202666,0.532346162605752,0.4305427320623117,0.7114659486073859,0.053214834320825,0.043010752688172,0.010204081632653,0,,,,,,,,,,,participant_x_stimulus,0.010204081632653073,-0.05971987498924136,0.07703285366296764,0.3854,heldout,0.6975780952486039,0.4892783484428222,7.28583859910259e-17,0.08666445187783803,0.2472218967157346
32,CASE,arousal,subject,all,linear_logistic,20260923,0.25,0.1186404958243567,0.0546296296296296,144.0,0.61,0.0260100766358442,0.0037946428571428,0.0926304191885125,0.0508349867724867,0.0565045557049926,1.0,0.1834120582066885,0.1506514080586684,0.1907119321822014,0.251702220893866,0.1834120582066885,0.1832480692993365,0.0619925389510642,0.0453149001536097,0.0166776387974545,0,,,,,,,,,,,participant_x_stimulus,0.01667763879745454,-0.038498541060835126,0.078125,0.4428,audit,0.1834120574485585,0.1635633873337667,4.163336342344337e-17,-0.01069098111224212,0.006887001141417531
33,CASE,arousal,subject,all,linear_logistic,20260923,0.5,0.2113393091547433,0.0521494708994708,144.0,0.61,0.0260100766358442,0.0037946428571428,0.1853292325188991,0.048354828042328,0.1130508318365284,1.0,0.3156090001924933,0.2669549812027253,0.2586463558079746,0.2725768388029712,0.3156090001924933,0.3271831281506105,0.0472898836954135,0.0453149001536097,0.0019749835418038,0,,,,,,,,,,,participant_x_stimulus,0.0019749835418038098,-0.07334238681942225,0.08746309299021951,0.3144,audit,0.3156090043640326,0.2421060692933739,9.540979117872439e-18,-0.00522495072546221,0.04099369484696799
34,CASE,arousal,subject,all,linear_logistic,20260923,0.75,0.3038917637866631,0.065963955026455,144.0,0.61,0.0260100766358442,0.0037946428571428,0.2778816871508189,0.0621693121693121,0.1695078291619995,1.0,0.5487009093967232,0.4898317499054154,0.3813372157078884,0.4223938152512271,0.4090915619440019,0.5675203248095735,0.0824007022163704,0.0453149001536097,0.0370858020627607,1,,,,,,,,,,,participant_x_stimulus,0.03708580206276069,-0.034929401520639655,0.1160899987444281,0.672,audit,0.5487009014037709,0.3823052068065222,1.3877787807814457e-17,-0.06872040548876927,-0.17787598114456435
35,CASE,arousal,subject,all,linear_logistic,20260923,1.0,0.3966689249805574,0.0810350529100529,144.0,0.61,0.0260100766358442,0.0037946428571428,0.3706588483447132,0.0772404100529101,0.226101897490275,1.0,0.7660402542440875,0.7211119272153863,0.5249699476954799,0.6835125971705114,0.4662217517610177,0.7771054843967231,0.0702216370419135,0.0453149001536097,0.0249067368883038,1,,,,,,,,,,,participant_x_stimulus,0.024906736888303804,-0.05148381488397717,0.10581372287124392,0.5034,audit,0.7660402577637673,0.548866035358949,3.469446951953614e-18,0.06691274462695694,-0.14878469306550862
36,CASE,arousal,subject,all,linear_logistic,20261007,0.25,0.1170927637146502,0.0346901555234888,144.0,0.5916666666666668,0.0311814436282445,-0.0161896745230078,0.0859113200864057,0.0508798300464966,0.0508308643844567,1.0,0.1307010262263505,0.1061318194138435,0.1498230457405375,0.1756084046042178,0.1307010262263505,0.1313030346347736,0.0829493087557603,0.0721966205837173,0.010752688172043,0,,,,,,,,,,,participant_x_stimulus,0.010752688172043001,-0.06032781833782792,0.09650765061378473,0.4206,heldout,0.1307010270558923,0.1294553867885759,1.734723475976807e-18,-0.0007237712879812203,0.0003240613048852946
37,CASE,arousal,subject,all,linear_logistic,20261007,0.5,0.2024594201352064,0.1171616963283629,144.0,0.5916666666666668,0.0311814436282445,-0.0161896745230078,0.1712779765069619,0.1333513708513707,0.1013394694332858,1.0,0.5159346129981399,0.4570208927087357,0.3881308328078739,0.4308863819093522,0.5159346129981399,0.5136787576998064,0.054092604783849,0.0721966205837173,-0.0181040157998682,0,,,,,,,,,,,participant_x_stimulus,-0.01810401579986831,-0.09248011168092489,0.06470950450748196,0.1494,heldout,0.5159346122007644,0.3613290125399011,1.1102230246251565e-16,0.08943371558502725,0.1356298687636932
38,CASE,arousal,subject,all,linear_logistic,20261007,0.75,0.2884480781753084,0.1381513548180214,144.0,0.5916666666666668,0.0311814436282445,-0.0161896745230078,0.2572666345470639,0.1543410293410292,0.1522160921070128,1.0,0.746346565668526,0.6991217919153062,0.539659153358177,0.5420656396230952,0.6178470805994739,0.745403247698387,0.043339916611806,0.0721966205837173,-0.0288567039719113,0,,,,,,,,,,,participant_x_stimulus,-0.028856703971911313,-0.13069872744381428,0.07650149427354336,0.1736,heldout,0.7463465523347308,0.5307569257181295,1.3877787807814457e-17,0.20047754362289508,0.27533026198417904
39,CASE,arousal,subject,all,linear_logistic,20261007,1.0,0.37489510182337,0.0756824194324194,144.0,0.5916666666666668,0.0311814436282445,-0.0161896745230078,0.3437136581951255,0.0918720939554272,0.2033639144321159,1.0,0.6924080729647292,0.6399851460399584,0.4666542773244521,0.5464159836458712,0.4388408398134585,0.7063420281401446,0.0068027210884353,0.0721966205837173,-0.065393899495282,0,,,,,,,,,,,participant_x_stimulus,-0.06539389949528196,-0.15701146572828292,0.027746683079749333,0.0364,heldout,0.6924080635227946,0.485121175779594,4.163336342344337e-17,0.22899588581390562,0.2440863712416106
40,CASE,arousal,subject,baseline_delta,gpu_mlp,20260813,0.25,0.1267108232576877,0.0667548500881834,72.0,0.2249999999999999,0.0365492250875,0.0232363315696649,0.0901615981701877,0.0435185185185185,0.0202863595882922,4.0,0.155492205160065,0.1269432818265939,0.1457156646672146,0.1900927003907178,0.180079162478761,0.155405018268516,-0.020408163265306,0.0044985736229976,-0.0249067368883036,0,,,,,,,,,,,participant_x_stimulus,-0.024906736888303693,-0.10067820996046066,0.03359066415578121,0.0614,audit,0.1554922062314661,0.145847194991039,9.367506770274758e-17,0.0017220145316501866,0.002906421911974634
41,CASE,arousal,subject,baseline_delta,gpu_mlp,20260813,0.5,0.2162984522895039,0.1039792768959435,72.0,0.2249999999999999,0.0365492250875,0.0232363315696649,0.1797492272020039,0.0807429453262786,0.0404435761204508,4.0,0.3483452550395486,0.2968334541872975,0.2625155681255737,0.2753081090999726,0.3893670248494572,0.3386640304157649,-0.0170068027210883,0.0044985736229976,-0.0215053763440859,0,,,,,,,,,,,participant_x_stimulus,-0.021505376344086002,-0.07092575747519732,0.02500101947225629,0.037,audit,0.3483452597734151,0.2610731615653764,1.0408340855860843e-16,0.04672708904947205,0.0531852243168669
42,CASE,arousal,subject,baseline_delta,gpu_mlp,20260813,0.75,0.3036472557408926,0.1474426807760141,72.0,0.2249999999999999,0.0365492250875,0.0232363315696649,0.2670980306533925,0.1242063492063492,0.0600970568970133,4.0,0.6279503714437106,0.5713428630321921,0.4408819297543923,0.3886640880465613,0.5343016642251409,0.6116572142292531,-0.0155804257186744,0.0044985736229976,-0.020078999341672,0,,,,,,,,,,,participant_x_stimulus,-0.02007899934167212,-0.07220187839120626,0.031254419311881,0.0648,audit,0.6279503596633607,0.4363485658920352,1.214306433183765e-16,0.17908999077254445,0.20392158324530824
43,CASE,arousal,subject,baseline_delta,gpu_mlp,20260813,1.0,0.3965173292852062,0.1087742504409171,72.0,0.2249999999999999,0.0365492250875,0.0232363315696649,0.3599681041977062,0.0855379188712522,0.0809928234444838,4.0,0.60754161828897,0.5500538844089178,0.4216069179154643,0.4754951469166513,0.5167559497950612,0.5873723665360838,-0.009655475093263,0.0044985736229976,-0.0141540487162606,0,,,,,,,,,,,participant_x_stimulus,-0.014154048716260692,-0.06949934754520655,0.047226099204271975,0.1268,audit,0.6075416139507789,0.4219021815237598,9.194034422677078e-17,0.14402720184391762,0.19110536190740968
44,CASE,arousal,subject,baseline_delta,gpu_mlp,20260829,0.25,0.1111616285601198,0.0993386243386243,72.0,0.2649999999999999,0.0238927210038301,-0.0119047619047619,0.0872689075562896,0.1112433862433862,0.0231262605024167,4.0,0.2459843106447982,0.2048509144603429,0.2091006832938359,0.2398357326357121,0.2679775052470438,0.2441612891726296,0.0181040157998684,0.0234803598858899,-0.0053763440860215,0,,,,,,,,,,,participant_x_stimulus,-0.005376344086021501,-0.06894802115857601,0.060903617739677354,0.2148,heldout,0.245984310732306,0.2014424957642759,8.673617379884035e-19,0.0007940383164416288,0.019929202026707366
45,CASE,arousal,subject,baseline_delta,gpu_mlp,20260829,0.5,0.1988626778661279,0.0903218694885361,72.0,0.2649999999999999,0.0238927210038301,-0.0119047619047619,0.1749699568622978,0.102226631393298,0.0463670385685089,4.0,0.3201077888730307,0.271034892132841,0.2502047390504867,0.2463868764132152,0.3456898981158695,0.3131468194490405,0.0302830809743253,0.0234803598858899,0.0068027210884354,0,,,,,,,,,,,participant_x_stimulus,0.006802721088435382,-0.06729084122925996,0.09065934270620346,0.397,heldout,0.3201077874326808,0.2447129542390786,1.8214596497756474e-17,-0.017278931953091173,0.042584565602628986
46,CASE,arousal,subject,baseline_delta,gpu_mlp,20260829,0.75,0.2867253537314868,0.0887566137566137,72.0,0.2649999999999999,0.0238927210038301,-0.0119047619047619,0.2628326327276566,0.1006613756613756,0.069650647672829,4.0,0.4327672101291954,0.3759740924750736,0.3136867117764125,0.2821667206514278,0.4205109910120318,0.4219970304647611,0.0336844415185429,0.0234803598858899,0.010204081632653,0,,,,,,,,,,,participant_x_stimulus,0.010204081632653073,-0.06472491975873708,0.08669093586504455,0.4352,heldout,0.4327672097064167,0.3105193843650582,7.28583859910259e-17,-0.01553933744649553,0.09086516973062288
47,CASE,arousal,subject,baseline_delta,gpu_mlp,20260829,1.0,0.3743323249064237,0.0481812169312169,72.0,0.2649999999999999,0.0238927210038301,-0.0119047619047619,0.3504396039025936,0.0600859788359788,0.0928664950341872,4.0,0.4035026328852775,0.3481925416057851,0.2902660640619117,0.2443434373690347,0.3133348929599548,0.3868264763294526,0.0283080974325214,0.0234803598858899,0.0048277375466315,0,,,,,,,,,,,participant_x_stimulus,0.004827737546631572,-0.06883670818060636,0.08303960226476191,0.3508,heldout,0.4035026439814114,0.2932233338741298,7.19910242530375e-17,-0.0005375037995385308,0.07683446017173023
48,CASE,arousal,subject,baseline_delta,gpu_mlp,20260911,0.25,0.1124599619382495,0.0501058201058201,72.0,0.265,0.0247970641829933,0.0,0.0876628977552562,0.0501058201058201,0.0232306679051428,4.0,0.1327264519308554,0.1078237343302954,0.1341273871431561,0.1391939499288954,0.1465616732122337,0.1332563869115164,0.0161290322580645,-0.0028527540048277,0.0189817862628921,0,,,,,,,,,,,participant_x_stimulus,0.018981786262892264,-0.038097104802727697,0.09416158422827718,0.5092,audit,0.1327264507177455,0.1308231734826187,1.6306400674181987e-16,-0.0014366895361863086,0.0005016080000667736
49,CASE,arousal,subject,baseline_delta,gpu_mlp,20260911,0.5,0.2009020256223732,0.0624074074074074,72.0,0.265,0.0247970641829933,0.0,0.1761049614393799,0.0624074074074074,0.0466678147814356,4.0,0.2355591806081102,0.19571656406042,0.1982626689785945,0.2035486611479486,0.2569378971686635,0.2353166285104026,0.0181040157998683,-0.0028527540048277,0.020956769804696,1,,,,,,,,,,,participant_x_stimulus,0.020956769804696074,-0.04272002223879098,0.10184462517499916,0.5286,audit,0.2355591803923419,0.1952555272290011,7.28583859910259e-17,-0.025245615570647237,-0.06324389977304501
50,CASE,arousal,subject,baseline_delta,gpu_mlp,20260911,0.75,0.2879835927376664,0.0964021164021163,72.0,0.265,0.0247970641829933,0.0,0.263186528554673,0.0964021164021163,0.0697444300669883,4.0,0.4624132159318764,0.404503986904654,0.3321772031229761,0.3083795637886603,0.4496399648597136,0.4504662292261149,0.0195303928022821,-0.0028527540048277,0.0223831468071098,1,,,,,,,,,,,participant_x_stimulus,0.022383146807109955,-0.025488213822245594,0.08928762339055535,0.567,audit,0.4624132120335844,0.3283039814255596,1.5612511283791264e-16,-0.046037393066157596,-0.16217598677270711
51,CASE,arousal,subject,baseline_delta,gpu_mlp,20260911,1.0,0.3767561183970306,0.0738227513227513,72.0,0.265,0.0247970641829933,0.0,0.3519590542140373,0.0738227513227513,0.0932691493667198,4.0,0.5033192181458173,0.4445231739042963,0.3522520115659209,0.3813340695824603,0.4045928402386257,0.4837994627485167,0.0410357691463681,-0.0028527540048277,0.0438885231511958,1,,,,,,,,,,,participant_x_stimulus,0.04388852315119596,-0.014925372786819935,0.12320705875754354,0.7966,audit,0.5033192201017429,0.3534195438050951,1.5959455978986625e-16,-0.1103953008953941,-0.17137448921287038
52,CASE,arousal,subject,baseline_delta,gpu_mlp,20260923,0.25,0.1186404958243567,0.0546296296296296,72.0,0.2599999999999999,0.0260100766358442,0.0037946428571428,0.0926304191885125,0.0508349867724867,0.0240839089890132,4.0,0.1431320816389888,0.1165393578327206,0.140787554852479,0.17604571893322,0.1588726710780484,0.1434832846249914,0.0093263111696291,0.0311608514373491,-0.02183454026772,0,,,,,,,,,,,participant_x_stimulus,-0.021834540267720026,-0.08451787326484919,0.05035056527703987,0.113,heldout,0.1431320815903931,0.137765839332914,2.7755575615628914e-17,0.00029459554310639583,0.0015073662932966678
53,CASE,arousal,subject,baseline_delta,gpu_mlp,20260923,0.5,0.2113393091547433,0.0521494708994708,72.0,0.2599999999999999,0.0260100766358442,0.0037946428571428,0.1853292325188991,0.048354828042328,0.0481856004549137,4.0,0.214796828222461,0.1776498682636515,0.1843876177955402,0.1752075988232025,0.2362456682752373,0.216540183171604,0.0283080974325213,0.0311608514373491,-0.0028527540048278,0,,,,,,,,,,,participant_x_stimulus,-0.002852754004827762,-0.0676363104954362,0.06769179925322533,0.2394,heldout,0.2147968303615332,0.1828064881531788,3.7730235602495554e-17,-0.002597509626897117,0.012719466222462963
54,CASE,arousal,subject,baseline_delta,gpu_mlp,20260923,0.75,0.3038917637866631,0.065963955026455,72.0,0.2599999999999999,0.0260100766358442,0.0037946428571428,0.2778816871508189,0.0621693121693121,0.0722492386592129,4.0,0.3652724188733887,0.3124576958652739,0.2712761248375511,0.263910737050105,0.3420798870957537,0.356372957176138,0.0234803598858898,0.0311608514373491,-0.0076804915514593,0,,,,,,,,,,,participant_x_stimulus,-0.007680491551459334,-0.07933007460087538,0.06135989390313619,0.184,heldout,0.3652724216760204,0.2708980808035023,3.382710778154774e-17,0.025308414412956944,0.060038171854043615
55,CASE,arousal,subject,baseline_delta,gpu_mlp,20260923,1.0,0.3966689249805574,0.0810350529100529,72.0,0.2599999999999999,0.0260100766358442,0.0037946428571428,0.3706588483447132,0.0772404100529101,0.0963713005696254,4.0,0.5527556471799239,0.4939275869102283,0.3834600425919252,0.402054917401753,0.4369552471599663,0.5305890142484558,0.0328066710555189,0.0311608514373491,0.0016458196181697,0,,,,,,,,,,,participant_x_stimulus,0.001645819618169786,-0.06581376791000366,0.0793837662786244,0.2568,heldout,0.5527556420766437,0.3849488632361701,8.586881206085195e-17,0.07116761092827584,0.15735317254074305
56,CASE,arousal,subject,baseline_delta,gpu_mlp,20261007,0.25,0.1170927637146502,0.0346901555234888,72.0,0.2333333333333332,0.0311814436282445,-0.0161896745230078,0.0859113200864057,0.0508798300464966,0.0200459746868279,4.0,0.1004510597687883,0.0810381500430515,0.1077592093149015,0.1167088405244145,0.116231944242809,0.10221603685632,0.0238095238095238,0.010204081632653,0.0136054421768708,0,,,,,,,,,,,participant_x_stimulus,0.013605442176870763,-0.04250839576125145,0.0648129131644964,0.398,audit,0.1004510612656225,0.1082528977284191,3.642919299551295e-17,0.004581987667176365,-0.00162827415720972
57,CASE,arousal,subject,baseline_delta,gpu_mlp,20261007,0.5,0.2024594201352064,0.1171616963283629,72.0,0.2333333333333332,0.0311814436282445,-0.0161896745230078,0.1712779765069619,0.1333513708513707,0.0399648611849577,4.0,0.3901053348884792,0.3355984776773068,0.2891528723140024,0.2997279586653391,0.4296562974979181,0.378265048767981,0.0320386219003729,0.010204081632653,0.0218345402677198,1,,,,,,,,,,,participant_x_stimulus,0.021834540267719915,-0.04035839177668094,0.08986279629170889,0.5226,audit,0.3901053331695092,0.2853716676466677,1.1449174941446927e-16,-0.03872244493262031,-0.13872214877382938
58,CASE,arousal,subject,baseline_delta,gpu_mlp,20261007,0.75,0.2884480781753084,0.1381513548180214,72.0,0.2333333333333332,0.0311814436282445,-0.0161896745230078,0.2572666345470639,0.1543410293410292,0.0600288813943148,4.0,0.5875525746512135,0.5294048309319926,0.4128203383861031,0.3697677661869217,0.5341834422250871,0.5715422756002283,-0.0132762782532367,0.010204081632653,-0.0234803598858897,0,,,,,,,,,,,participant_x_stimulus,-0.023480359885889812,-0.09274154454469681,0.035436150245368433,0.068,audit,0.5875525610406861,0.4081336736470717,1.1102230246251565e-16,0.15424394773528322,0.1786449164208147
59,CASE,arousal,subject,baseline_delta,gpu_mlp,20261007,1.0,0.37489510182337,0.0756824194324194,72.0,0.2333333333333332,0.0311814436282445,-0.0161896745230078,0.3437136581951255,0.0918720939554272,0.0801998535788626,4.0,0.4675850300369163,0.40952151065384,0.3291151008540372,0.3283620709920883,0.3896537335124047,0.4480519174187496,-0.0152512617950406,0.010204081632653,-0.0254553434276936,0,,,,,,,,,,,participant_x_stimulus,-0.025455343427693733,-0.09806016627699136,0.04558311291038983,0.0962,audit,0.4675850292310766,0.3314392549256172,1.3183898417423734e-16,0.08258933287900809,0.10878377985537846
60,CASE,arousal,subject,baseline_delta,linear_logistic,20260813,0.25,0.1267108232576877,0.0667548500881834,72.0,0.2249999999999999,0.0365492250875,0.0232363315696649,0.0901615981701877,0.0435185185185185,0.0202863595882922,1.0,0.1037073119217663,0.0837236766272517,0.0968346812104487,0.1285384145211505,0.1212818220823686,0.1037757735827082,0.0053763440860215,-0.0175554092604783,0.0229317533464998,1,,,,,,,,,,,participant_x_stimulus,0.022931753346499884,-0.03629107978194952,0.09594610352069138,0.5462,heldout,0.1037073126801675,0.1106150806440877,8.326672684688674e-17,0.006065556361230406,0.012335046565284502
61,CASE,arousal,subject,baseline_delta,linear_logistic,20260813,0.5,0.2162984522895039,0.1039792768959435,72.0,0.2249999999999999,0.0365492250875,0.0232363315696649,0.1797492272020039,0.0807429453262786,0.0404435761204508,1.0,0.2514569673636085,0.209662896163278,0.18283930161478,0.1927262949315553,0.2860778982954413,0.2475681686976499,0.0206276058810621,-0.0175554092604783,0.0381830151415404,1,,,,,,,,,,,participant_x_stimulus,0.038183015141540544,-0.03535802410915494,0.1270590245723724,0.6894,heldout,0.2514569712888736,0.2046760091592443,1.457167719820518e-16,-0.04316325089991452,-0.07222358457484035
62,CASE,arousal,subject,baseline_delta,linear_logistic,20260813,0.75,0.3036472557408926,0.1474426807760141,72.0,0.2249999999999999,0.0365492250875,0.0232363315696649,0.2670980306533925,0.1242063492063492,0.0600970568970133,1.0,0.5147202068616227,0.4558145804478953,0.3313961809934773,0.2854742563755469,0.418943114370186,0.5046196581071394,0.0254553434276936,-0.0175554092604783,0.0430107526881719,1,,,,,,,,,,,participant_x_stimulus,0.043010752688172005,-0.033675840497016905,0.13605361394584176,0.7086,heldout,0.5147201942667026,0.3605638547679982,1.0408340855860843e-16,-0.0835397793167699,-0.17338209397661491
63,CASE,arousal,subject,baseline_delta,linear_logistic,20260813,1.0,0.3965173292852062,0.1087742504409171,72.0,0.2249999999999999,0.0365492250875,0.0232363315696649,0.3599681041977062,0.0855379188712522,0.0809928234444838,1.0,0.4931139726064075,0.4344672544670178,0.3142177699032202,0.3629382133151519,0.4019162339756844,0.4802922045950005,0.0019749835418039,-0.0175554092604783,0.0195303928022822,0,,,,,,,,,,,participant_x_stimulus,0.019530392802282304,-0.06071994183585048,0.10751104410737744,0.5066,heldout,0.4931139680586565,0.3470815097046613,1.0408340855860843e-16,-0.025264275688581146,0.1226958111156868
64,CASE,arousal,subject,baseline_delta,linear_logistic,20260829,0.25,0.1111616285601198,0.0993386243386243,72.0,0.2649999999999999,0.0238927210038301,-0.0119047619047619,0.0872689075562896,0.1112433862433862,0.0231262605024167,1.0,0.170133495450459,0.1393399226915033,0.1425037680386969,0.1654648133178608,0.1870271019827028,0.1686742651928914,-0.0288567039719114,-0.0249067368883036,-0.0039499670836078,0,,,,,,,,,,,participant_x_stimulus,-0.0039499670836077305,-0.05517612136900425,0.049907493311911785,0.1676,audit,0.1701334955170717,0.1552208792979241,6.938893903907228e-17,-0.00014682402982154157,0.004851884926836726
65,CASE,arousal,subject,baseline_delta,linear_logistic,20260829,0.5,0.1988626778661279,0.0903218694885361,72.0,0.2649999999999999,0.0238927210038301,-0.0119047619047619,0.1749699568622978,0.102226631393298,0.0463670385685089,1.0,0.22832163426206,0.1893998768158452,0.1733864768658714,0.1704399870787788,0.2492576699752182,0.2272958296011327,-0.0166776387974545,-0.0249067368883036,0.0082290980908491,0,,,,,,,,,,,participant_x_stimulus,0.008229098090849152,-0.0638599120080471,0.08202777002006768,0.3898,audit,0.2283216330960156,0.1909367294657987,5.204170427930421e-17,-0.013471337389581128,0.015673933480535966
66,CASE,arousal,subject,baseline_delta,linear_logistic,20260829,0.75,0.2867253537314868,0.0887566137566137,72.0,0.2649999999999999,0.0238927210038301,-0.0119047619047619,0.2628326327276566,0.1006613756613756,0.069650647672829,1.0,0.3240752842682898,0.2746398510765866,0.2231794871047138,0.1980899426637726,0.3131976450084592,0.3217919853267624,-0.0087777046302391,-0.0249067368883036,0.0161290322580645,0,,,,,,,,,,,participant_x_stimulus,0.016129032258064502,-0.052968057524412866,0.09802905898541207,0.4548,audit,0.3240752838910291,0.2470114553960865,3.469446951953614e-18,-0.02608712786684151,0.04401013053215827
67,CASE,arousal,subject,baseline_delta,linear_logistic,20260829,1.0,0.3743323249064237,0.0481812169312169,72.0,0.2649999999999999,0.0238927210038301,-0.0119047619047619,0.3504396039025936,0.0600859788359788,0.0928664950341872,1.0,0.2982954833983782,0.2513303474769707,0.2045027869694688,0.1688852672751658,0.2228542104066156,0.288925186903277,-0.0147026552556507,-0.0249067368883036,0.0102040816326528,0,,,,,,,,,,,participant_x_stimulus,0.010204081632652962,-0.062313861586153506,0.08198113292455667,0.3952,audit,0.2982954930481655,0.2320622139299341,1.6132928326584306e-16,-0.017223453776264448,0.035127330038785654
68,CASE,arousal,subject,baseline_delta,linear_logistic,20260911,0.25,0.1124599619382495,0.0501058201058201,72.0,0.265,0.0247970641829933,0.0,0.0876628977552562,0.0501058201058201,0.0232306679051428,1.0,0.0877357520705199,0.0705873452561324,0.0887299867120324,0.0922441182391656,0.0974079370902678,0.08818451252724,0.0019749835418038,-0.0209567698046959,0.0229317533464997,1,,,,,,,,,,,participant_x_stimulus,0.022931753346499772,-0.04520723316818476,0.09314847551286214,0.5462,heldout,0.0877357512270223,0.0988005841256449,7.28583859910259e-17,0.010023230078256617,0.020065672417046487
69,CASE,arousal,subject,baseline_delta,linear_logistic,20260911,0.5,0.2009020256223732,0.0624074074074074,72.0,0.265,0.0247970641829933,0.0,0.1761049614393799,0.0624074074074074,0.0466678147814356,1.0,0.1622313662768243,0.1326394433935071,0.1345304274788043,0.1383816506405756,0.1785091045944954,0.1655542739763608,0.0,-0.0209567698046959,0.0209567698046959,1,,,,,,,,,,,participant_x_stimulus,0.020956769804695963,-0.030784216616302727,0.07567219845950601,0.511,heldout,0.1622313661139687,0.1501865391374435,6.245004513516506e-17,-0.008546793556887033,-0.02032663433992865
70,CASE,arousal,subject,baseline_delta,linear_logistic,20260911,0.75,0.2879835927376664,0.0964021164021163,72.0,0.265,0.0247970641829933,0.0,0.263186528554673,0.0964021164021163,0.0697444300669883,1.0,0.3508813605245351,0.2991666953486037,0.2381864923373479,0.2188737067123023,0.3392447842792576,0.3477470561738391,0.0059249506254115,-0.0209567698046959,0.0268817204301074,1,,,,,,,,,,,participant_x_stimulus,0.026881720430107503,-0.025487086037173867,0.08711587861180303,0.6028,heldout,0.3508813569527945,0.2625437596451143,1.0408340855860843e-16,-0.05231130638569641,-0.12248669368691745
71,CASE,arousal,subject,baseline_delta,linear_logistic,20260911,1.0,0.3767561183970306,0.0738227513227513,72.0,0.265,0.0247970641829933,0.0,0.3519590542140373,0.0738227513227513,0.0932691493667198,1.0,0.389061477290389,0.3346204475149902,0.254747847867768,0.2792015457804948,0.2992440376186431,0.3777468049063125,0.0229317533464998,-0.0209567698046959,0.0438885231511957,1,,,,,,,,,,,participant_x_stimulus,0.043888523151195846,-0.023495654249563812,0.1219474492594599,0.7736,heldout,0.3890614791501073,0.2847613452437356,1.457167719820518e-16,-0.09109335636649091,-0.1383204569992959
72,CASE,arousal,subject,baseline_delta,linear_logistic,20260923,0.25,0.1186404958243567,0.0546296296296296,72.0,0.2599999999999999,0.0260100766358442,0.0037946428571428,0.0926304191885125,0.0508349867724867,0.0240839089890132,1.0,0.0950005230991324,0.0765513296004116,0.093379027107772,0.1183751976593208,0.1061034004396058,0.0953585848014161,0.0517884573184111,0.0498134737766075,0.0019749835418036,0,,,,,,,,,,,participant_x_stimulus,0.0019749835418036987,-0.056270884722471236,0.06111414451152082,0.254,audit,0.0950005230650664,0.1042476649491917,9.8879238130678e-17,0.0028550718124129328,-0.0018424762647227186
73,CASE,arousal,subject,baseline_delta,linear_logistic,20260923,0.5,0.2113393091547433,0.0521494708994708,72.0,0.2599999999999999,0.0260100766358442,0.0037946428571428,0.1853292325188991,0.048354828042328,0.0481856004549137,1.0,0.1466919337780947,0.1195300801586001,0.1244233751058688,0.1177723917468068,0.1627496519221548,0.1511397932752678,0.0820715382927365,0.0498134737766075,0.032258064516129,1,,,,,,,,,,,participant_x_stimulus,0.032258064516129004,-0.011696352227590977,0.08552809450775382,0.6932,audit,0.1466919353656454,0.1401107020454667,6.938893903907228e-18,-0.007236706801450554,-0.01127495156671221
74,CASE,arousal,subject,baseline_delta,linear_logistic,20260923,0.75,0.3038917637866631,0.065963955026455,72.0,0.2599999999999999,0.0260100766358442,0.0037946428571428,0.2778816871508189,0.0621693121693121,0.0722492386592129,1.0,0.2655949120650752,0.2221483698500955,0.1896246076730869,0.1838802302681547,0.2462756554837914,0.2638707727065601,0.0498134737766075,0.0498134737766075,0.0,0,,,,,,,,,,,participant_x_stimulus,0.0,-0.06875000149011612,0.06406914852559563,0.2766,audit,0.2655949144229307,0.2129903062955414,0.0,-0.003925081224616424,0.025175787991455353
75,CASE,arousal,subject,baseline_delta,linear_logistic,20260923,1.0,0.3966689249805574,0.0810350529100529,72.0,0.2599999999999999,0.0260100766358442,0.0037946428571428,0.3706588483447132,0.0772404100529101,0.0963713005696254,1.0,0.4371528747807139,0.3801699635500912,0.2810657552109916,0.2970372693621518,0.327819364592188,0.4229323221123925,0.0537634408602151,0.0498134737766075,0.0039499670836076,0,,,,,,,,,,,participant_x_stimulus,0.0039499670836076195,-0.05071306228637695,0.06521858964115379,0.2608,audit,0.437152869701516,0.3131318600964662,1.9081958235744878e-17,0.028361711070803777,0.09305106968079775
76,CASE,arousal,subject,baseline_delta,linear_logistic,20261007,0.25,0.1170927637146502,0.0346901555234888,72.0,0.2333333333333332,0.0311814436282445,-0.0161896745230078,0.0859113200864057,0.0508798300464966,0.0200459746868279,1.0,0.065573651263102,0.0525076191062357,0.0705592427089129,0.07666770457864,0.0763402837179087,0.066804302991158,0.0082290980908492,0.0487162606978275,-0.0404871626069783,0,,,,,,,,,,,participant_x_stimulus,-0.040487162606978266,-0.09499266184866428,0.0026763963745906573,0.0036,heldout,0.0655736522781085,0.0812386349914826,3.469446951953614e-17,-0.002187024066652761,-0.0022998119421890556
77,CASE,arousal,subject,baseline_delta,linear_logistic,20261007,0.5,0.2024594201352064,0.1171616963283629,72.0,0.2333333333333332,0.0311814436282445,-0.0161896745230078,0.1712779765069619,0.1333513708513707,0.0399648611849577,1.0,0.2867123138225559,0.2409446858884594,0.203624139181953,0.2119636091635103,0.3213031224489728,0.2802731674125812,0.043339916611806,0.0487162606978275,-0.0053763440860215,0,,,,,,,,,,,participant_x_stimulus,-0.005376344086021501,-0.062393246218562126,0.049547562468796956,0.1782,heldout,0.2867123123450044,0.2253261468866784,8.673617379884035e-19,0.009554048210075003,0.03143207757942238
78,CASE,arousal,subject,baseline_delta,linear_logistic,20261007,0.75,0.2884480781753084,0.1381513548180214,72.0,0.2333333333333332,0.0311814436282445,-0.0161896745230078,0.2572666345470639,0.1543410293410292,0.0600288813943148,1.0,0.4723584495735402,0.4141632785971776,0.3064833320013034,0.2693841736363936,0.4188274613454599,0.4633907521640885,0.0130568356374808,0.0487162606978275,-0.0356594250603467,0,,,,,,,,,,,participant_x_stimulus,-0.035659425060346694,-0.11183223910629748,0.02457679407671085,0.0372,heldout,0.4723584355754013,0.334342556417868,6.938893903907228e-18,0.10106916521788484,0.11133754662720532
79,CASE,arousal,subject,baseline_delta,linear_logistic,20261007,1.0,0.37489510182337,0.0756824194324194,72.0,0.2333333333333332,0.0311814436282445,-0.0161896745230078,0.3437136581951255,0.0918720939554272,0.0801998535788626,1.0,0.3556309641943824,0.30354362645054,0.2356850451581009,0.235027283971335,0.2863242131611861,0.3447622701375387,0.0189817862628922,0.0487162606978275,-0.0297344744349353,0,,,,,,,,,,,participant_x_stimulus,-0.029734474434935265,-0.10044602211564779,0.030570802465081193,0.0522,heldout,0.3556309634526077,0.2652990711018189,3.469446951953614e-17,0.046659135477319674,0.05608978503874204
80,CASE,arousal,subject,facial_emg,gpu_mlp,20260813,0.25,0.1267108232576877,0.0667548500881834,54.0,0.4083333333333333,0.0365492250875,0.0232363315696649,0.0901615981701877,0.0435185185185185,0.0368159859194933,4.0,0.2146913238681317,0.1775584830199442,0.2081602680826376,0.2656582153015973,0.2146913238681317,0.2144729899037424,0.0283080974325213,0.0288567039719113,-0.0005486065393899,0,,,,,,,,,,,participant_x_stimulus,-0.0005486065393899286,-0.05456659635528922,0.051723104249686,0.2042,audit,0.2146913242901788,0.1827427297884727,2.862293735361732e-17,-0.0003503465595688011,0.01269745943492797
81,CASE,arousal,subject,facial_emg,gpu_mlp,20260813,0.5,0.2162984522895039,0.1039792768959435,54.0,0.4083333333333333,0.0365492250875,0.0232363315696649,0.1797492272020039,0.0807429453262786,0.0733976011074849,4.0,0.4708890860350302,0.4127333381451784,0.3624642822360752,0.3878630100715428,0.4708890860350302,0.4680853395747729,-0.0068027210884353,0.0288567039719113,-0.0356594250603466,0,,,,,,,,,,,participant_x_stimulus,-0.035659425060346694,-0.0861829549074173,0.010533814877271614,0.0074,audit,0.4708890893176825,0.3334478666335609,9.71445146547012e-17,0.10851492458023831,0.11054905467596333
82,CASE,arousal,subject,facial_emg,gpu_mlp,20260813,0.75,0.3036472557408926,0.1474426807760141,54.0,0.4083333333333333,0.0365492250875,0.0232363315696649,0.2670980306533925,0.1242063492063492,0.1090650291834686,4.0,0.7585563894264833,0.7127298522433946,0.5659801477332526,0.5283675562147014,0.6416246817536675,0.7444870498853584,0.0498134737766073,0.0288567039719113,0.020956769804696,1,,,,,,,,,,,participant_x_stimulus,0.020956769804696074,-0.035724207945168014,0.08059742283076046,0.5128,audit,0.7585563821579414,0.5418793129501107,7.28583859910259e-17,0.059550592929709656,-0.15157954330640055
83,CASE,arousal,subject,facial_emg,gpu_mlp,20260813,1.0,0.3965173292852062,0.1087742504409171,54.0,0.4083333333333333,0.0365492250875,0.0232363315696649,0.3599681041977062,0.0855379188712522,0.14698697588073,4.0,0.7644068551536103,0.7192798128132843,0.5557358738187098,0.6317977557525416,0.6103709861828331,0.7531015363932867,0.0249067368883036,0.0288567039719113,-0.0039499670836076,0,,,,,,,,,,,participant_x_stimulus,-0.0039499670836076195,-0.07500253729522229,0.07000438626855605,0.2674,audit,0.7644068545218256,0.5473296912390347,1.9081958235744878e-17,0.16865518140449776,0.2847480483281343
84,CASE,arousal,subject,facial_emg,gpu_mlp,20260829,0.25,0.1111616285601198,0.0993386243386243,54.0,0.4333333333333333,0.0238927210038301,-0.0119047619047619,0.0872689075562896,0.1112433862433862,0.0378165266077255,4.0,0.318516573412176,0.2695908996770557,0.2820637149985919,0.3239175540499768,0.318516573412176,0.3173484120735562,0.00054860653939,0.011301294711433,-0.010752688172043,0,,,,,,,,,,,participant_x_stimulus,-0.010752688172043001,-0.07940874807536602,0.05785196321085094,0.1994,heldout,0.3185165717339274,0.243790987237265,1.734723475976807e-18,0.012218197913744847,0.04201876101101381
85,CASE,arousal,subject,facial_emg,gpu_mlp,20260829,0.5,0.1988626778661279,0.0903218694885361,54.0,0.4333333333333333,0.0238927210038301,-0.0119047619047619,0.1749699568622978,0.102226631393298,0.075820314640329,4.0,0.4277971765376841,0.3712294357256017,0.3386468364818563,0.3488448460817256,0.4277971765376841,0.4265983781324723,0.0229317533464998,0.011301294711433,0.0116304586350668,0,,,,,,,,,,,participant_x_stimulus,0.011630458635066843,-0.052447745203971864,0.07774258237332102,0.4178,heldout,0.4277971753127971,0.3075657842357186,4.336808689942018e-17,-0.012051638810931343,0.08841371157307544
86,CASE,arousal,subject,facial_emg,gpu_mlp,20260829,0.75,0.2867253537314868,0.0887566137566137,54.0,0.4333333333333333,0.0238927210038301,-0.0119047619047619,0.2628326327276566,0.1006613756613756,0.1138941408486512,4.0,0.5732041596418804,0.5147043488517039,0.4200406832096986,0.4070471399157081,0.5323529101040951,0.5693134402607497,0.0093263111696291,0.011301294711433,-0.0019749835418039,0,,,,,,,,,,,participant_x_stimulus,-0.0019749835418039208,-0.07773308083415031,0.07289706487208589,0.293,heldout,0.573204152118427,0.398460479704812,2.0816681711721685e-17,0.06739245408483752,0.1697922461192159
87,CASE,arousal,subject,facial_emg,gpu_mlp,20260829,1.0,0.3743323249064237,0.0481812169312169,54.0,0.4333333333333333,0.0238927210038301,-0.0119047619047619,0.3504396039025936,0.0600859788359788,0.1518571616911239,4.0,0.5689057409860155,0.5103200968293465,0.4009015513149772,0.3764026094448214,0.3900015569251694,0.5712103258412918,0.0141540487162606,0.011301294711433,0.0028527540048276,0,,,,,,,,,,,participant_x_stimulus,0.002852754004827651,-0.078125,0.0833333358168602,0.3484,heldout,0.5689057474307786,0.3955944431295839,5.117434254131581e-17,0.0463954691876948,0.16715878602476722
88,CASE,arousal,subject,facial_emg,gpu_mlp,20260911,0.25,0.1124599619382495,0.0501058201058201,54.0,0.4016666666666666,0.0247970641829933,0.0,0.0876628977552562,0.0501058201058201,0.0352112639316945,4.0,0.1701197673698975,0.1393282619708255,0.1760649112651531,0.1411673068136509,0.1701197673698975,0.1706100781077247,0.011301294711433,0.0,0.011301294711433,0,,,,,,,,,,,participant_x_stimulus,0.011301294711433041,-0.06361635886132717,0.09542320296168319,0.4104,audit,0.1701197671328343,0.155212180623271,4.163336342344337e-17,-0.007386232851550677,0.004849914155498871
89,CASE,arousal,subject,facial_emg,gpu_mlp,20260911,0.5,0.2009020256223732,0.0624074074074074,54.0,0.4016666666666666,0.0247970641829933,0.0,0.1761049614393799,0.0624074074074074,0.0707354928448175,4.0,0.3098840494830714,0.2617750124358532,0.2593765600840186,0.2206071310889125,0.3098840494830714,0.3107505373712896,-0.0073513276278251,0.0,-0.0073513276278251,0,,,,,,,,,,,participant_x_stimulus,-0.007351327627825199,-0.07302110586315393,0.06690651942044495,0.206,audit,0.3098840508544949,0.2387872950515625,9.974659986866641e-17,0.009716889305141068,0.039008752695949216
90,CASE,arousal,subject,facial_emg,gpu_mlp,20260911,0.75,0.2879835927376664,0.0964021164021163,54.0,0.4016666666666666,0.0247970641829933,0.0,0.263186528554673,0.0964021164021163,0.105713255636127,4.0,0.5765995064701399,0.5181738951350313,0.4195761824897699,0.3397976495801121,0.5354648465987292,0.5691371255693913,0.0229317533464998,0.0,0.0229317533464998,1,,,,,,,,,,,participant_x_stimulus,0.022931753346499884,-0.040075313206762074,0.10507531072944398,0.5368,audit,0.5765995053638968,0.400734543602336,8.326672684688674e-17,-0.016929807797493767,-0.17985110837340376
91,CASE,arousal,subject,facial_emg,gpu_mlp,20260911,1.0,0.3767561183970306,0.0738227513227513,54.0,0.4016666666666666,0.0247970641829933,0.0,0.3519590542140373,0.0738227513227513,0.1413702201093049,4.0,0.6358248151522871,0.5796133336425925,0.447952280705375,0.4232457274556483,0.4749508409581687,0.6280214664222723,0.0014263770024138,0.0,0.0014263770024138,0,,,,,,,,,,,participant_x_stimulus,0.001426377002413881,-0.07001090645790099,0.0881344690918922,0.3206,audit,0.6358248152616252,0.4420372389565969,8.109832250191573e-17,0.0846196811513241,0.20887627507810821
92,CASE,arousal,subject,facial_emg,gpu_mlp,20260923,0.25,0.1186404958243567,0.0546296296296296,54.0,0.415,0.0260100766358442,0.0037946428571428,0.0926304191885125,0.0508349867724867,0.0384416239632326,4.0,0.1895932230231191,0.155939346192422,0.1912008793504583,0.2445799154700967,0.1895932230231191,0.1898956319645744,0.0551898178626288,0.0560675883256527,-0.0008777704630239,0,,,,,,,,,,,participant_x_stimulus,-0.0008777704630238414,-0.0625,0.05971603775396939,0.235,heldout,0.1895932226452381,0.1674019431294598,5.854691731421724e-17,-0.0025077218629278673,0.007922179509487929
93,CASE,arousal,subject,facial_emg,gpu_mlp,20260923,0.5,0.2113393091547433,0.0521494708994708,54.0,0.415,0.0260100766358442,0.0037946428571428,0.1853292325188991,0.048354828042328,0.0769116314953431,4.0,0.2974948321233389,0.2506107350861109,0.2517811681888112,0.2535014850061831,0.2974948321233389,0.3009962911609192,0.032258064516129,0.0560675883256527,-0.0238095238095237,0,,,,,,,,,,,participant_x_stimulus,-0.023809523809523725,-0.08459835797548294,0.0334747358225286,0.0608,heldout,0.2974948358549395,0.2315971183307037,2.42861286636753e-17,0.02685278969032436,0.03486595214127144
94,CASE,arousal,subject,facial_emg,gpu_mlp,20260923,0.75,0.3038917637866631,0.065963955026455,54.0,0.415,0.0260100766358442,0.0037946428571428,0.2778816871508189,0.0621693121693121,0.1153209001675898,4.0,0.4961043246392995,0.4374088535005871,0.3637285698180153,0.374887344201442,0.4402997282724665,0.4978857825160798,0.0249067368883035,0.0560675883256527,-0.0311608514373492,0,,,,,,,,,,,participant_x_stimulus,-0.031160851437349146,-0.09914999678730964,0.03155273618176576,0.0488,heldout,0.4961043273737086,0.3489333347475307,5.204170427930421e-17,0.11000114266057254,0.12436503154088752
95,CASE,arousal,subject,facial_emg,gpu_mlp,20260923,1.0,0.3966689249805574,0.0810350529100529,54.0,0.415,0.0260100766358442,0.0037946428571428,0.3706588483447132,0.0772404100529101,0.153823422063056,4.0,0.7003570235946774,0.6486013187843814,0.4963262500175751,0.5560599439507007,0.5078259233764548,0.6915948458296846,0.0356594250603465,0.0560675883256527,-0.0204081632653062,0,,,,,,,,,,,participant_x_stimulus,-0.020408163265306145,-0.08020258098840713,0.0412485253997147,0.0976,heldout,0.7003570234213927,0.4915301132726629,5.551115123125783e-17,0.20813509514080436,0.24889810800183643
96,CASE,arousal,subject,facial_emg,gpu_mlp,20261007,0.25,0.1170927637146502,0.0346901555234888,54.0,0.4133333333333333,0.0311814436282445,-0.0161896745230078,0.0859113200864057,0.0508798300464966,0.035510012302381,4.0,0.1407035658009195,0.1145017459372493,0.1556696118078489,0.1661901285288679,0.1407035658009195,0.1418518926289936,-0.0076804915514592,-0.0136054421768707,0.0059249506254114,0,,,,,,,,,,,participant_x_stimulus,0.00592495062541154,-0.050844079628586766,0.06878721639513966,0.2878,audit,0.1407035663707015,0.1361576264889259,1.4051260155412137e-16,-0.0013580486576134886,0.001258594338336548
97,CASE,arousal,subject,facial_emg,gpu_mlp,20261007,0.5,0.2024594201352064,0.1171616963283629,54.0,0.4133333333333333,0.0311814436282445,-0.0161896745230078,0.1712779765069619,0.1333513708513707,0.0707948969562109,4.0,0.5107436298846773,0.4518693331478081,0.3910075267353753,0.4134325347113292,0.5107436298846773,0.5068311372129076,-0.0198595567259161,-0.0136054421768707,-0.0062541145490453,0,,,,,,,,,,,participant_x_stimulus,-0.006254114549045342,-0.07696948759257793,0.07635239027440541,0.2478,audit,0.5107436274475524,0.3580640579704525,4.163336342344337e-17,0.056981188735165916,0.13264918336801665
98,CASE,arousal,subject,facial_emg,gpu_mlp,20261007,0.75,0.2884480781753084,0.1381513548180214,54.0,0.4133333333333333,0.0311814436282445,-0.0161896745230078,0.2572666345470639,0.1543410293410292,0.1063368756127864,4.0,0.721431671348095,0.6716092550585744,0.5343810743116293,0.5023038246522089,0.6390051507473994,0.7074209405336301,0.0220539828834759,-0.0136054421768707,0.0356594250603466,1,,,,,,,,,,,participant_x_stimulus,0.035659425060346694,-0.013577124988660216,0.09353712648153296,0.703,audit,0.7214316589184608,0.5090235203162161,9.71445146547012e-17,-0.037287148620026925,-0.16345758294976032
99,CASE,arousal,subject,facial_emg,gpu_mlp,20261007,1.0,0.37489510182337,0.0756824194324194,54.0,0.4133333333333333,0.0311814436282445,-0.0161896745230078,0.3437136581951255,0.0918720939554272,0.1420683120539852,4.0,0.640219508508161,0.5842427993119115,0.4530602611956719,0.4729303522964344,0.4865582466393571,0.6339085641413413,-0.0130568356374807,-0.0136054421768707,0.0005486065393899,0,,,,,,,,,,,participant_x_stimulus,0.0005486065393900397,-0.05876430571079254,0.06347881127148866,0.2504,audit,0.6402195080959057,0.4452415458989422,1.3964523981613297e-16,0.11399602088384425,0.2116409843520836
100,CASE,arousal,subject,facial_emg,linear_logistic,20260813,0.25,0.1267108232576877,0.0667548500881834,54.0,0.4083333333333333,0.0365492250875,0.0232363315696649,0.0901615981701877,0.0435185185185185,0.0368159859194933,1.0,0.1466136351671377,0.1194642491720658,0.1418091642876076,0.185231138788591,0.1466136351671377,0.1467140646545257,-0.033135834979153,-0.0170068027210884,-0.0161290322580646,0,,,,,,,,,,,participant_x_stimulus,-0.016129032258064613,-0.08823809456080198,0.05025055855512618,0.1258,heldout,0.1466136354803408,0.1400592826941701,1.3877787807814457e-17,0.0002298802789562423,0.0018789554399567913
101,CASE,arousal,subject,facial_emg,linear_logistic,20260813,0.5,0.2162984522895039,0.1039792768959435,54.0,0.4083333333333333,0.0365492250875,0.0232363315696649,0.1797492272020039,0.0807429453262786,0.0733976011074849,1.0,0.3586768705788875,0.3063555156314803,0.2632823057324824,0.2847867856116393,0.3586768705788875,0.3585241196376701,-0.0136054421768707,-0.0170068027210884,0.0034013605442176,0,,,,,,,,,,,participant_x_stimulus,0.003401360544217691,-0.054687833879143,0.060536703933030254,0.2432,heldout,0.3586768736095654,0.2670669721162272,9.063930161978817e-17,0.012765275980642777,0.057324332067002465
102,CASE,arousal,subject,facial_emg,linear_logistic,20260813,0.75,0.3036472557408926,0.1474426807760141,54.0,0.4083333333333333,0.0365492250875,0.0232363315696649,0.2670980306533925,0.1242063492063492,0.1090650291834686,1.0,0.6637934115619859,0.6092458691804227,0.4504568971053333,0.4131535648238485,0.529437585770256,0.6593247478305249,0.0019749835418038,-0.0170068027210884,0.0189817862628921,0,,,,,,,,,,,participant_x_stimulus,0.018981786262892264,-0.05089077698066831,0.10860638283193104,0.4886,heldout,0.6637934027050629,0.4628156805407549,1.6306400674181987e-16,0.030027897221401954,0.22642332732036374
103,CASE,arousal,subject,facial_emg,linear_logistic,20260813,1.0,0.3965173292852062,0.1087742504409171,54.0,0.4083333333333333,0.0365492250875,0.0232363315696649,0.3599681041977062,0.0855379188712522,0.14698697588073,1.0,0.6709440143190174,0.6168870334415905,0.4401829313222843,0.5188413089151903,0.4960840482696702,0.6675507283044766,-0.0257845073513276,-0.0170068027210884,-0.0087777046302392,0,,,,,,,,,,,participant_x_stimulus,-0.008777704630239191,-0.06903045661747456,0.06129815699532626,0.1822,heldout,0.6709440135444882,0.4682837006518924,8.673617379884035e-18,0.15702682699689324,0.23087624501495518
104,CASE,arousal,subject,facial_emg,linear_logistic,20260829,0.25,0.1111616285601198,0.0993386243386243,54.0,0.4333333333333333,0.0238927210038301,-0.0119047619047619,0.0872689075562896,0.1112433862433862,0.0378165266077255,1.0,0.2270343195695567,0.1882784774707956,0.1980476737738083,0.2314108172786293,0.2270343195695567,0.2262184799442611,0.0025235900811938,-0.0014263770024137,0.0039499670836075,0,,,,,,,,,,,participant_x_stimulus,0.0039499670836076195,-0.06390891019254923,0.0786755790933966,0.3114,audit,0.2270343182127415,0.1901663550285784,1.196959198423997e-16,-0.00758002840962774,0.015381339061469046
105,CASE,arousal,subject,facial_emg,linear_logistic,20260829,0.5,0.1988626778661279,0.0903218694885361,54.0,0.4333333333333333,0.0238927210038301,-0.0119047619047619,0.1749699568622978,0.102226631393298,0.075820314640329,1.0,0.3196500809645949,0.2706194217991693,0.2434929720211875,0.2518713105906995,0.3196500809645949,0.3201499352923306,-0.0127276717138467,-0.0014263770024137,-0.011301294711433,0,,,,,,,,,,,participant_x_stimulus,-0.01130129471143293,-0.07885807063430547,0.057923734001815275,0.1382,audit,0.3196500798763785,0.2444477621879832,6.938893903907228e-17,0.021635544517189905,0.042421465126262374
106,CASE,arousal,subject,facial_emg,linear_logistic,20260829,0.75,0.2867253537314868,0.0887566137566137,54.0,0.4333333333333333,0.0238927210038301,-0.0119047619047619,0.2628326327276566,0.1006613756613756,0.1138941408486512,1.0,0.4577013780493383,0.3999432257483929,0.3128347018601974,0.3013827581305014,0.4170383233014757,0.4646662544924801,0.0034013605442178,-0.0014263770024137,0.0048277375466315,0,,,,,,,,,,,participant_x_stimulus,0.004827737546631572,-0.06348087433725595,0.07105272617191076,0.307,audit,0.4577013704161069,0.3254565859214129,7.19910242530375e-17,0.022370257481418174,0.1035685551611603
107,CASE,arousal,subject,facial_emg,linear_logistic,20260829,1.0,0.3743323249064237,0.0481812169312169,54.0,0.4333333333333333,0.0238927210038301,-0.0119047619047619,0.3504396039025936,0.0600859788359788,0.1518571616911239,1.0,0.4533490717707762,0.3957393677413985,0.2960865508038817,0.2750037704022953,0.2866231148389163,0.4585934480859173,-0.0204081632653061,-0.0014263770024137,-0.0189817862628924,0,,,,,,,,,,,participant_x_stimulus,-0.018981786262892375,-0.09740005228668451,0.049040094576776,0.1198,audit,0.4533490782831185,0.3228338392885905,2.42861286636753e-17,0.0700322477272527,0.10130369899034161
108,CASE,arousal,subject,facial_emg,linear_logistic,20260911,0.25,0.1124599619382495,0.0501058201058201,54.0,0.4016666666666666,0.0247970641829933,0.0,0.0876628977552562,0.0501058201058201,0.0352112639316945,1.0,0.1141216430029637,0.0923379867426884,0.118414317946201,0.0936242598958526,0.1141216430029637,0.1146544497818341,0.011630458635067,0.0356594250603468,-0.0240289664252797,0,,,,,,,,,,,participant_x_stimulus,-0.02402896642527974,-0.10423720777034759,0.04561653686687335,0.115,heldout,0.1141216428332034,0.1180303913284828,4.163336342344337e-17,-8.411760291280738e-06,-0.0009074239142055403
109,CASE,arousal,subject,facial_emg,linear_logistic,20260911,0.5,0.2009020256223732,0.0624074074074074,54.0,0.4016666666666666,0.0247970641829933,0.0,0.1761049614393799,0.0624074074074074,0.0707354928448175,1.0,0.2200804747345844,0.1822318223284764,0.1804199396469669,0.1510142953184164,0.2200804747345844,0.2219952659264988,-0.0073513276278251,0.0356594250603468,-0.0430107526881719,0,,,,,,,,,,,participant_x_stimulus,-0.043010752688172005,-0.12778101488947868,0.03109637787565583,0.0476,heldout,0.2200804758353164,0.1859925807678417,1.0408340855860843e-16,0.010597008132793576,0.013842175743217167
110,CASE,arousal,subject,facial_emg,linear_logistic,20260911,0.75,0.2879835927376664,0.0964021164021163,54.0,0.4016666666666666,0.0247970641829933,0.0,0.263186528554673,0.0964021164021163,0.105713255636127,1.0,0.4611517991982601,0.4032820378406264,0.3124248896638038,0.2443951593326286,0.4200816970518301,0.4646309896953086,-0.0053763440860215,0.0356594250603468,-0.0410357691463683,0,,,,,,,,,,,participant_x_stimulus,-0.041035769146368306,-0.1238747276365757,0.03125,0.0514,heldout,0.4611517980722683,0.3275408710210651,6.938893903907228e-18,0.09164275537518443,0.10537795867604811
111,CASE,arousal,subject,facial_emg,linear_logistic,20260911,1.0,0.3767561183970306,0.0738227513227513,54.0,0.4016666666666666,0.0247970641829933,0.0,0.3519590542140373,0.0738227513227513,0.1413702201093049,1.0,0.5231713942493573,0.4642238080555417,0.3377714345474805,0.3156145887264771,0.3624337204029977,0.5220247423857914,-0.0039499670836076,0.0356594250603468,-0.0396093921439544,0,,,,,,,,,,,participant_x_stimulus,-0.039609392143954425,-0.1189129451289773,0.02520431838929653,0.0418,heldout,0.5231713943671531,0.3659059066698218,2.7755575615628914e-17,0.12667378057670997,0.1398211753482069
112,CASE,arousal,subject,facial_emg,linear_logistic,20260923,0.25,0.1186404958243567,0.0546296296296296,54.0,0.415,0.0260100766358442,0.0037946428571428,0.0926304191885125,0.0508349867724867,0.0384416239632326,1.0,0.1281750776027719,0.10402388068429,0.1293723706269295,0.1690650551967554,0.1281750776027719,0.1286490824962736,0.0328066710555188,0.0577134079438226,-0.0249067368883037,0,,,,,,,,,,,participant_x_stimulus,-0.024906736888303804,-0.10849893670529127,0.062128330953419186,0.1486,audit,0.1281750773279433,0.1277415949605787,1.0408340855860843e-16,-1.7895594629059944e-05,0.00011093536495170031
113,CASE,arousal,subject,facial_emg,linear_logistic,20260923,0.5,0.2113393091547433,0.0521494708994708,54.0,0.415,0.0260100766358442,0.0037946428571428,0.1853292325188991,0.048354828042328,0.0769116314953431,1.0,0.210188105676047,0.1736618986006773,0.1745916082309587,0.1758733652730554,0.210188105676047,0.2148761086552,0.0016458196181696,0.0577134079438226,-0.056067588325653,0,,,,,,,,,,,participant_x_stimulus,-0.05606758832565295,-0.12317104805260896,0.009210440004244385,0.0126,audit,0.2101881086401823,0.180016172314038,4.85722573273506e-17,0.011012885923720822,0.011773218719139666
114,CASE,arousal,subject,facial_emg,linear_logistic,20260923,0.75,0.3038917637866631,0.065963955026455,54.0,0.415,0.0260100766358442,0.0037946428571428,0.2778816871508189,0.0621693121693121,0.1153209001675898,1.0,0.3822240135673421,0.3282257211191683,0.2643440859647874,0.2737175305711651,0.3308193163537695,0.390736027422535,0.0220539828834758,0.0577134079438226,-0.0356594250603468,0,,,,,,,,,,,participant_x_stimulus,-0.035659425060346805,-0.10553453434258699,0.029946921020746115,0.044,audit,0.3822240161501898,0.280768215758034,6.938893903907228e-18,0.058336297107520904,0.06726440754203061
115,CASE,arousal,subject,facial_emg,linear_logistic,20260923,1.0,0.3966689249805574,0.0810350529100529,54.0,0.415,0.0260100766358442,0.0037946428571428,0.3706588483447132,0.0772404100529101,0.153823422063056,1.0,0.5949489554537724,0.5370223096178045,0.3824909318880141,0.4404466681429819,0.3933553533607356,0.5929462298387923,0.019201228878648,0.0577134079438226,-0.0385121790651745,0,,,,,,,,,,,participant_x_stimulus,-0.03851217906517457,-0.1025341710075736,0.03143061846494672,0.0444,audit,0.5949489552547846,0.4131870218746939,6.938893903907228e-17,0.1671002846289289,0.18324074431308096
116,CASE,arousal,subject,facial_emg,linear_logistic,20261007,0.25,0.1170927637146502,0.0346901555234888,54.0,0.4133333333333333,0.0311814436282445,-0.0161896745230078,0.0859113200864057,0.0508798300464966,0.035510012302381,1.0,0.0932997331400255,0.0751534055477646,0.1038554659193391,0.111312019370831,0.0932997331400255,0.0942139922973557,0.0215053763440861,0.033135834979153,-0.0116304586350668,0,,,,,,,,,,,participant_x_stimulus,-0.011630458635066954,-0.06666773576289416,0.037388562783598894,0.0986,heldout,0.0932997335386875,0.1029839939785925,1.5439038936193583e-16,8.87342135657882e-06,-0.0019008627373926883
117,CASE,arousal,subject,facial_emg,linear_logistic,20261007,0.5,0.2024594201352064,0.1171616963283629,54.0,0.4133333333333333,0.0311814436282445,-0.0161896745230078,0.1712779765069619,0.1333513708513707,0.0707948969562109,1.0,0.3961447364884111,0.3412662013993753,0.2875377766120791,0.3069686989338703,0.3961447364884111,0.3949577851978084,0.0204081632653061,0.033135834979153,-0.0127276717138468,0,,,,,,,,,,,participant_x_stimulus,-0.012727671713846922,-0.07783928848803043,0.04574023140594362,0.1152,heldout,0.3961447341553556,0.2889067375493636,1.214306433183765e-16,0.04875591297957994,0.07346354739760053
118,CASE,arousal,subject,facial_emg,linear_logistic,20261007,0.75,0.2884480781753084,0.1381513548180214,54.0,0.4133333333333333,0.0311814436282445,-0.0161896745230078,0.2572666345470639,0.1543410293410292,0.1063368756127864,1.0,0.6194084747416274,0.562406986360129,0.4190798395049712,0.3880964763308003,0.5266030515809543,0.6161606168146554,0.0379635725257845,0.033135834979153,0.0048277375466315,0,,,,,,,,,,,participant_x_stimulus,0.004827737546631461,-0.056184590328484774,0.05810996787622571,0.2752,heldout,0.6194084601612871,0.4302515166181203,3.903127820947816e-17,0.09443849124102516,0.1985504729671842
119,CASE,arousal,subject,facial_emg,linear_logistic,20261007,1.0,0.37489510182337,0.0756824194324194,54.0,0.4133333333333333,0.0311814436282445,-0.0161896745230078,0.3437136581951255,0.0918720939554272,0.1420683120539852,1.0,0.5279161799091093,0.4689597629695259,0.3424022898326077,0.3605631847798451,0.3732460921048198,0.5287628421152771,0.0141540487162608,0.033135834979153,-0.0189817862628921,0,,,,,,,,,,,participant_x_stimulus,-0.018981786262892264,-0.09231475368142128,0.0410379260778427,0.0944,heldout,0.5279161794630589,0.3689232375184131,1.6306400674181987e-16,0.11257326991865604,0.14259113735780515
120,CASE,arousal,subject,wearable_core,gpu_mlp,20260813,0.25,0.1267108232576877,0.0667548500881834,54.0,0.45,0.0365492250875,0.0232363315696649,0.0901615981701877,0.0435185185185185,0.0405727191765844,4.0,0.2302254615532159,0.1910595189532056,0.2248291804037086,0.2746533748360505,0.2302254615532159,0.2298506898365227,0.0333552775949088,0.0517884573184111,-0.0184331797235023,0,,,,,,,,,,,participant_x_stimulus,-0.018433179723502335,-0.0852617161348462,0.04287078492343406,0.1002,audit,0.2302254623251262,0.192074796627769,3.469446951953614e-17,0.008465642597468894,0.01611103600321928
121,CASE,arousal,subject,wearable_core,gpu_mlp,20260813,0.5,0.2162984522895039,0.1039792768959435,54.0,0.45,0.0365492250875,0.0232363315696649,0.1797492272020039,0.0807429453262786,0.0808871522409017,4.0,0.499818923792694,0.4410686602057092,0.3873977631282793,0.3975590140649132,0.499818923792694,0.497631274600333,0.0483870967741935,0.0517884573184111,-0.0034013605442176,0,,,,,,,,,,,participant_x_stimulus,-0.003401360544217691,-0.06781091745942831,0.05580447474494575,0.2362,audit,0.4998189293272121,0.3512397934495011,9.063930161978817e-17,0.05626078582272176,0.12644956961135245
122,CASE,arousal,subject,wearable_core,gpu_mlp,20260813,0.75,0.3036472557408926,0.1474426807760141,54.0,0.45,0.0365492250875,0.0232363315696649,0.2670980306533925,0.1242063492063492,0.1201941137940266,4.0,0.7834687831426261,0.7407546820562546,0.5938245722237606,0.5387906892847542,0.673407629132237,0.770629255039164,0.0449857362299758,0.0517884573184111,-0.0068027210884352,0,,,,,,,,,,,participant_x_stimulus,-0.006802721088435382,-0.07979020103812218,0.06631137803196903,0.2128,audit,0.783468775999309,0.5656814259391126,1.8127860323957634e-16,0.20113755112772805,0.2938278473133476
123,CASE,arousal,subject,wearable_core,gpu_mlp,20260813,1.0,0.3965173292852062,0.1087742504409171,54.0,0.45,0.0365492250875,0.0232363315696649,0.3599681041977062,0.0855379188712522,0.1619856468889678,4.0,0.7933399241638628,0.7519565743058073,0.5857961120903726,0.6484475254006506,0.6253989167809543,0.7850183818376109,0.0492648672372174,0.0517884573184111,-0.0025235900811936,0,,,,,,,,,,,participant_x_stimulus,-0.0025235900811937384,-0.07755135409533978,0.07533526718616484,0.2608,audit,0.7933399214655406,0.5755733517622296,1.3834419720915037e-16,0.18451650497489588,0.2981035477321428
124,CASE,arousal,subject,wearable_core,gpu_mlp,20260829,0.25,0.1111616285601198,0.0993386243386243,54.0,0.4583333333333333,0.0238927210038301,-0.0119047619047619,0.0872689075562896,0.1112433862433862,0.0399982492966327,4.0,0.3302180062306616,0.2802340450715022,0.2941277468679167,0.3557780865473456,0.3302180062306616,0.3289953022375113,0.0252359008119376,0.0351108185209567,-0.0098749177090191,0,,,,,,,,,,,participant_x_stimulus,-0.00987491770901916,-0.0716795289888978,0.047743014991283354,0.146,heldout,0.33021800665096,0.2505696621410958,5.898059818321144e-17,0.023001459734150232,0.04625877633103059
125,CASE,arousal,subject,wearable_core,gpu_mlp,20260829,0.5,0.1988626778661279,0.0903218694885361,54.0,0.4583333333333333,0.0238927210038301,-0.0119047619047619,0.1749699568622978,0.102226631393298,0.0801945635618864,4.0,0.4446857631221655,0.3873967647839422,0.3530321285869034,0.3810883404437332,0.4446857631221655,0.4434693254283714,0.0476190476190475,0.0351108185209567,0.0125082290980907,0,,,,,,,,,,,participant_x_stimulus,0.012508229098090795,-0.04922180278226733,0.075576551258564,0.4174,heldout,0.4446857597483445,0.3176332987841129,9.540979117872439e-17,-0.009208881986455711,0.09685451242648484
126,CASE,arousal,subject,wearable_core,gpu_mlp,20260829,0.75,0.2867253537314868,0.0887566137566137,54.0,0.4583333333333333,0.0238927210038301,-0.0119047619047619,0.2628326327276566,0.1006613756613756,0.1204649566668426,4.0,0.5936131175768533,0.5356445233532999,0.4367801392146387,0.4415737314477277,0.5531926253843573,0.5907156831625846,0.0116304586350668,0.0351108185209567,-0.0234803598858899,0,,,,,,,,,,,participant_x_stimulus,-0.023480359885889923,-0.11025405116379261,0.061033035069704006,0.1498,heldout,0.5936131205843864,0.4122708570047824,2.42861286636753e-17,0.1280791352260262,0.1824092773944756
127,CASE,arousal,subject,wearable_core,gpu_mlp,20260829,1.0,0.3743323249064237,0.0481812169312169,54.0,0.4583333333333333,0.0238927210038301,-0.0119047619047619,0.3504396039025936,0.0600859788359788,0.1606181517886887,4.0,0.593061840266365,0.5350762005666794,0.4185851913003767,0.4135633407536009,0.3991250646545501,0.5984190787791858,-0.0138248847926267,0.0351108185209567,-0.0489357033135834,0,,,,,,,,,,,participant_x_stimulus,-0.048935703313583545,-0.14931507632136345,0.04861119799315929,0.0788,heldout,0.5930618532843597,0.4118932316359939,1.457167719820518e-16,0.1535141527817544,0.18206632755353683
128,CASE,arousal,subject,wearable_core,gpu_mlp,20260911,0.25,0.1124599619382495,0.0501058201058201,54.0,0.4266666666666666,0.0247970641829933,0.0,0.0876628977552562,0.0501058201058201,0.0374028363755759,4.0,0.1778018317588711,0.1458642727720401,0.184765277334825,0.1970574595620692,0.1778018317588711,0.1782407683545269,0.0034013605442176,-0.0048277375466315,0.0082290980908491,0,,,,,,,,,,,participant_x_stimulus,0.008229098090849263,-0.05964244976639747,0.08410452455282191,0.3602,audit,0.1778018302709086,0.1600554704141329,1.6306400674181987e-16,-0.006788740402625594,0.0059957372381956135
129,CASE,arousal,subject,wearable_core,gpu_mlp,20260911,0.5,0.2009020256223732,0.0624074074074074,54.0,0.4266666666666666,0.0247970641829933,0.0,0.1761049614393799,0.0624074074074074,0.075138116880802,4.0,0.3248030048289282,0.2753017825745625,0.2717905272165681,0.2942046429287815,0.3248030048289282,0.3256378816120033,-0.0166776387974544,-0.0048277375466315,-0.0118499012508229,0,,,,,,,,,,,participant_x_stimulus,-0.011849901250822859,-0.10009234901517629,0.06893112957477567,0.2324,audit,0.3248030046968446,0.2474330119505636,4.163336342344337e-17,0.008312323828699295,0.0442738964571707
130,CASE,arousal,subject,wearable_core,gpu_mlp,20260911,0.75,0.2879835927376664,0.0964021164021163,54.0,0.4266666666666666,0.0247970641829933,0.0,0.263186528554673,0.0964021164021163,0.1122929188499938,4.0,0.5969751174392091,0.5391137557762206,0.4363157927389037,0.4371652891681984,0.5562967103675583,0.590581222329624,0.010204081632653,-0.0048277375466315,0.0150318191792844,0,,,,,,,,,,,participant_x_stimulus,0.015031819179284645,-0.07256240118294954,0.10668510366231203,0.4748,audit,0.5969751087623362,0.4145796282638404,2.445960101127298e-16,0.011300264029047425,0.184503012310419
131,CASE,arousal,subject,wearable_core,gpu_mlp,20260911,1.0,0.3767561183970306,0.0738227513227513,54.0,0.4266666666666666,0.0247970641829933,0.0,0.3519590542140373,0.0738227513227513,0.1501691964646559,4.0,0.6585416869065385,0.6036508594409657,0.4661172185261917,0.5345189170950099,0.4844832582866181,0.6533364287560635,0.0136054421768707,-0.0048277375466315,0.0184331797235022,0,,,,,,,,,,,participant_x_stimulus,0.018433179723502335,-0.07649059761315584,0.11334017608314742,0.4738,audit,0.6585416932241506,0.4588418527711896,1.3530843112619095e-16,0.0339057470468074,0.22314131586003322
132,CASE,arousal,subject,wearable_core,gpu_mlp,20260923,0.25,0.1186404958243567,0.0546296296296296,54.0,0.4716666666666666,0.0260100766358442,0.0037946428571428,0.0926304191885125,0.0508349867724867,0.0436906810505817,4.0,0.2092417223709889,0.1728439876702356,0.2127843904381272,0.2786499455570614,0.2092417223709889,0.2093458397547987,-0.0283080974325213,-0.0181040157998682,-0.0102040816326531,0,,,,,,,,,,,participant_x_stimulus,-0.010204081632653184,-0.08133867010474205,0.053322395589202605,0.1736,heldout,0.209241721574728,0.1794418364753076,8.326672684688674e-17,0.0012362052634061972,0.011582725369924968
133,CASE,arousal,subject,wearable_core,gpu_mlp,20260923,0.5,0.2113393091547433,0.0521494708994708,54.0,0.4716666666666666,0.0260100766358442,0.0037946428571428,0.1853292325188991,0.048354828042328,0.0874136213380807,4.0,0.3319242823294984,0.2817907031132569,0.2801503206682411,0.2895473879817985,0.3319242823294984,0.3346448665864499,-0.0053763440860215,-0.0181040157998682,0.0127276717138467,0,,,,,,,,,,,participant_x_stimulus,0.0127276717138467,-0.10345687046647072,0.1081382798030972,0.476,heldout,0.3319242830419679,0.2515580144597054,0.0,-0.02961639265629884,0.0468922950340151
134,CASE,arousal,subject,wearable_core,gpu_mlp,20260923,0.75,0.3038917637866631,0.065963955026455,54.0,0.4716666666666666,0.0260100766358442,0.0037946428571428,0.2778816871508189,0.0621693121693121,0.1310675291061362,4.0,0.5450595143871613,0.4861601859558659,0.4007357412677585,0.4173248907493377,0.4714001550599762,0.5508583949484878,0.0416940969936362,-0.0181040157998682,0.0597981127935044,1,,,,,,,,,,,participant_x_stimulus,0.05979811279350444,-0.05189963476732373,0.15383941829204545,0.7862,heldout,0.5450595212782702,0.3799405637836189,4.163336342344337e-17,-0.1068979990367068,-0.17750286526141973
135,CASE,arousal,subject,wearable_core,gpu_mlp,20260923,1.0,0.3966689249805574,0.0810350529100529,54.0,0.4716666666666666,0.0260100766358442,0.0037946428571428,0.3706588483447132,0.0772404100529101,0.1748274234692563,4.0,0.7468626070040335,0.6996952409903938,0.5383115362366769,0.6162615379303674,0.5294355695404622,0.7433550903059362,0.032587228439763,-0.0181040157998682,0.0506912442396312,1,,,,,,,,,,,participant_x_stimulus,0.05069124423963123,-0.03127249572426081,0.11905258875340216,0.79,heldout,0.7468626111764946,0.5312203864085068,2.7755575615628914e-17,-0.06510605409605226,-0.15567578849860714
136,CASE,arousal,subject,wearable_core,gpu_mlp,20261007,0.25,0.1170927637146502,0.0346901555234888,54.0,0.4216666666666667,0.0311814436282445,-0.0161896745230078,0.0859113200864057,0.0508798300464966,0.0362259399697677,4.0,0.1428597614427494,0.1163107643170381,0.1582611479008743,0.1682698626012271,0.1428597614427494,0.1440030225838488,0.0379635725257845,0.0155804257186745,0.02238314680711,1,,,,,,,,,,,participant_x_stimulus,0.022383146807109955,-0.03692271346226335,0.08869899213314042,0.5564,audit,0.1428597619762767,0.137585854808559,4.5102810375396984e-17,-0.004389759747719685,-0.009068770186918762
137,CASE,arousal,subject,wearable_core,gpu_mlp,20261007,0.5,0.2024594201352064,0.1171616963283629,54.0,0.4216666666666667,0.0311814436282445,-0.0161896745230078,0.1712779765069619,0.1333513708513707,0.0722222134271022,4.0,0.5164089574996458,0.45749226224434,0.3960506068039396,0.4184871236856573,0.5164089574996457,0.5127710051896532,0.0521176212420452,0.0155804257186745,0.0365371955233707,1,,,,,,,,,,,participant_x_stimulus,0.03653719552337065,-0.03125,0.11119174063205715,0.705,audit,0.51640895381147,0.361628100014769,5.551115123125783e-17,-0.0823376789969832,-0.17365838273703685
138,CASE,arousal,subject,wearable_core,gpu_mlp,20261007,0.75,0.2884480781753084,0.1381513548180214,54.0,0.4216666666666667,0.0311814436282445,-0.0161896745230078,0.2572666345470639,0.1543410293410292,0.1084807642340119,4.0,0.7269586546026379,0.6776831077059221,0.5400216040637482,0.5098987455990575,0.6453636142152168,0.7131785746771723,-0.0123985077902128,0.0155804257186745,-0.0279789335088872,0,,,,,,,,,,,participant_x_stimulus,-0.02797893350888747,-0.12013913840055465,0.0694869652390479,0.1734,audit,0.7269586463665934,0.5137407623050388,2.706168622523819e-16,0.1905953404808402,0.2645393026733874
139,CASE,arousal,subject,wearable_core,gpu_mlp,20261007,1.0,0.37489510182337,0.0756824194324194,54.0,0.4216666666666667,0.0311814436282445,-0.0161896745230078,0.3437136581951255,0.0918720939554272,0.1449325925389446,4.0,0.6477148374063595,0.5921614121080606,0.4590767652628599,0.4808862545949751,0.4897392548396133,0.6422223591363257,0.0096554750932631,0.0155804257186745,-0.0059249506254114,0,,,,,,,,,,,participant_x_stimulus,-0.005924950625411429,-0.08680751025676728,0.07284940388053653,0.2696,audit,0.647714832595872,0.450757180468982,2.949029909160572e-17,0.110152902593533,0.21635246862035212
140,CASE,arousal,subject,wearable_core,linear_logistic,20260813,0.25,0.1267108232576877,0.0667548500881834,54.0,0.45,0.0365492250875,0.0232363315696649,0.0901615981701877,0.0435185185185185,0.0405727191765844,1.0,0.1582143563988088,0.1292421238706217,0.1541995328809436,0.1922158642600171,0.1582143563988088,0.1582528850021205,0.0028527540048277,-0.0132762782532367,0.0161290322580644,0,,,,,,,,,,,participant_x_stimulus,0.016129032258064502,-0.03545803530141711,0.0727521931752562,0.4066,heldout,0.1582143569789013,0.1476053244226644,1.0061396160665481e-16,-0.005382814318404615,0.003244450956327201
141,CASE,arousal,subject,wearable_core,linear_logistic,20260813,0.5,0.2162984522895039,0.1039792768959435,54.0,0.45,0.0365492250875,0.0232363315696649,0.1797492272020039,0.0807429453262786,0.0808871522409017,1.0,0.385738669615314,0.3315102981392248,0.2844370905442002,0.2931399909472982,0.385738669615314,0.3857453311131227,0.0238095238095238,-0.0132762782532367,0.0370858020627605,1,,,,,,,,,,,participant_x_stimulus,0.037085802062760576,-0.007388076349161565,0.08830038048326967,0.7334,heldout,0.385738674860806,0.2828198277773224,7.632783294297951e-17,-0.08215409460267743,-0.1370304238675909
142,CASE,arousal,subject,wearable_core,linear_logistic,20260813,0.75,0.3036472557408926,0.1474426807760141,54.0,0.45,0.0365492250875,0.0232363315696649,0.2670980306533925,0.1242063492063492,0.1201941137940266,1.0,0.6945462669616835,0.642299505667142,0.4788888696776122,0.4233439922219788,0.564415526074623,0.6919615367749133,0.0136054421768707,-0.0132762782532367,0.0268817204301074,1,,,,,,,,,,,participant_x_stimulus,0.026881720430107503,-0.04127765279263258,0.09492080565541978,0.5616,heldout,0.6945462580285392,0.486835471945553,1.0408340855860843e-16,0.012084972868586733,-0.17003584436897556
143,CASE,arousal,subject,wearable_core,linear_logistic,20260813,1.0,0.3965173292852062,0.1087742504409171,54.0,0.45,0.0365492250875,0.0232363315696649,0.3599681041977062,0.0855379188712522,0.1619856468889678,1.0,0.7069549213550579,0.6557787196687038,0.4706138847916969,0.5368545531039061,0.5119956970602062,0.7070612772623883,0.011630458635067,-0.0132762782532367,0.0249067368883037,1,,,,,,,,,,,participant_x_stimulus,0.024906736888303804,-0.037194627430289985,0.0869621152058243,0.5316,heldout,0.7069549179454526,0.4969261476206975,1.0408340855860843e-16,0.029547071208834777,-0.16720788083139593
144,CASE,arousal,subject,wearable_core,linear_logistic,20260829,0.25,0.1111616285601198,0.0993386243386243,54.0,0.4583333333333333,0.0238927210038301,-0.0119047619047619,0.0872689075562896,0.1112433862433862,0.0399982492966327,1.0,0.2365414730017951,0.1965754422494008,0.2075571552647605,0.2576397965883018,0.2365414730017951,0.2356721575195811,0.0057055080096553,-0.0010972130787799,0.0068027210884351,0,,,,,,,,,,,participant_x_stimulus,0.006802721088435271,-0.060839451663196084,0.0833333358168602,0.3386,audit,0.2365414733449705,0.1958401282117036,1.708702623837155e-16,-0.009964438130015461,0.017598512794232885
145,CASE,arousal,subject,wearable_core,linear_logistic,20260829,0.5,0.1988626778661279,0.0903218694885361,54.0,0.4583333333333333,0.0238927210038301,-0.0119047619047619,0.1749699568622978,0.102226631393298,0.0801945635618864,1.0,0.3347670646557731,0.2843868823627888,0.255397167845754,0.278991951070483,0.3347670646557731,0.3353056087039419,0.0447662936142198,-0.0010972130787799,0.0458635066929997,1,,,,,,,,,,,participant_x_stimulus,0.04586350669299977,-0.0224826012738049,0.1383019626140594,0.7876,audit,0.334767061613162,0.2532047358094914,6.938893903907228e-17,-0.08052062830118564,-0.11516830430258496
146,CASE,arousal,subject,wearable_core,linear_logistic,20260829,0.75,0.2867253537314868,0.0887566137566137,54.0,0.4583333333333333,0.0238927210038301,-0.0119047619047619,0.2628326327276566,0.1006613756613756,0.1204649566668426,1.0,0.478609598378404,0.4202576834566188,0.3277159632257831,0.331964425026705,0.4375878797969774,0.487167915660525,0.0232609172701337,-0.0010972130787799,0.0243581303489135,1,,,,,,,,,,,participant_x_stimulus,0.024358130348913765,-0.05922723338007927,0.11491147372871637,0.5432,audit,0.4786096014894875,0.338159101303929,2.636779683484747e-16,-0.03786985055834564,-0.16618542752787185
147,CASE,arousal,subject,wearable_core,linear_logistic,20260829,1.0,0.3743323249064237,0.0481812169312169,54.0,0.4583333333333333,0.0238927210038301,-0.0119047619047619,0.3504396039025936,0.0600859788359788,0.1606181517886887,1.0,0.4780394902111886,0.4197011336880891,0.3115511336230813,0.3070834553744097,0.2944957882792522,0.4865463188156637,0.0139346061005045,-0.0010972130787799,0.0150318191792844,0,,,,,,,,,,,participant_x_stimulus,0.015031819179284533,-0.0639500804245472,0.09984471257776013,0.4466,audit,0.4780395036703226,0.3378103419832257,1.3357370765021415e-16,-0.010846747300370479,0.1144059399185445
148,CASE,arousal,subject,wearable_core,linear_logistic,20260911,0.25,0.1124599619382495,0.0501058201058201,54.0,0.4266666666666666,0.0247970641829933,0.0,0.0876628977552562,0.0501058201058201,0.0374028363755759,1.0,0.1196395603652887,0.0969178689047701,0.124696994221094,0.1336199804294145,0.1196395603652887,0.120172506010264,-0.0028527540048277,0.0014263770024138,-0.0042791310072415,0,,,,,,,,,,,participant_x_stimulus,-0.004279131007241643,-0.06571399234235287,0.06072843577712767,0.2092,heldout,0.1196395592932398,0.1218808400939479,1.4311468676808659e-16,0.0003964368528904111,-0.0005413150341258537
149,CASE,arousal,subject,wearable_core,linear_logistic,20260911,0.5,0.2009020256223732,0.0624074074074074,54.0,0.4266666666666666,0.0247970641829933,0.0,0.1761049614393799,0.0624074074074074,0.075138116880802,1.0,0.232130217674656,0.192721361450178,0.1900245539150793,0.2075781856034368,0.232130217674656,0.2339553183345987,-0.0078999341672152,0.0014263770024138,-0.009326311169629,0,,,,,,,,,,,participant_x_stimulus,-0.00932631116962912,-0.06614453606307506,0.050526731275022024,0.1486,heldout,0.2321302175673022,0.193211957483224,1.196959198423997e-16,0.004987070496355855,0.0165535773933439
150,CASE,arousal,subject,wearable_core,linear_logistic,20260911,0.75,0.2879835927376664,0.0964021164021163,54.0,0.4266666666666666,0.0247970641829933,0.0,0.263186528554673,0.0964021164021163,0.1122929188499938,1.0,0.4820929360807136,0.4236614231052961,0.3273001844566879,0.3280075072848772,0.4406830734017814,0.4871497685811718,0.0062541145490454,0.0014263770024138,0.0048277375466316,0,,,,,,,,,,,participant_x_stimulus,0.004827737546631572,-0.0547130674123764,0.07450408060103654,0.3238,heldout,0.4820929270762521,0.3402931411307728,2.7755575615628914e-17,0.024784627058008088,0.1166141684363005
151,CASE,arousal,subject,wearable_core,linear_logistic,20260911,1.0,0.3767561183970306,0.0738227513227513,54.0,0.4266666666666666,0.0247970641829933,0.0,0.3519590542140373,0.0738227513227513,0.1501691964646559,1.0,0.5479190225903631,0.4890428692121,0.3543362116880756,0.4191556793732459,0.3713048781187795,0.5495625722746083,0.0014263770024138,0.0014263770024138,0.0,0,,,,,,,,,,,participant_x_stimulus,0.0,-0.07183146886527537,0.07844122312962999,0.2776,heldout,0.547919029549648,0.3817967227394561,0.0,0.06221542070702038,0.1544465254480389
152,CASE,arousal,subject,wearable_core,linear_logistic,20260923,0.25,0.1186404958243567,0.0546296296296296,54.0,0.4716666666666666,0.0260100766358442,0.0037946428571428,0.0926304191885125,0.0508349867724867,0.0436906810505817,1.0,0.1425783399092101,0.1160745594504746,0.1452296793980989,0.195335905576348,0.1425783399092101,0.1429997030837519,0.0102040816326529,0.0238095238095237,-0.0136054421768708,0,,,,,,,,,,,participant_x_stimulus,-0.013605442176870763,-0.08000602796673774,0.051546497549861604,0.141,audit,0.1425783393208932,0.1373997613441552,3.642919299551295e-17,-1.0470563367161328e-05,0.001449888426072951
153,CASE,arousal,subject,wearable_core,linear_logistic,20260923,0.5,0.2113393091547433,0.0521494708994708,54.0,0.4716666666666666,0.0260100766358442,0.0037946428571428,0.1853292325188991,0.048354828042328,0.0874136213380807,1.0,0.2379356624926556,0.1977950940921402,0.1965481787432703,0.2038960748112988,0.2379356624926556,0.2417386087960453,0.0102040816326529,0.0238095238095237,-0.0136054421768708,0,,,,,,,,,,,participant_x_stimulus,-0.013605442176870763,-0.0709119312465191,0.049233161751180844,0.1308,audit,0.2379356630752319,0.1966692555380634,3.642919299551295e-17,0.007139291477430912,0.017934583689154196
154,CASE,arousal,subject,wearable_core,linear_logistic,20260923,0.75,0.3038917637866631,0.065963955026455,54.0,0.4716666666666666,0.0260100766358442,0.0037946428571428,0.2778816871508189,0.0621693121693121,0.1310675291061362,1.0,0.4295205272311934,0.3728734111680722,0.2959426770978783,0.3103891205339274,0.3591488189208706,0.442993129893773,0.0184331797235022,0.0238095238095237,-0.0053763440860215,0,,,,,,,,,,,participant_x_stimulus,-0.005376344086021501,-0.056338464841246605,0.05708338981494307,0.1706,audit,0.4295205340406829,0.3085891252403703,8.673617379884035e-19,0.047998844263309845,0.08926064094597651
155,CASE,arousal,subject,wearable_core,linear_logistic,20260923,1.0,0.3966689249805574,0.0810350529100529,54.0,0.4716666666666666,0.0260100766358442,0.0037946428571428,0.3706588483447132,0.0772404100529101,0.1748274234692563,1.0,0.6496299044762207,0.5941892646273556,0.4229325541688988,0.5022935294169973,0.4141932152467925,0.6538636293259692,0.0374149659863944,0.0238095238095237,0.0136054421768706,0,,,,,,,,,,,participant_x_stimulus,0.013605442176870763,-0.05011219615116715,0.07877637166529876,0.4028,audit,0.6496299094995114,0.4521769315612622,1.6306400674181987e-16,0.05848692285313141,0.21755504188018493
156,CASE,arousal,subject,wearable_core,linear_logistic,20261007,0.25,0.1170927637146502,0.0346901555234888,54.0,0.4216666666666667,0.0311814436282445,-0.0161896745230078,0.0859113200864057,0.0508798300464966,0.0362259399697677,1.0,0.0948096446512452,0.0763943905495935,0.105692394741413,0.1127979028919409,0.0948096446512452,0.0957323594913672,0.0379635725257845,0.0399385560675883,-0.0019749835418038,0,,,,,,,,,,,participant_x_stimulus,-0.0019749835418038098,-0.08584204688668251,0.08988912757486103,0.2834,heldout,0.0948096450251726,0.1041061831329656,9.540979117872439e-18,0.003420049222781746,-0.0018492285767153366
157,CASE,arousal,subject,wearable_core,linear_logistic,20261007,0.5,0.2024594201352064,0.1171616963283629,54.0,0.4216666666666667,0.0311814436282445,-0.0161896745230078,0.1712779765069619,0.1333513708513707,0.0722222134271022,1.0,0.4015822727109845,0.3463825569140139,0.2918859645758988,0.3114127082099652,0.4015822727109844,0.4005080364466699,0.0481676541584376,0.0399385560675883,0.0082290980908492,0,,,,,,,,,,,participant_x_stimulus,0.008229098090849263,-0.0770806159824133,0.08066430296748874,0.3592,heldout,0.4015822691618817,0.2920956352525115,6.245004513516506e-17,-0.002706739028853794,0.07594845877163779
158,CASE,arousal,subject,wearable_core,linear_logistic,20261007,0.75,0.2884480781753084,0.1381513548180214,54.0,0.4216666666666667,0.0311814436282445,-0.0161896745230078,0.2572666345470639,0.1543410293410292,0.1084807642340119,1.0,0.6259100370405012,0.569205059200457,0.4246131885091604,0.3953362434448453,0.5334959725361922,0.6230479167279079,0.0159095896423085,0.0399385560675883,-0.0240289664252798,0,,,,,,,,,,,participant_x_stimulus,-0.02402896642527974,-0.11721546351909637,0.053464001044630935,0.1218,heldout,0.6259100273249257,0.4348853606109102,5.898059818321144e-17,0.1561044766206737,0.20263808543220785
159,CASE,arousal,subject,wearable_core,linear_logistic,20261007,1.0,0.37489510182337,0.0756824194324194,54.0,0.4216666666666667,0.0311814436282445,-0.0161896745230078,0.3437136581951255,0.0918720939554272,0.1449325925389446,1.0,0.5360556899704788,0.4771089486894063,0.3478839756419614,0.3679484081551143,0.3762291257632731,0.5377977234757635,0.054092604783849,0.0399385560675883,0.0141540487162606,0,,,,,,,,,,,participant_x_stimulus,0.014154048716260692,-0.07367353402078151,0.10103536825627088,0.4452,heldout,0.5360556847273968,0.3741310439867492,9.194034422677078e-17,0.0032039589384707566,0.14738165905394346
160,CASE,valence,subject,all,gpu_mlp,20260813,0.25,0.1036525067129562,-0.0165071770334928,144.0,0.6083333333333334,0.0243041790410949,0.0,0.0793483276718613,-0.0165071770334928,0.0482702326670489,4.0,0.096403067037758,0.0777048817559879,0.139473968376266,0.1559285101742127,0.1254051315894141,0.1046606991122076,0.0308531422989253,0.074405731032237,-0.0435525887333116,0,,,,,,,,,,,participant_x_stimulus,-0.04355258873331169,-0.1298093244433403,0.04323854390531764,0.0774,audit,0.0964030623705085,0.1052846657857736,9.020562075079397e-17,-0.0004164382065268568,-0.001791310415209895
161,CASE,valence,subject,all,gpu_mlp,20260813,0.5,0.1825797506365158,0.0121193134351029,144.0,0.6083333333333334,0.0243041790410949,0.0,0.1582755715954208,0.0121193134351029,0.096284306053881,4.0,0.2400758545789033,0.1996688273822806,0.2402752718773614,0.2433309574962591,0.2400758545789033,0.2632923377343126,0.0345164441549983,0.074405731032237,-0.0398892868772386,0,,,,,,,,,,,participant_x_stimulus,-0.039889286877238694,-0.10627238620072603,0.05474829059094174,0.0838,audit,0.2400758510671178,0.1979406673495878,9.71445146547012e-17,0.011394049683742722,0.01845590647480075
162,CASE,valence,subject,all,gpu_mlp,20260813,0.75,0.2606983797447526,-0.0061621857674489,144.0,0.6083333333333334,0.0243041790410949,0.0,0.2363942007036577,-0.0061621857674489,0.1438064720947251,4.0,0.310748308665314,0.2625561470280212,0.2695125177379416,0.2780916828163992,0.2927967785612324,0.3572134749339523,0.0510420058612829,0.074405731032237,-0.023363725170954,0,,,,,,,,,,,participant_x_stimulus,-0.023363725170954086,-0.11428632847964763,0.07848175745457409,0.2044,audit,0.3107483119064444,0.2392884300443263,8.673617379884035e-17,0.010092760894392538,0.039305560599626435
163,CASE,valence,subject,all,gpu_mlp,20260813,1.0,0.3408108905495658,-0.006632110579479,144.0,0.6083333333333334,0.0243041790410949,0.0,0.3165067115084709,-0.006632110579479,0.1925415828343198,4.0,0.4625582993429916,0.404644573124797,0.3452316789317055,0.3976550760767279,0.2927967785612324,0.5086802292818153,0.0270270270270269,0.074405731032237,-0.04737870400521,0,,,,,,,,,,,participant_x_stimulus,-0.04737870400521005,-0.13095764815807343,0.06426608227193352,0.1072,audit,0.4625582937278105,0.3283917900767862,4.85722573273506e-17,0.07735370892376776,0.10611900730654739
164,CASE,valence,subject,all,gpu_mlp,20260829,0.25,0.0964775855558233,-0.0226307189542483,144.0,0.6283333333333334,0.0236370807716058,0.0,0.0728405047842175,-0.0226307189542483,0.04576811717275,4.0,0.0874897287524425,0.0703856953613831,0.1336196433350474,0.1398424556152453,0.1240509055577365,0.0988181499545659,0.0337837837837837,0.0481113643764247,-0.0143275805926409,0,,,,,,,,,,,participant_x_stimulus,-0.014327580592640943,-0.08239004537463188,0.054959225095808494,0.1478,heldout,0.0874897331367278,0.0986137871697457,4.336808689942018e-17,0.0012180447565360358,-0.0020702256156240563
165,CASE,valence,subject,all,gpu_mlp,20260829,0.5,0.1688571817741797,0.0114814107461166,144.0,0.6283333333333334,0.0236370807716058,0.0,0.1452201010025738,0.0114814107461166,0.0912466301299506,4.0,0.2283143096702534,0.1893934983812878,0.2372975713267444,0.2348507445957738,0.2283143096702534,0.2449665698153732,0.0165255617062846,0.0481113643764247,-0.0315858026701401,0,,,,,,,,,,,participant_x_stimulus,-0.031585802670140106,-0.09346033092588187,0.04766182238236063,0.0836,heldout,0.228314302829738,0.1909323447258395,6.938893903907228e-18,0.009421997219150673,0.015672260614122496
166,CASE,valence,subject,all,gpu_mlp,20260829,0.75,0.2409314189113619,-0.0245257193786605,144.0,0.6283333333333334,0.0236370807716058,0.0,0.2172943381397561,-0.0245257193786605,0.1365332757978134,4.0,0.2359821485834408,0.1960863451047411,0.22606260437238,0.2083371110960994,0.2963932482447768,0.2877250916281888,0.0442852491045262,0.0481113643764247,-0.0038261152718985,0,,,,,,,,,,,participant_x_stimulus,-0.003826115271898467,-0.055174682196229695,0.07590408138930792,0.1998,heldout,0.2359821535372012,0.1955072990283277,3.2959746043559335e-17,0.0012907209529574046,0.017464472814703258
167,CASE,valence,subject,all,gpu_mlp,20260829,1.0,0.3144017936019086,-0.0743899074781427,144.0,0.6283333333333334,0.0236370807716058,0.0,0.2907647128303028,-0.0743899074781427,0.1826971612283736,4.0,0.2085135269668011,0.1722148701008823,0.1918059452941155,0.2701081582868941,0.2991635058222226,0.2731914819580337,0.0442852491045262,0.0481113643764247,-0.0038261152718985,0,,,,,,,,,,,participant_x_stimulus,-0.003826115271898467,-0.06685699298977851,0.07615701332688316,0.2324,heldout,0.2085135308881959,0.1789995957730879,3.2959746043559335e-17,-0.0022810397649684396,0.011437037276533758
168,CASE,valence,subject,all,gpu_mlp,20260911,0.25,0.1011167600637738,-0.0014189514189514,144.0,0.5883333333333334,0.0216982614454465,0.0,0.0794184986183273,-0.0014189514189514,0.0467245500204492,4.0,0.1144338701198152,0.0925968422407661,0.1542330760738232,0.1544295787172003,0.1209714393091843,0.117056333102586,0.0525887333116248,0.0120481927710842,0.0405405405405406,1,,,,,,,,,,,participant_x_stimulus,0.04054054054054057,-0.06908171605318784,0.13936816006898875,0.6196,audit,0.1144338706439791,0.1182496433145694,2.7755575615628914e-17,0.003840638099935567,0.006743677947720572
169,CASE,valence,subject,all,gpu_mlp,20260911,0.5,0.1806379850643605,-0.0681697931697931,144.0,0.5883333333333334,0.0216982614454465,0.0,0.1589397236189139,-0.0681697931697931,0.0935095373957944,4.0,0.0803467591914955,0.0645403918978221,0.1117897979636355,0.1306225255554537,0.2066315677126797,0.1243734693891707,0.0172582220774991,0.0120481927710842,0.0052100293064149,0,,,,,,,,,,,participant_x_stimulus,0.005210029306414898,-0.07825360354036093,0.08274085503071535,0.2856,audit,0.0803467615299921,0.0931177206723018,1.734723475976807e-18,0.005079464047239891,-0.0022153078148474037
170,CASE,valence,subject,all,gpu_mlp,20260911,0.75,0.2587547834559797,-0.0135401635401635,144.0,0.5883333333333334,0.0216982614454465,0.0,0.2370565220105331,-0.0135401635401635,0.1394682537828637,4.0,0.2751625157747614,0.2306424119839379,0.2445281082528436,0.2030728441876188,0.2865101539275803,0.3234672504348865,0.0495766851188537,0.0120481927710842,0.0375284923477695,1,,,,,,,,,,,participant_x_stimulus,0.03752849234776945,-0.05540167232975363,0.14140564985573276,0.6304,audit,0.2751625125815041,0.2185897687369071,4.85722573273506e-17,-0.043393994105556,-0.08521256635548191
171,CASE,valence,subject,all,gpu_mlp,20260911,1.0,0.3391967344256542,0.0353234728234728,144.0,0.5883333333333334,0.0216982614454465,0.0,0.3174984729802076,0.0353234728234728,0.1867949349366888,4.0,0.6059242422964657,0.5483757002135212,0.4413189836134145,0.4445645091580162,0.3992054195496357,0.6280594593639196,0.0556007815043959,0.0120481927710842,0.0435525887333117,1,,,,,,,,,,,participant_x_stimulus,0.04355258873331169,-0.026475490489974617,0.12893676795065398,0.734,audit,0.6059242250667001,0.4207746733649359,6.938893903907228e-18,-0.08170670112087729,-0.18020626262621586
172,CASE,valence,subject,all,gpu_mlp,20260923,0.25,0.1038973971498886,0.0098935786435786,144.0,0.61,0.02607753184854,-0.0069444444444444,0.0778198653013486,0.016838023088023,0.0474701178338226,4.0,0.1370798851094878,0.1114653341270861,0.1772314537360399,0.1890914074417126,0.1370798851094878,0.1385823655281374,0.0413546076196678,0.018804949527841,0.0225496580918267,1,,,,,,,,,,,participant_x_stimulus,0.02254965809182674,-0.03933646641671658,0.10614694654941557,0.514,heldout,0.1370798871259439,0.1337445100380095,4.163336342344337e-17,-0.0025254661572422787,-0.005767452686714525
173,CASE,valence,subject,all,gpu_mlp,20260923,0.5,0.1821100169482141,0.0314957611832611,144.0,0.61,0.02607753184854,-0.0069444444444444,0.1560324850996741,0.0384402056277055,0.0951798159108012,4.0,0.2957917989103166,0.2490809300201002,0.2796585357792574,0.2800930004992735,0.2957917989103166,0.3008944650917478,0.0083034842070987,0.018804949527841,-0.0105014653207423,0,,,,,,,,,,,participant_x_stimulus,-0.010501465320742365,-0.08409702274948358,0.104545459151268,0.263,heldout,0.2957917925098709,0.2306076014261907,6.418476861114186e-17,2.603417064590179e-05,0.034312918680661705
174,CASE,valence,subject,all,gpu_mlp,20260923,0.75,0.2583436788814771,-0.014163961038961,144.0,0.61,0.02607753184854,-0.0069444444444444,0.232266147032937,-0.0072195165945166,0.1416823496900916,4.0,0.2791945742247378,0.234232913577415,0.2500323476792548,0.2438912265358653,0.2933242995978636,0.3284883112020691,0.0202702702702701,0.018804949527841,0.0014653207424291,0,,,,,,,,,,,participant_x_stimulus,0.0014653207424291104,-0.06981397755444049,0.0993484266102314,0.353,heldout,0.2791945665053389,0.2209440552279208,1.0408340855860843e-17,-0.01199153053631159,0.029133330425545605
175,CASE,valence,subject,all,gpu_mlp,20260923,1.0,0.3365399954856268,0.018138979076479,144.0,0.61,0.02607753184854,-0.0069444444444444,0.3104624636370868,0.0250834235209234,0.1893821028186229,4.0,0.547049581049711,0.4881659506951846,0.4030111616036915,0.4361880646991686,0.345095491166616,0.5796702340529293,0.0563334418756105,0.018804949527841,0.0375284923477695,1,,,,,,,,,,,participant_x_stimulus,0.03752849234776945,-0.03338603358715772,0.1527777761220932,0.6866,heldout,0.547049589236228,0.3812317735585257,4.85722573273506e-17,-0.07377543657567402,-0.17771004344245775
176,CASE,valence,subject,all,gpu_mlp,20261007,0.25,0.10090726125927,-0.0048976608187134,144.0,0.5916666666666668,0.0219721331764067,0.0,0.0789351280828633,-0.0048976608187134,0.0467032841156941,4.0,0.1094058321575637,0.0884324760681608,0.1500717871994993,0.1869913027075777,0.1212959949808223,0.1124997415773534,0.0420872679908824,0.0533213936828395,-0.0112341256919571,0,,,,,,,,,,,participant_x_stimulus,-0.011234125691957031,-0.10434420872479677,0.05848466195166106,0.1588,audit,0.10940583170394,0.114697779077573,6.938893903907228e-17,0.0004947779713689413,-0.0011859445144969012
177,CASE,valence,subject,all,gpu_mlp,20261007,0.5,0.1801880640467632,0.0086361737677527,144.0,0.5916666666666668,0.0219721331764067,0.0,0.1582159308703565,0.0086361737677527,0.0936110924316276,4.0,0.2226479691779631,0.1844622041533141,0.2259792329666747,0.2305079608400854,0.222647969177963,0.2483296420109589,0.0299576685118853,0.0533213936828395,-0.0233637251709542,0,,,,,,,,,,,participant_x_stimulus,-0.023363725170954197,-0.12741729095578194,0.0667574258521199,0.175,audit,0.2226479748707982,0.1875361109984499,3.469446951953614e-18,0.0021131754303227615,0.014402327785644667
178,CASE,valence,subject,all,gpu_mlp,20261007,0.75,0.2590591829573211,0.0408312447786131,144.0,0.5916666666666668,0.0219721331764067,0.0,0.2370870497809144,0.0408312447786131,0.1402765044537077,4.0,0.4702079522475747,0.4120708149185002,0.3712369493261349,0.3575733924686707,0.4209798760677443,0.490583430591328,0.0442852491045262,0.0533213936828395,-0.0090361445783133,0,,,,,,,,,,,participant_x_stimulus,-0.009036144578313254,-0.0951314365491271,0.0764514660462737,0.251,audit,0.4702079410427978,0.3330334161925631,4.5102810375396984e-17,0.04132264004400043,0.11018425151881824
179,CASE,valence,subject,all,gpu_mlp,20261007,1.0,0.3387692005141657,-0.0107142857142857,144.0,0.5916666666666668,0.0219721331764067,0.0,0.316797067337759,-0.0107142857142857,0.1874382648415074,4.0,0.4321987894436993,0.3754309018008924,0.3250334882637174,0.3981369272769877,0.2875523022858698,0.4793952746560324,0.0375284923477695,0.0533213936828395,-0.01579290133507,0,,,,,,,,,,,participant_x_stimulus,-0.015792901335069942,-0.131526692956686,0.061244214791804474,0.1698,audit,0.4321988031260192,0.3101812211715727,5.898059818321144e-17,0.04914624462434537,0.09058341545607543
180,CASE,valence,subject,all,linear_logistic,20260813,0.25,0.1036525067129562,-0.0165071770334928,144.0,0.6083333333333334,0.0243041790410949,0.0,0.0793483276718613,-0.0165071770334928,0.0482702326670489,1.0,0.062832980820836,0.0502836585559985,0.0924601754012298,0.1040162076349497,0.0826596293904304,0.0688602216643151,0.0308531422989254,0.0654509931618365,-0.0345978508629111,0,,,,,,,,,,,participant_x_stimulus,-0.03459785086291112,-0.09899098314344883,0.05856089210137713,0.1,heldout,0.0628329776658307,0.0789455436784416,1.3877787807814457e-17,0.0009380974181922297,-0.0022844157843299523
181,CASE,valence,subject,all,linear_logistic,20260813,0.5,0.1825797506365158,0.0121193134351029,144.0,0.6083333333333334,0.0243041790410949,0.0,0.1582755715954208,0.0121193134351029,0.096284306053881,1.0,0.1656467010292039,0.1355325862207837,0.1658313241001742,0.1681158988781698,0.1656467010292039,0.187982321834166,0.039807880169326,0.0654509931618365,-0.0256431129925105,0,,,,,,,,,,,participant_x_stimulus,-0.02564311299251054,-0.09026228860020638,0.0759039670228957,0.1358,heldout,0.1656466983688339,0.1523692431016579,4.163336342344337e-17,0.0006162855865583137,0.004222442437123317
182,CASE,valence,subject,all,linear_logistic,20260813,0.75,0.2606983797447526,-0.0061621857674489,144.0,0.6083333333333334,0.0243041790410949,0.0,0.2363942007036577,-0.0061621857674489,0.1438064720947251,1.0,0.2207743983482849,0.1828343861095009,0.1882546978922621,0.1948994602638694,0.20646359434574,0.2595810780155537,0.0661022468251384,0.0654509931618365,0.0006512536633019,0,,,,,,,,,,,participant_x_stimulus,0.0006512536633018762,-0.07522710114717483,0.10867542680352911,0.3394,heldout,0.2207744009515705,0.1864100502059973,2.3852447794681098e-17,-0.00933389198837271,0.013992629297722381
183,CASE,valence,subject,all,linear_logistic,20260813,1.0,0.3408108905495658,-0.006632110579479,144.0,0.6083333333333334,0.0243041790410949,0.0,0.3165067115084709,-0.006632110579479,0.1925415828343198,1.0,0.3510142992729045,0.299289071211334,0.2489239873532781,0.2932231026602488,0.20646359434574,0.389585512442629,0.0533213936828393,0.0654509931618365,-0.0121295994789972,0,,,,,,,,,,,participant_x_stimulus,-0.012129599478997166,-0.10142955537885427,0.10455134101212016,0.2454,heldout,0.3510142941274249,0.2626208566860749,3.2959746043559335e-17,0.010857821219031888,0.05424132031524649
184,CASE,valence,subject,all,linear_logistic,20260829,0.25,0.0964775855558233,-0.0226307189542483,144.0,0.6283333333333334,0.0236370807716058,0.0,0.0728405047842175,-0.0226307189542483,0.04576811717275,1.0,0.0568282961883497,0.0454201370255276,0.0883765558448347,0.0926974396657495,0.0817238709994898,0.06499670073237,0.0233637251709539,0.0053728427222401,0.0179908824487138,0,,,,,,,,,,,participant_x_stimulus,0.01799088244871383,-0.05324166463688016,0.09896453619003287,0.4562,audit,0.0568282991318181,0.0738058568813814,3.122502256758253e-17,0.013272474762922037,-0.002217848927779557
185,CASE,valence,subject,all,linear_logistic,20260829,0.5,0.1688571817741797,0.0114814107461166,144.0,0.6283333333333334,0.0236370807716058,0.0,0.1452201010025738,0.0114814107461166,0.0912466301299506,1.0,0.1567792351823524,0.1280298316716633,0.1635775568675049,0.1616968137614719,0.1567792351823524,0.1732155717489475,0.0188863562357537,0.0053728427222401,0.0135135135135136,0,,,,,,,,,,,participant_x_stimulus,0.013513513513513598,-0.05325785214081406,0.08000435326248401,0.396,audit,0.1567792300496619,0.1466793542859359,1.734723475976807e-18,-0.0049342076036452895,0.003064894001225709
186,CASE,valence,subject,all,linear_logistic,20260829,0.75,0.2409314189113619,-0.0245257193786605,144.0,0.6283333333333334,0.0236370807716058,0.0,0.2172943381397561,-0.0245257193786605,0.1365332757978134,1.0,0.1625506650964647,0.1329097425271339,0.1551230190819462,0.1419102118506357,0.2093134832345189,0.2042780552018586,0.010582872028655,0.0053728427222401,0.0052100293064149,0,,,,,,,,,,,participant_x_stimulus,0.005210029306414898,-0.05603703400120139,0.09131340496242034,0.3292,audit,0.1625506688367062,0.1503910572252715,1.734723475976807e-18,-0.004200638439042972,0.0038052498459256456
187,CASE,valence,subject,all,linear_logistic,20260829,1.0,0.3144017936019086,-0.0743899074781427,144.0,0.6283333333333334,0.0236370807716058,0.0,0.2907647128303028,-0.0743899074781427,0.1826971612283736,1.0,0.1420404709192141,0.1156231877703953,0.1298131803950964,0.1886800248883441,0.2115145136566967,0.1894650510663331,-0.0059426896776295,0.0053728427222401,-0.0113155323998696,0,,,,,,,,,,,participant_x_stimulus,-0.01131553239986971,-0.07986281886696815,0.05233272090554237,0.145,audit,0.1420404738148353,0.1370438299043971,1.0928757898653885e-16,-5.4541847349490445e-05,0.0013944848866775938
188,CASE,valence,subject,all,linear_logistic,20260911,0.25,0.1011167600637738,-0.0014189514189514,144.0,0.5883333333333334,0.0216982614454465,0.0,0.0794184986183273,-0.0014189514189514,0.0467245500204492,1.0,0.0751068767124269,0.0602637866781739,0.102838838738012,0.1029554369827778,0.0795996572045418,0.0770961036503384,0.0218169977206121,-0.0044773689352002,0.0262943666558123,1,,,,,,,,,,,participant_x_stimulus,0.026294366655812418,-0.08998532332479954,0.11925724819302558,0.4882,heldout,0.0751068770717315,0.0889896644392435,1.1796119636642288e-16,0.011277036192097717,0.025487457341483166
189,CASE,valence,subject,all,linear_logistic,20260911,0.5,0.1806379850643605,-0.0681697931697931,144.0,0.5883333333333334,0.0216982614454465,0.0,0.1589397236189139,-0.0681697931697931,0.0935095373957944,1.0,0.0520458555430972,0.0415554614322095,0.0733127448930651,0.0862740554950587,0.1406518544444325,0.0836465172956018,0.0037447085639856,-0.0044773689352002,0.0082220774991858,0,,,,,,,,,,,participant_x_stimulus,0.00822207749918591,-0.11365656908601522,0.10761766061186781,0.346,heldout,0.0520458571045101,0.0695856801583927,1.0928757898653885e-16,0.010004161911923729,-0.0021333956413630427
190,CASE,valence,subject,all,linear_logistic,20260911,0.75,0.2587547834559797,-0.0135401635401635,144.0,0.5883333333333334,0.0216982614454465,0.0,0.2370565220105331,-0.0135401635401635,0.1394682537828637,1.0,0.1926127664922672,0.1585277488425628,0.1690597265118087,0.1380317676667895,0.2015024655473395,0.231156500213341,0.0225496580918267,-0.0044773689352002,0.0270270270270269,1,,,,,,,,,,,participant_x_stimulus,0.027027027027026973,-0.08055870197713375,0.11292065680027008,0.4912,heldout,0.19261276400243,0.1692676386740861,7.28583859910259e-17,-0.014486107768210243,-0.038242107302332906
191,CASE,valence,subject,all,linear_logistic,20260911,1.0,0.3391967344256542,0.0353234728234728,144.0,0.5883333333333334,0.0216982614454465,0.0,0.3174984729802076,0.0353234728234728,0.1867949349366888,1.0,0.4914197830087231,0.4328025066967302,0.3317891061155196,0.3346577201565024,0.294565404937476,0.517903515586636,0.0127808531422988,-0.0044773689352002,0.017258222077499,0,,,,,,,,,,,participant_x_stimulus,0.017258222077499052,-0.07477600052952767,0.09062583465129113,0.434,heldout,0.491419764974667,0.3460342681939061,5.204170427930421e-17,-0.004440940562435646,0.12175367064326481
192,CASE,valence,subject,all,linear_logistic,20260923,0.25,0.1038973971498886,0.0098935786435786,144.0,0.61,0.02607753184854,-0.0069444444444444,0.0778198653013486,0.016838023088023,0.0474701178338226,1.0,0.0907679332827089,0.0730743420388021,0.1192541740322017,0.1278101858650065,0.0907679332827089,0.0920412146801732,-0.0096059915337023,-0.0036633018560728,-0.0059426896776295,0,,,,,,,,,,,participant_x_stimulus,-0.0059426896776294535,-0.0887961622327566,0.08128410298377271,0.2842,audit,0.0907679346895713,0.1010900102399369,4.683753385137379e-17,0.003886695540327549,-0.001980372202500266
193,CASE,valence,subject,all,linear_logistic,20260923,0.5,0.1821100169482141,0.0314957611832611,144.0,0.61,0.02607753184854,-0.0069444444444444,0.1560324850996741,0.0384402056277055,0.0951798159108012,1.0,0.2088362911551018,0.1724936933662345,0.1961631593793127,0.1964650107064774,0.2088362911551018,0.2153301641128151,0.0031748616085965,-0.0036633018560728,0.0068381634646693,0,,,,,,,,,,,participant_x_stimulus,0.006838163464669478,-0.07517582848668099,0.11326944734901187,0.3912,audit,0.20883628607824,0.1791956444178394,1.7780915628762273e-16,-0.011689322630469678,0.011501515404627766
194,CASE,valence,subject,all,linear_logistic,20260923,0.75,0.2583436788814771,-0.014163961038961,144.0,0.61,0.02607753184854,-0.0069444444444444,0.232266147032937,-0.0072195165945166,0.1416823496900916,1.0,0.1957618865668398,0.1612308791563857,0.1732547833555668,0.1685415603227634,0.2068810738204531,0.2358393263152581,-0.0329697167046564,-0.0036633018560728,-0.0293064148485836,0,,,,,,,,,,,participant_x_stimulus,-0.02930641484858354,-0.10683100894093514,0.050043158791959245,0.0964,audit,0.1957618805277533,0.17120709852036,5.898059818321144e-17,0.004276681312976674,0.009010843284002104
195,CASE,valence,subject,all,linear_logistic,20260923,1.0,0.3365399954856268,0.018138979076479,144.0,0.61,0.02607753184854,-0.0069444444444444,0.3104624636370868,0.0250834235209234,0.1893821028186229,1.0,0.4314888483216675,0.3747526617640392,0.2979188831989462,0.3271324675938815,0.2487660347916339,0.4641809882195307,-0.0141647671768153,-0.0036633018560728,-0.0105014653207425,0,,,,,,,,,,,participant_x_stimulus,-0.010501465320742476,-0.10000928193330764,0.09215151816606511,0.2826,audit,0.431488856426245,0.3097589869213172,2.42861286636753e-17,0.021430280997322717,0.09023200324150792
196,CASE,valence,subject,all,linear_logistic,20261007,0.25,0.10090726125927,-0.0048976608187134,144.0,0.5916666666666668,0.0219721331764067,0.0,0.0789351280828633,-0.0048976608187134,0.0467032841156941,1.0,0.0716669624028087,0.0574614557135712,0.0999004054902623,0.1262846958217981,0.0798232955038282,0.0739809724027666,-0.0187235428199283,-0.0059426896776294,-0.0127808531422989,0,,,,,,,,,,,participant_x_stimulus,-0.012780853142298931,-0.0840326001867652,0.05432026414200657,0.1428,heldout,0.0716669620930681,0.0862307319012382,3.122502256758253e-17,0.0018598269886394223,-0.00229958566857396
197,CASE,valence,subject,all,linear_logistic,20261007,0.5,0.1801880640467632,0.0086361737677527,144.0,0.5916666666666668,0.0219721331764067,0.0,0.1582159308703565,0.0086361737677527,0.0936110924316276,1.0,0.1525373303895873,0.1244509824981633,0.1550605683387102,0.1584266797304331,0.1525373303895873,0.1759630927402903,-0.0165255617062846,-0.0059426896776294,-0.0105828720286552,0,,,,,,,,,,,participant_x_stimulus,-0.010582872028655155,-0.08428912870585918,0.05966044543310998,0.2052,heldout,0.1525373346415441,0.1439302441384012,4.5102810375396984e-17,-0.0009806266606832096,0.002551723281806636
198,CASE,valence,subject,all,linear_logistic,20261007,0.75,0.2590591829573211,0.0408312447786131,144.0,0.5916666666666668,0.0219721331764067,0.0,0.2370870497809144,0.0408312447786131,0.1402765044537077,1.0,0.3580482130110745,0.305774841350022,0.2706736426834867,0.2591390856729399,0.3136116292275334,0.3841900011830335,0.0127808531422989,-0.0059426896776294,0.0187235428199283,0,,,,,,,,,,,participant_x_stimulus,0.018723542819928385,-0.04965752037242055,0.1114149343222379,0.5036,heldout,0.3580482026727126,0.2667020154831994,8.326672684688674e-17,-0.03493532936291856,0.05706855037435915
199,CASE,valence,subject,all,linear_logistic,20261007,1.0,0.3387692005141657,-0.0107142857142857,144.0,0.5916666666666668,0.0219721331764067,0.0,0.316797067337759,-0.0107142857142857,0.1874382648415074,1.0,0.3235681894815296,0.2741787383238328,0.2323608163675127,0.2936400996673157,0.2023230890088969,0.3614345921988979,-0.0044773689352002,-0.0059426896776294,0.0014653207424291,0,,,,,,,,,,,participant_x_stimulus,0.0014653207424292214,-0.05579740442335605,0.06666667014360428,0.2678,heldout,0.323568201684617,0.2467177056763566,1.214306433183765e-16,0.002665629185187391,0.04382675484721165
200,CASE,valence,subject,baseline_delta,gpu_mlp,20260813,0.25,0.1036525067129562,-0.0165071770334928,72.0,0.2249999999999999,0.0243041790410949,0.0,0.0793483276718613,-0.0165071770334928,0.0178533737261687,4.0,0.0458494423377364,0.0365598322048661,0.0620885925600999,0.066671323254217,0.0715262777432345,0.0560467105901609,-0.0330511234125692,-0.0293064148485835,-0.0037447085639857,0,,,,,,,,,,,participant_x_stimulus,-0.003744708563985677,-0.06772368680685759,0.07648693751543743,0.2538,audit,0.0458494404059205,0.06392423348312,2.2985086056692694e-17,0.0071906285251180785,-0.0019841364408683853
201,CASE,valence,subject,baseline_delta,gpu_mlp,20260813,0.5,0.1825797506365158,0.0121193134351029,72.0,0.2249999999999999,0.0243041790410949,0.0,0.1582755715954208,0.0121193134351029,0.0356120036089696,4.0,0.1033329315685566,0.0834147229657223,0.1079022060147521,0.1034371623524669,0.1208525527285646,0.1116605549172869,-0.0337837837837837,-0.0293064148485835,-0.0044773689352002,0,,,,,,,,,,,participant_x_stimulus,-0.004477368935200232,-0.0671980157494545,0.08009869921952485,0.237,audit,0.1033329300667662,0.1103446076893018,3.209238430557093e-17,0.0018252971831591441,-0.0014982380099227265
202,CASE,valence,subject,baseline_delta,gpu_mlp,20260813,0.75,0.2606983797447526,-0.0061621857674489,72.0,0.2249999999999999,0.0243041790410949,0.0,0.2363942007036577,-0.0061621857674489,0.0531886951583229,4.0,0.1177637266632489,0.0953596984556172,0.1167724904013377,0.108464290722696,0.1464174920153435,0.1248269631283593,-0.0337837837837837,-0.0293064148485835,-0.0044773689352002,0,,,,,,,,,,,participant_x_stimulus,-0.004477368935200232,-0.07618469949811697,0.09903264380991436,0.2936,audit,0.1177637271067781,0.1205775656709482,3.209238430557093e-17,0.0009816320838285549,-0.0006706539210521237
203,CASE,valence,subject,baseline_delta,gpu_mlp,20260813,1.0,0.3408108905495658,-0.006632110579479,72.0,0.2249999999999999,0.0243041790410949,0.0,0.3165067115084709,-0.006632110579479,0.0712140100894059,4.0,0.1706224483089647,0.1397552759971981,0.1501961583058486,0.144363848592616,0.1628245024191479,0.1699754582789361,-0.0330511234125692,-0.0293064148485835,-0.0037447085639857,0,,,,,,,,,,,participant_x_stimulus,-0.003744708563985677,-0.0748492058366537,0.10577651634812345,0.2986,audit,0.1706224471513626,0.1555305880462684,2.2985086056692694e-17,-0.00409060260366078,0.004922255653901475
204,CASE,valence,subject,baseline_delta,gpu_mlp,20260829,0.25,0.0964775855558233,-0.0226307189542483,72.0,0.2649999999999999,0.0236370807716058,0.0,0.0728405047842175,-0.0226307189542483,0.0193027337678176,4.0,0.043763798012006,0.0348813140502497,0.0622165825982927,0.062865754581763,0.0705088652481037,0.0557128107048782,0.0653695864539238,0.0450993161836534,0.0202702702702703,1,,,,,,,,,,,participant_x_stimulus,0.020270270270270396,-0.04510120814666152,0.0936858560889959,0.4706,heldout,0.0437637999810286,0.0619631314306566,9.71445146547012e-17,0.015205051292476512,0.03447450343134251
205,CASE,valence,subject,baseline_delta,gpu_mlp,20260829,0.5,0.1688571817741797,0.0114814107461166,72.0,0.2649999999999999,0.0236370807716058,0.0,0.1452201010025738,0.0114814107461166,0.038483326765682,4.0,0.1052085836044113,0.0849630860348568,0.112218748976948,0.1044441056514619,0.116560894480251,0.1157527819834736,0.0781504395962227,0.0450993161836534,0.0330511234125693,1,,,,,,,,,,,participant_x_stimulus,0.03305112341256922,-0.04023295221850276,0.11038446407765147,0.637,heldout,0.1052085793392574,0.1116968302443232,8.326672684688674e-17,0.0068586949330095015,0.011569165090087208
206,CASE,valence,subject,baseline_delta,gpu_mlp,20260829,0.75,0.2409314189113619,-0.0245257193786605,72.0,0.2649999999999999,0.0236370807716058,0.0,0.2172943381397561,-0.0245257193786605,0.0575829996070353,4.0,0.0927824274159983,0.0747284202924446,0.1008050213001079,0.08497517008297,0.1486025025936027,0.1063110075317887,0.079615760338652,0.0450993161836534,0.0345164441549986,1,,,,,,,,,,,participant_x_stimulus,0.03451644415499855,-0.01318910273257643,0.10526662580668922,0.7046,heldout,0.0927824307699353,0.1025982788883605,4.85722573273506e-17,0.01191466579720879,0.017713868865574356
207,CASE,valence,subject,baseline_delta,gpu_mlp,20260829,1.0,0.3144017936019086,-0.0743899074781427,72.0,0.2649999999999999,0.0236370807716058,0.0,0.2907647128303028,-0.0743899074781427,0.0770526489000302,4.0,0.0675320546422545,0.0540983867936403,0.0791491834100202,0.0957353084899329,0.1684474041261259,0.0828816923530357,0.0518560729404102,0.0450993161836534,0.0067567567567567,0,,,,,,,,,,,participant_x_stimulus,0.006756756756756799,-0.07210306823253632,0.0992515126243232,0.3604,heldout,0.0675320545928934,0.0828585305052779,9.8879238130678e-17,0.008742366157690223,-0.0023049576799565345
208,CASE,valence,subject,baseline_delta,gpu_mlp,20260911,0.25,0.1011167600637738,-0.0014189514189514,72.0,0.265,0.0216982614454465,0.0,0.0794184986183273,-0.0014189514189514,0.0210459021338567,4.0,0.0618523404972778,0.0494885359024869,0.0789207671579356,0.0874704747930162,0.0730366216768773,0.0713976872454431,0.0556007815043959,0.0248290459133833,0.0307717355910126,1,,,,,,,,,,,participant_x_stimulus,0.03077173559101265,-0.052298058010637756,0.11518671177327632,0.566,audit,0.0618523402866165,0.0781173305044033,4.85722573273506e-17,0.01613536360033191,0.030253375109370872
209,CASE,valence,subject,baseline_delta,gpu_mlp,20260911,0.5,0.1806379850643605,-0.0681697931697931,72.0,0.265,0.0216982614454465,0.0,0.1589397236189139,-0.0681697931697931,0.0421190267590122,4.0,0.0359241695799318,0.0285852846681056,0.0529607819086554,0.0699666334866605,0.1108362163142902,0.0509206306401328,0.0188049495278411,0.0248290459133833,-0.0060240963855422,0,,,,,,,,,,,participant_x_stimulus,-0.0060240963855421326,-0.06424565501511097,0.05599541692063203,0.1774,audit,0.035924170743482,0.0542953778026503,6.765421556309548e-17,0.004860662257467228,-0.0016574420071256827
210,CASE,valence,subject,baseline_delta,gpu_mlp,20260911,0.75,0.2587547834559797,-0.0135401635401635,72.0,0.265,0.0216982614454465,0.0,0.2370565220105331,-0.0135401635401635,0.0628199783327913,4.0,0.1195474186867233,0.0968412969854916,0.1198233479105143,0.1051497409501435,0.1550068499650394,0.1306981510707538,0.0616248778899382,0.0248290459133833,0.0367958319765549,1,,,,,,,,,,,participant_x_stimulus,0.036795831976554894,-0.03204992264509201,0.12336816601455208,0.6826,audit,0.1195474172160338,0.1218169560351512,6.938893903907228e-18,0.002550588581213542,0.00399129182358926
211,CASE,valence,subject,baseline_delta,gpu_mlp,20260911,1.0,0.3391967344256542,0.0353234728234728,72.0,0.265,0.0216982614454465,0.0,0.3174984729802076,0.0353234728234728,0.084137095339755,4.0,0.3144949979387078,0.2659459810623116,0.2389531535255716,0.2231278656194234,0.2604402032253721,0.3057174198686028,0.0436339954412243,0.0248290459133833,0.018804949527841,0,,,,,,,,,,,participant_x_stimulus,0.018804949527841064,-0.03464522995054722,0.07823612522333855,0.4638,audit,0.3144949872805728,0.2414604059448782,6.245004513516506e-17,-0.027142908261448034,0.04060396938554227
212,CASE,valence,subject,baseline_delta,gpu_mlp,20260923,0.25,0.1038973971498886,0.0098935786435786,72.0,0.2599999999999999,0.02607753184854,-0.0069444444444444,0.0778198653013486,0.016838023088023,0.0202331649783506,4.0,0.0714726162318921,0.0573032542177487,0.0869371028906936,0.0850544284943258,0.0800690274217444,0.0781180495923552,0.0375284923477694,0.0247476392054705,0.0127808531422989,0,,,,,,,,,,,participant_x_stimulus,0.012780853142298931,-0.07666175328195095,0.08360293321311467,0.4116,heldout,0.0714726174772469,0.0860736347797355,3.122502256758253e-17,0.009719221888262172,-0.0023003355551464337
213,CASE,valence,subject,baseline_delta,gpu_mlp,20260923,0.5,0.1821100169482141,0.0314957611832611,72.0,0.2599999999999999,0.02607753184854,-0.0069444444444444,0.1560324850996741,0.0384402056277055,0.0405684461259152,4.0,0.1439676934694592,0.1172409603809785,0.1391882490828932,0.1276686664650763,0.1597830413711943,0.1505992387667282,0.0533213936828395,0.0247476392054705,0.028573754477369,1,,,,,,,,,,,participant_x_stimulus,0.028573754477368984,-0.006899396213702857,0.07228504382073875,0.6098,heldout,0.1439676898485238,0.138317572816588,1.3877787807814457e-17,-0.005295937961700331,-0.00970528929342307
214,CASE,valence,subject,baseline_delta,gpu_mlp,20260923,0.75,0.2583436788814771,-0.014163961038961,72.0,0.2599999999999999,0.02607753184854,-0.0069444444444444,0.232266147032937,-0.0072195165945166,0.0603891982285636,4.0,0.1140818925205073,0.0923050287926631,0.1158512733159597,0.0982766522277933,0.1528009670965019,0.125209861512618,0.0029306414848583,0.0247476392054705,-0.0218169977206122,0,,,,,,,,,,,participant_x_stimulus,-0.021816997720612186,-0.0858117874711752,0.042249769158661306,0.0782,heldout,0.114081886743606,0.118002461720733,1.3877787807814457e-17,-0.0002967261627494478,-0.000909904089172112
215,CASE,valence,subject,baseline_delta,gpu_mlp,20260923,1.0,0.3365399954856268,0.018138979076479,72.0,0.2599999999999999,0.02607753184854,-0.0069444444444444,0.3104624636370868,0.0250834235209234,0.0807202405456425,4.0,0.2491361246194998,0.2076207990001005,0.2000005247422805,0.1691721118270677,0.208748350576869,0.2452152443932936,0.0329697167046564,0.0247476392054705,0.0082220774991858,0,,,,,,,,,,,participant_x_stimulus,0.00822207749918591,-0.05646961480379104,0.07188902869820592,0.3122,heldout,0.2491361398599486,0.2033058733323063,1.0928757898653885e-16,-0.007880880366955756,0.020735538052904096
216,CASE,valence,subject,baseline_delta,gpu_mlp,20261007,0.25,0.10090726125927,-0.0048976608187134,72.0,0.2333333333333332,0.0219721331764067,0.0,0.0789351280828633,-0.0048976608187134,0.0184181965526681,4.0,0.0551282139122173,0.0440454064622658,0.0710450369677785,0.0836523989985962,0.0716802230662804,0.0645707048740903,-0.0074894171279713,0.0097688049495278,-0.0172582220774991,0,,,,,,,,,,,participant_x_stimulus,-0.017258222077499163,-0.08494497947394848,0.05658204909414052,0.1152,audit,0.0551282140872732,0.0723193501783837,6.245004513516506e-17,0.0017698693336204005,-0.0021909684217714595
217,CASE,valence,subject,baseline_delta,gpu_mlp,20261007,0.5,0.1801880640467632,0.0086361737677527,72.0,0.2333333333333332,0.0219721331764067,0.0,0.1582159308703565,0.0086361737677527,0.0369170505364165,4.0,0.1003945961752634,0.0809916160437486,0.1062526811801654,0.1005095754735542,0.1161677557349456,0.1096870035096367,0.0232823184630414,0.0097688049495278,0.0135135135135136,0,,,,,,,,,,,participant_x_stimulus,0.013513513513513598,-0.07617470286786555,0.10427200738340614,0.4246,audit,0.1003945993729562,0.1082117422488937,1.734723475976807e-18,0.005007612152961485,-0.0016307055772846277
218,CASE,valence,subject,baseline_delta,gpu_mlp,20261007,0.75,0.2590591829573211,0.0408312447786131,72.0,0.2333333333333332,0.0219721331764067,0.0,0.2370870497809144,0.0408312447786131,0.0553203116155466,4.0,0.2211777122325655,0.1831846883864252,0.1844052694664657,0.1611044454365665,0.2387444730155598,0.220340987522055,0.0202702702702702,0.0097688049495278,0.0105014653207423,0,,,,,,,,,,,participant_x_stimulus,0.010501465320742476,-0.10785055868327617,0.10623998399823885,0.417,audit,0.2211777081073669,0.1866525810388258,1.7520707107365752e-16,-0.014713563419991117,0.01408039255517217
219,CASE,valence,subject,baseline_delta,gpu_mlp,20261007,1.0,0.3387692005141657,-0.0107142857142857,72.0,0.2333333333333332,0.0219721331764067,0.0,0.316797067337759,-0.0107142857142857,0.0739193157121437,4.0,0.166387689656023,0.1361608506358278,0.1477099732815119,0.1471867527397403,0.1654108272789362,0.1672512205498064,0.01579290133507,0.0097688049495278,0.0060240963855422,0,,,,,,,,,,,participant_x_stimulus,0.006024096385542244,-0.06470860913395882,0.057063527498394225,0.2634,audit,0.1663876939412045,0.1528414100575501,4.336808689942018e-17,-0.0028118142832173794,0.004324368066691772
220,CASE,valence,subject,baseline_delta,linear_logistic,20260813,0.25,0.1036525067129562,-0.0165071770334928,72.0,0.2249999999999999,0.0243041790410949,0.0,0.0793483276718613,-0.0165071770334928,0.0178533737261687,1.0,0.0293123879782622,0.0232915794880517,0.0399488467766878,0.0429623522119157,0.0461762543810974,0.0353103111935958,0.0052100293064148,0.0179908824487138,-0.0127808531422989,0,,,,,,,,,,,participant_x_stimulus,-0.012780853142298931,-0.05389434034004807,0.02806122414767742,0.052,heldout,0.0293123867218115,0.0473842856623922,3.122502256758253e-17,0.0004934229774142369,-0.0013860545124061562
221,CASE,valence,subject,baseline_delta,linear_logistic,20260813,0.5,0.1825797506365158,0.0121193134351029,72.0,0.2249999999999999,0.0243041790410949,0.0,0.1582755715954208,0.0121193134351029,0.0356120036089696,1.0,0.067530030905655,0.0540967431418316,0.0706567841566358,0.0676008703796814,0.0795177513616548,0.0739792061663032,0.0096873982416152,0.0179908824487138,-0.0083034842070985,0,,,,,,,,,,,participant_x_stimulus,-0.008303484207098588,-0.09135333318263292,0.06267532035708405,0.1902,heldout,0.0675300298850183,0.0828568635323941,8.847089727481716e-17,0.003525372621307442,-0.0023049548981543145
222,CASE,valence,subject,baseline_delta,linear_logistic,20260813,0.75,0.2606983797447526,-0.0061621857674489,72.0,0.2249999999999999,0.0243041790410949,0.0,0.2363942007036577,-0.0061621857674489,0.0531886951583229,1.0,0.0773923848145595,0.0621279595423489,0.0767285901599433,0.0710242989959315,0.0973065979257886,0.0836601650061508,0.0465646369260828,0.0179908824487138,0.028573754477369,1,,,,,,,,,,,participant_x_stimulus,0.028573754477368984,-0.03975436203181743,0.09734144806861877,0.5942,heldout,0.0773923851193778,0.0908008781122377,1.3877787807814457e-17,0.013679434881227415,0.02456176779423236
223,CASE,valence,subject,baseline_delta,linear_logistic,20260813,1.0,0.3408108905495658,-0.006632110579479,72.0,0.2249999999999999,0.0243041790410949,0.0,0.3165067115084709,-0.006632110579479,0.0712140100894059,1.0,0.1144816831460944,0.0926364855614626,0.099988088865935,0.0958644201513108,0.1089125981206277,0.1161787958635905,0.0052100293064148,0.0179908824487138,-0.0127808531422989,0,,,,,,,,,,,participant_x_stimulus,-0.012780853142298931,-0.07363685816526414,0.05801692241802803,0.131,heldout,0.1144816823168083,0.118283202593378,3.122502256758253e-17,0.00011113788280177564,-0.0008848604296594863
224,CASE,valence,subject,baseline_delta,linear_logistic,20260829,0.25,0.0964775855558233,-0.0226307189542483,72.0,0.2649999999999999,0.0236370807716058,0.0,0.0728405047842175,-0.0226307189542483,0.0193027337678176,1.0,0.0279569560674006,0.0222081853963736,0.0400331457507632,0.040451427477106,0.045501757376472,0.0349195327546769,0.0728590035818951,0.01579290133507,0.057066102246825,1,,,,,,,,,,,participant_x_stimulus,0.05706610224682507,-0.0023241474002134023,0.1777101933956146,0.868,audit,0.0279569573460336,0.0459057207814676,6.938893903907228e-17,0.029833309587495194,0.03457178313444986
225,CASE,valence,subject,baseline_delta,linear_logistic,20260829,0.5,0.1688571817741797,0.0114814107461166,72.0,0.2649999999999999,0.0236370807716058,0.0,0.1452201010025738,0.0114814107461166,0.038483326765682,1.0,0.068805673413601,0.0551336338610653,0.0736062898581812,0.0682855239109478,0.0765661168500419,0.0765125404519928,0.0563334418756106,0.01579290133507,0.0405405405405406,1,,,,,,,,,,,participant_x_stimulus,0.04054054054054057,-0.014915261277928948,0.09957460183650249,0.766,audit,0.0688056705107397,0.0839040049146066,2.7755575615628914e-17,0.020824986560446235,0.027891007061455864
226,CASE,valence,subject,baseline_delta,linear_logistic,20260829,0.75,0.2409314189113619,-0.0245257193786605,72.0,0.2649999999999999,0.0236370807716058,0.0,0.2172943381397561,-0.0245257193786605,0.0575829996070353,1.0,0.0603888817541278,0.0483025489112252,0.0658286165450196,0.0551417310183259,0.0988435866369011,0.0703417633231219,0.0593454900683817,0.01579290133507,0.0435525887333116,1,,,,,,,,,,,participant_x_stimulus,0.04355258873331169,-0.0067272147629410025,0.10766148716211299,0.7848,audit,0.0603888840150355,0.0768734690527059,9.020562075079397e-17,0.023611491743511515,0.030706457143724775
227,CASE,valence,subject,baseline_delta,linear_logistic,20260829,1.0,0.3144017936019086,-0.0743899074781427,72.0,0.2649999999999999,0.0236370807716058,0.0,0.2907647128303028,-0.0743899074781427,0.0770526489000302,1.0,0.0435312751959876,0.0346942732865101,0.0512583927119591,0.0623817001109548,0.1129248624244685,0.0548572549425713,0.0293064148485835,0.01579290133507,0.0135135135135135,0,,,,,,,,,,,participant_x_stimulus,0.013513513513513487,-0.06265066973865031,0.09510898832231755,0.3786,audit,0.0435312751633504,0.0617426066727302,1.3877787807814457e-17,0.011872442657506255,-0.0019171775613961413
228,CASE,valence,subject,baseline_delta,linear_logistic,20260911,0.25,0.1011167600637738,-0.0014189514189514,72.0,0.265,0.0216982614454465,0.0,0.0794184986183273,-0.0014189514189514,0.0210459021338567,1.0,0.0397839995204592,0.0316825104135807,0.0511059992774063,0.0568153697938054,0.0471785086166608,0.0455235714550375,-0.0014653207424291,-0.0126994464343861,0.011234125691957,0,,,,,,,,,,,participant_x_stimulus,0.011234125691957031,-0.08058204650878906,0.09018971286714052,0.3612,heldout,0.0397839993817725,0.0581330829402816,3.122502256758253e-17,0.01145868923733416,-0.0017966887253327843
229,CASE,valence,subject,baseline_delta,linear_logistic,20260911,0.5,0.1806379850643605,-0.0681697931697931,72.0,0.265,0.0216982614454465,0.0,0.1589397236189139,-0.0681697931697931,0.0421190267590122,1.0,0.0228811319753827,0.0181566043736804,0.0339580154598955,0.0451424969069009,0.0726441902777534,0.0327088904904235,-0.0089547378704005,-0.0126994464343861,0.0037447085639855,0,,,,,,,,,,,participant_x_stimulus,0.003744708563985566,-0.06896846536546945,0.09800881482660727,0.288,heldout,0.0228811327265075,0.0401399949427206,6.591949208711867e-17,0.00885343167738517,-0.001087672959153583
230,CASE,valence,subject,baseline_delta,linear_logistic,20260911,0.75,0.2587547834559797,-0.0135401635401635,72.0,0.265,0.0216982614454465,0.0,0.2370565220105331,-0.0135401635401635,0.0628199783327913,1.0,0.0786190888627524,0.0631292690956524,0.0788266126474265,0.0687656260472486,0.1033638144770292,0.0873935100089125,0.0008140670791273,-0.0126994464343861,0.0135135135135134,0,,,,,,,,,,,participant_x_stimulus,0.013513513513513487,-0.06896611787378788,0.10089726299047456,0.4052,heldout,0.0786190878506091,0.0917661380787103,8.673617379884035e-17,0.008414306381434089,-0.002240063123419133
231,CASE,valence,subject,baseline_delta,linear_logistic,20260911,1.0,0.3391967344256542,0.0353234728234728,72.0,0.265,0.0216982614454465,0.0,0.3174984729802076,0.0353234728234728,0.084137095339755,1.0,0.2237884942132878,0.1854537861606943,0.1648299615629935,0.1528958329047027,0.1812030526764522,0.2204546163044336,0.0052914360143275,-0.0126994464343861,0.0179908824487136,0,,,,,,,,,,,participant_x_stimulus,0.01799088244871372,-0.06885769683867693,0.12222480624914166,0.4678,heldout,0.2237884856256311,0.1882208159966075,1.1796119636642288e-16,-0.01862290098072996,0.014654210724184526
232,CASE,valence,subject,baseline_delta,linear_logistic,20260923,0.25,0.1038973971498886,0.0098935786435786,72.0,0.2599999999999999,0.02607753184854,-0.0069444444444444,0.0778198653013486,0.016838023088023,0.0202331649783506,1.0,0.046140666216157,0.0367943278209222,0.0564702784750931,0.0551948415577489,0.0518604339199304,0.0502056553712696,-0.0083034842070987,-0.0075708238358841,-0.0007326603712145,0,,,,,,,,,,,participant_x_stimulus,-0.0007326603712145552,-0.07241791654378175,0.06605294365435836,0.2342,audit,0.046140667042056,0.0641957143990434,5.5185890579512176e-17,0.0064648555898952215,-0.001992128592117675
233,CASE,valence,subject,baseline_delta,linear_logistic,20260923,0.5,0.1821100169482141,0.0314957611832611,72.0,0.2599999999999999,0.02607753184854,-0.0069444444444444,0.1560324850996741,0.0384402056277055,0.0405684461259152,1.0,0.0955864864809767,0.0770331832902591,0.0922604403900601,0.0842259195192628,0.1067497684840079,0.1016278674649903,0.0007326603712145,-0.0075708238358841,0.0083034842070986,0,,,,,,,,,,,participant_x_stimulus,0.0083034842070987,-0.07263177372515202,0.08771805632859464,0.3612,audit,0.0955864839410035,0.1046814598837681,9.8879238130678e-17,0.004748778489859912,-0.0018214321311932312
234,CASE,valence,subject,baseline_delta,linear_logistic,20260923,0.75,0.2583436788814771,-0.014163961038961,72.0,0.2599999999999999,0.02607753184854,-0.0069444444444444,0.232266147032937,-0.0072195165945166,0.0603891982285636,1.0,0.074865635570154,0.0600671237714791,0.0760960615811112,0.0641004172800435,0.1018043136883378,0.083571527591949,-0.0608922175187235,-0.0075708238358841,-0.0533213936828394,0,,,,,,,,,,,participant_x_stimulus,-0.05332139368283939,-0.13777830190956591,0.04545454680919647,0.0568,audit,0.0748656316112773,0.0887974865610835,6.938893903907228e-18,-0.0006974721007123372,-0.0022801308230103205
235,CASE,valence,subject,baseline_delta,linear_logistic,20260923,1.0,0.3365399954856268,0.018138979076479,72.0,0.2599999999999999,0.02607753184854,-0.0069444444444444,0.3104624636370868,0.0250834235209234,0.0807202405456425,1.0,0.1725358161749935,0.1413815031366455,0.1358042699263534,0.1134432846136021,0.1422138848622825,0.172161265217943,-0.023363725170954,-0.0075708238358841,-0.0157929013350699,0,,,,,,,,,,,participant_x_stimulus,-0.015792901335069942,-0.10411601588129997,0.062074022926390054,0.1492,audit,0.172535827806295,0.156740619926957,4.163336342344337e-17,0.00048769991052223006,0.005200989941716687
236,CASE,valence,subject,baseline_delta,linear_logistic,20261007,0.25,0.10090726125927,-0.0048976608187134,72.0,0.2333333333333332,0.0219721331764067,0.0,0.0789351280828633,-0.0048976608187134,0.0184181965526681,1.0,0.035368531660149,0.0281398448522188,0.0458677600653388,0.0542558274063266,0.0462783585821134,0.0409878812039201,0.0413546076196678,0.0240963855421685,0.0172582220774993,0,,,,,,,,,,,participant_x_stimulus,0.017258222077499275,-0.03843389265239239,0.09586190581321713,0.4412,heldout,0.035368531774808,0.0537319103876495,2.42861286636753e-17,0.014567660133970567,-0.0016361851540007929
237,CASE,valence,subject,baseline_delta,linear_logistic,20261007,0.5,0.1801880640467632,0.0086361737677527,72.0,0.2333333333333332,0.0219721331764067,0.0,0.1582159308703565,0.0086361737677527,0.0369170505364165,1.0,0.0655353640131696,0.0524765324730588,0.0695322595301636,0.0656133317847316,0.0762962233189726,0.0725268297508516,0.0127808531422988,0.0240963855421685,-0.0113155323998697,0,,,,,,,,,,,participant_x_stimulus,-0.01131553239986971,-0.06726158633828164,0.05697992406785473,0.1486,heldout,0.0655353661814375,0.0812068145083558,1.0408340855860843e-17,0.0023578919407007152,-0.0022996625020594045
238,CASE,valence,subject,baseline_delta,linear_logistic,20261007,0.75,0.2590591829573211,0.0408312447786131,72.0,0.2333333333333332,0.0219721331764067,0.0,0.2370870497809144,0.0408312447786131,0.0553203116155466,1.0,0.1514398547181351,0.1235261303547581,0.124436162129031,0.107688800388185,0.1646386540720343,0.1541022263875386,0.0278410941061542,0.0240963855421685,0.0037447085639857,0,,,,,,,,,,,participant_x_stimulus,0.003744708563985677,-0.07003314923495055,0.08804212678223837,0.3246,heldout,0.1514398516407069,0.1432159390847949,2.2985086056692694e-17,-0.0029157405742784304,0.0024232234570196257
239,CASE,valence,subject,baseline_delta,linear_logistic,20261007,1.0,0.3387692005141657,-0.0107142857142857,72.0,0.2333333333333332,0.0219721331764067,0.0,0.316797067337759,-0.0107142857142857,0.0739193157121437,1.0,0.1114530633616255,0.0901269622086804,0.0982369203804353,0.0978474131960292,0.1107558712541316,0.1139999845744495,0.003012048192771,0.0240963855421685,-0.0210843373493975,0,,,,,,,,,,,participant_x_stimulus,-0.02108433734939752,-0.07909452151507139,0.045010464545339315,0.0946,heldout,0.1114530664211666,0.1161494654431452,2.0816681711721685e-17,-0.0001803536130890555,-0.0010689123080474035
240,CASE,valence,subject,facial_emg,gpu_mlp,20260813,0.25,0.1036525067129562,-0.0165071770334928,54.0,0.4083333333333333,0.0243041790410949,0.0,0.0793483276718613,-0.0165071770334928,0.0324005671326766,4.0,0.0657434325601944,0.0526454739079813,0.0922182981575686,0.0973224615433942,0.0864037887343211,0.0798679445783085,0.0037447085639856,0.0248290459133832,-0.0210843373493976,0,,,,,,,,,,,participant_x_stimulus,-0.02108433734939763,-0.11886684466153383,0.10467344410717475,0.237,audit,0.0657434292944688,0.0813796695080078,3.122502256758253e-17,0.005111125747381727,-0.0023004521138357565
241,CASE,valence,subject,facial_emg,gpu_mlp,20260813,0.5,0.1825797506365158,0.0121193134351029,54.0,0.4083333333333333,0.0243041790410949,0.0,0.1582755715954208,0.0121193134351029,0.0646291917347968,4.0,0.1573049013164633,0.128473790190979,0.1607503220523881,0.1577134536169488,0.1573049013164633,0.1723594433538797,0.0563334418756104,0.0248290459133832,0.0315043959622272,1,,,,,,,,,,,participant_x_stimulus,0.031504395962227205,-0.0801846208050847,0.15116571448743338,0.5632,audit,0.1573048978073924,0.1470187615042121,6.938893903907228e-18,-0.008455989291940524,-0.017441957966398802
242,CASE,valence,subject,facial_emg,gpu_mlp,20260813,0.75,0.2606983797447526,-0.0061621857674489,54.0,0.4083333333333333,0.0243041790410949,0.0,0.2363942007036577,-0.0061621857674489,0.0965276319539935,4.0,0.1928399642370458,0.1587226446034493,0.1776229084017276,0.1670519393246073,0.2046942944140991,0.2188656562917502,0.0525887333116247,0.0248290459133832,0.0277596873982414,1,,,,,,,,,,,participant_x_stimulus,0.027759687398241528,-0.05992236956954002,0.1428705554455517,0.5394,audit,0.1928399630631446,0.1694077771026175,1.2836953722228372e-16,-0.016790385802871788,-0.03837611550970932
243,CASE,valence,subject,facial_emg,gpu_mlp,20260813,1.0,0.3408108905495658,-0.006632110579479,54.0,0.4083333333333333,0.0243041790410949,0.0,0.3165067115084709,-0.006632110579479,0.1292402405326256,4.0,0.2897193536318741,0.2436356685229947,0.2296434859884236,0.2232976661683421,0.2337262893967812,0.3101746925003419,0.0826278085314228,0.0248290459133832,0.0577987626180396,1,,,,,,,,,,,participant_x_stimulus,0.05779876261803962,-0.014395015756599603,0.1678234182298182,0.8192,audit,0.2897193483805034,0.227076522696047,2.0816681711721685e-17,-0.07026045193511815,-0.09291209770261777
244,CASE,valence,subject,facial_emg,gpu_mlp,20260829,0.25,0.0964775855558233,-0.0226307189542483,54.0,0.4333333333333333,0.0236370807716058,0.0,0.0728405047842175,-0.0226307189542483,0.0315642187398275,4.0,0.0605641546257086,0.0484445506295686,0.0893116498616852,0.0910074956160392,0.0869454792908849,0.076946942860476,0.0737544773689351,0.0256431129925105,0.0481113643764246,1,,,,,,,,,,,participant_x_stimulus,0.04811136437642455,-0.06918157003819943,0.16269935369491575,0.6562,heldout,0.0605641571722416,0.0770229480349063,4.85722573273506e-17,0.019335999738157195,0.03065306433532544
245,CASE,valence,subject,facial_emg,gpu_mlp,20260829,0.5,0.1688571817741797,0.0114814107461166,54.0,0.4333333333333333,0.0236370807716058,0.0,0.1452201010025738,0.0114814107461166,0.0629287104344486,4.0,0.1527602741429,0.1246389128694066,0.1609781418325838,0.1536028790767973,0.1527602741429,0.161372219572699,0.0654509931618365,0.0256431129925105,0.039807880169326,1,,,,,,,,,,,participant_x_stimulus,0.03980788016932596,-0.07090987470000983,0.13235997073352326,0.6292,heldout,0.1527602674132773,0.1440751862509313,4.163336342344337e-17,-0.00835126612776077,-0.014792122317756617
246,CASE,valence,subject,facial_emg,gpu_mlp,20260829,0.75,0.2409314189113619,-0.0245257193786605,54.0,0.4333333333333333,0.0236370807716058,0.0,0.2172943381397561,-0.0245257193786605,0.0941608798605609,4.0,0.1457861034186983,0.1187686294994161,0.1487247999713824,0.1297504414587538,0.206073589142413,0.177925478608775,0.0902800390752197,0.0256431129925105,0.0646369260827092,1,,,,,,,,,,,participant_x_stimulus,0.06463692608270916,-0.06674313154071569,0.19722221828997136,0.7286,heldout,0.1457861082084135,0.1395154219070837,4.163336342344337e-17,-0.0073486076816541845,-0.010752336206016011
247,CASE,valence,subject,facial_emg,gpu_mlp,20260829,1.0,0.3144017936019086,-0.0743899074781427,54.0,0.4333333333333333,0.0236370807716058,0.0,0.2907647128303028,-0.0743899074781427,0.1259980422264645,4.0,0.1164013648918335,0.0942288366732187,0.1209555667862111,0.14929521733702,0.2406361469923818,0.1509758800667255,0.0699283620970367,0.0256431129925105,0.0442852491045262,1,,,,,,,,,,,participant_x_stimulus,0.04428524910452619,-0.07452130522578955,0.15625297948718067,0.6248,heldout,0.1164013666384304,0.119627397240247,6.938893903907228e-18,0.003269811824848423,0.005690625188451648
248,CASE,valence,subject,facial_emg,gpu_mlp,20260911,0.25,0.1011167600637738,-0.0014189514189514,54.0,0.4016666666666666,0.0216982614454465,0.0,0.0794184986183273,-0.0014189514189514,0.0318997636116948,4.0,0.0805628402911649,0.0647169563079057,0.105472864499737,0.0896162620119283,0.0853518701641051,0.0855357105894393,0.0721263432106805,0.0556007815043959,0.0165255617062845,0,,,,,,,,,,,participant_x_stimulus,0.01652556170628461,-0.08301075585186482,0.10989896878600114,0.4808,audit,0.0805628405103394,0.0932861266447438,1.0755285551056204e-16,0.01002278179355845,-0.0022119301532847946
249,CASE,valence,subject,facial_emg,gpu_mlp,20260911,0.5,0.1806379850643605,-0.0681697931697931,54.0,0.4016666666666666,0.0216982614454465,0.0,0.1589397236189139,-0.0681697931697931,0.0638407889869304,4.0,0.0507101810655277,0.04047751049869,0.0730395250843767,0.074230977606747,0.1373717718431915,0.0765975196219421,0.0518560729404102,0.0556007815043959,-0.0037447085639857,0,,,,,,,,,,,participant_x_stimulus,-0.003744708563985677,-0.09635015092790127,0.07350048199295997,0.2222,audit,0.0507101828579489,0.0683848260822238,2.2985086056692694e-17,0.005749649656058384,-0.002104961792809383
250,CASE,valence,subject,facial_emg,gpu_mlp,20260911,0.75,0.2587547834559797,-0.0135401635401635,54.0,0.4016666666666666,0.0216982614454465,0.0,0.2370565220105331,-0.0135401635401635,0.0952177030075641,4.0,0.1733384315494122,0.1420640753015456,0.1641012246367572,0.1152223102914985,0.2015680168220669,0.1996792828466011,0.0683816346466948,0.0556007815043959,0.0127808531422989,0,,,,,,,,,,,participant_x_stimulus,0.012780853142298931,-0.06483216099441051,0.11789233405143011,0.428,audit,0.173338431362957,0.1572472869872684,3.122502256758253e-17,-0.008454517063075262,0.005319502522514213
251,CASE,valence,subject,facial_emg,gpu_mlp,20260911,1.0,0.3391967344256542,0.0353234728234728,54.0,0.4016666666666666,0.0216982614454465,0.0,0.3174984729802076,0.0353234728234728,0.1275285533137167,4.0,0.433398601320029,0.3765776463627289,0.3168133248990509,0.2444829813222887,0.3331535273885227,0.439541512084201,0.1051774666232496,0.0556007815043959,0.0495766851188537,1,,,,,,,,,,,participant_x_stimulus,0.049576685118853714,-0.05475926930084824,0.19363559819757928,0.7182,audit,0.4333985905903508,0.3108951269127364,1.3877787807814457e-17,-0.08478541683890928,-0.15382836896761265
252,CASE,valence,subject,facial_emg,gpu_mlp,20260923,0.25,0.1038973971498886,0.0098935786435786,54.0,0.415,0.02607753184854,-0.0069444444444444,0.0778198653013486,0.016838023088023,0.0322952441000596,4.0,0.0959182581836139,0.0773060639676789,0.1202493884735446,0.1221336420785878,0.0959182581836139,0.0982599074243204,0.0030120481927711,0.0060240963855421,-0.0030120481927709,0,,,,,,,,,,,participant_x_stimulus,-0.0030120481927710108,-0.09148046895861625,0.08382177520543332,0.2932,heldout,0.0959182595483482,0.104926726532686,1.1058862159352145e-16,0.0034732596135349098,-0.0018093054260807807
253,CASE,valence,subject,facial_emg,gpu_mlp,20260923,0.5,0.1821100169482141,0.0314957611832611,54.0,0.415,0.02607753184854,-0.0069444444444444,0.1560324850996741,0.0384402056277055,0.0647534813163647,4.0,0.2014314603492042,0.1661069348779974,0.1924523827294157,0.1863845635756241,0.2014314603492042,0.2047575997320506,0.0337837837837837,0.0060240963855421,0.0277596873982416,1,,,,,,,,,,,participant_x_stimulus,0.02775968739824164,-0.0641192963346839,0.12439887057989821,0.5638,heldout,0.2014314555709937,0.1746833925811884,3.8163916471489756e-17,-0.02010077217752887,-0.04343578232983514
254,CASE,valence,subject,facial_emg,gpu_mlp,20260923,0.75,0.2583436788814771,-0.014163961038961,54.0,0.415,0.02607753184854,-0.0069444444444444,0.232266147032937,-0.0072195165945166,0.0963904510186688,4.0,0.1733580458268042,0.1420807589367154,0.1653782460450127,0.1507291029213493,0.2062008130828017,0.2017140101022602,-0.0090361445783132,0.0060240963855421,-0.0150602409638553,0,,,,,,,,,,,participant_x_stimulus,-0.015060240963855387,-0.11892398241907358,0.07173036597669119,0.2002,heldout,0.1733580386748417,0.1572596580687298,8.673617379884035e-17,-0.001123382077393108,0.0053224095172941
255,CASE,valence,subject,facial_emg,gpu_mlp,20260923,1.0,0.3365399954856268,0.018138979076479,54.0,0.415,0.02607753184854,-0.0069444444444444,0.3104624636370868,0.0250834235209234,0.128841922409391,4.0,0.3702693104621115,0.3170930354642662,0.279614246199146,0.2532791377070031,0.2811874770621163,0.384834203148158,0.0285737544773688,0.0060240963855421,0.0225496580918267,1,,,,,,,,,,,participant_x_stimulus,0.02254965809182674,-0.07866625804454087,0.12760851196944709,0.4942,heldout,0.370269331533953,0.273803687271772,4.163336342344337e-17,-0.0332157240777576,-0.13080036981337984
256,CASE,valence,subject,facial_emg,gpu_mlp,20261007,0.25,0.10090726125927,-0.0048976608187134,54.0,0.4133333333333333,0.0219721331764067,0.0,0.0789351280828633,-0.0048976608187134,0.0326265196075835,4.0,0.0781772280098971,0.0627685364128996,0.1042895193220685,0.120730800294164,0.0870050459259011,0.0842792040179902,-0.0113155323998697,0.0434711820253989,-0.0547867144252686,0,,,,,,,,,,,participant_x_stimulus,-0.05478671442526861,-0.12453083582222461,0.014296502317301773,0.0174,audit,0.0781772276566489,0.0914189925369802,1.3877787807814457e-17,-0.0017849398545614023,-0.002245753272396932
257,CASE,valence,subject,facial_emg,gpu_mlp,20261007,0.5,0.1801880640467632,0.0086361737677527,54.0,0.4133333333333333,0.0219721331764067,0.0,0.1582159308703565,0.0086361737677527,0.0653959180930807,4.0,0.1519506998452361,0.1239565672049751,0.1573220455523536,0.1504167803499383,0.1519506998452361,0.1697397371797881,0.033702377075871,0.0434711820253989,-0.0097688049495279,0,,,,,,,,,,,participant_x_stimulus,-0.00976880494952781,-0.110930659994483,0.11272752489894622,0.2766,audit,0.1519507031779335,0.1435485893337518,9.020562075079397e-17,-0.002165230682042985,0.0024828186965583227
258,CASE,valence,subject,facial_emg,gpu_mlp,20261007,0.75,0.2590591829573211,0.0408312447786131,54.0,0.4133333333333333,0.0219721331764067,0.0,0.2370870497809144,0.0408312447786131,0.0979959805761113,4.0,0.334831505605404,0.2844457789254577,0.2680349134224579,0.2397093248430042,0.3206496899197701,0.3482163599708104,-0.0001628134158254,0.0434711820253989,-0.0436339954412243,0,,,,,,,,,,,participant_x_stimulus,-0.04363399544122437,-0.12090423088520764,0.060078466031700174,0.085,audit,0.3348315003454176,0.2532420641525664,6.938893903907228e-17,0.03411038641452612,0.04798059056731083
259,CASE,valence,subject,facial_emg,gpu_mlp,20261007,1.0,0.3387692005141657,-0.0107142857142857,54.0,0.4133333333333333,0.0219721331764067,0.0,0.316797067337759,-0.0107142857142857,0.1309427878329404,4.0,0.2810915002104904,0.2359243460683175,0.2245528233033477,0.2253218204062461,0.2350971559635193,0.3034587340379292,-0.0406219472484532,0.0434711820253989,-0.0840931292738521,0,,,,,,,,,,,participant_x_stimulus,-0.08409312927385215,-0.17814194075763226,0.0014748444780706168,0.0098,audit,0.2810915032221098,0.2220506545491631,5.551115123125783e-17,0.028548739363963856,0.029705939997953602
260,CASE,valence,subject,facial_emg,linear_logistic,20260813,0.25,0.1036525067129562,-0.0165071770334928,54.0,0.4083333333333333,0.0243041790410949,0.0,0.0793483276718613,-0.0165071770334928,0.0324005671326766,1.0,0.0423494563408878,0.0337439031768449,0.060022361342455,0.0634547008642286,0.0560995348694287,0.0511678861782271,-0.0225496580918267,0.0150602409638553,-0.037609899055682,0,,,,,,,,,,,participant_x_stimulus,-0.03760989905568218,-0.13342116624116898,0.06117882430553429,0.1068,heldout,0.0423494541845536,0.0606157145913964,1.8041124150158794e-16,0.0020208846372056,-0.0018807885856960214
261,CASE,valence,subject,facial_emg,linear_logistic,20260813,0.5,0.1825797506365158,0.0121193134351029,54.0,0.4083333333333333,0.0243041790410949,0.0,0.1582755715954208,0.0121193134351029,0.0646291917347968,1.0,0.104991363671033,0.0847837051926128,0.1074603084537466,0.1052810218311425,0.104991363671033,0.1165590267557683,0.0285737544773688,0.0150602409638553,0.0135135135135135,0,,,,,,,,,,,participant_x_stimulus,0.013513513513513487,-0.04469326538965106,0.08334045149385928,0.3804,heldout,0.1049913611835494,0.1115405910822214,1.3877787807814457e-17,0.0035645365711128585,-0.0014181175357968045
262,CASE,valence,subject,facial_emg,linear_logistic,20260813,0.75,0.2606983797447526,-0.0061621857674489,54.0,0.4083333333333333,0.0243041790410949,0.0,0.2363942007036577,-0.0061621857674489,0.0965276319539935,1.0,0.1305394652219864,0.1059969253969848,0.1195361777114565,0.1119274502638107,0.139224619654912,0.1498098480760205,0.0293064148485834,0.0150602409638553,0.0142461738847281,0,,,,,,,,,,,participant_x_stimulus,0.014246173884728042,-0.08907433860003948,0.14629872925579546,0.4684,heldout,0.1305394643660006,0.1293460388820118,5.898059818321144e-17,-0.000807847010905291,0.0003101539824954362
263,CASE,valence,subject,facial_emg,linear_logistic,20260813,1.0,0.3408108905495658,-0.006632110579479,54.0,0.4083333333333333,0.0243041790410949,0.0,0.3165067115084709,-0.006632110579479,0.1292402405326256,1.0,0.2040317800666762,0.1683473773004942,0.1578093292286999,0.1530227143395532,0.1608489855268385,0.2182029518401576,0.0435525887333115,0.0150602409638553,0.0284923477694561,1,,,,,,,,,,,participant_x_stimulus,0.028492347769456194,-0.07213269639760256,0.16000696532428255,0.5758,heldout,0.2040317759223042,0.1762714323810528,9.367506770274758e-17,-0.02141146390976381,-0.044963339370161615
264,CASE,valence,subject,facial_emg,linear_logistic,20260829,0.25,0.0964775855558233,-0.0226307189542483,54.0,0.4333333333333333,0.0236370807716058,0.0,0.0728405047842175,-0.0226307189542483,0.0315642187398275,1.0,0.0389363509023038,0.0310019006459687,0.0580655933352579,0.0591932069710502,0.0564629809348106,0.0491350879568507,0.0420872679908824,0.0232823184630412,0.0188049495278412,0,,,,,,,,,,,participant_x_stimulus,0.018804949527841175,-0.049399268440902235,0.10582680813968169,0.499,audit,0.038936352577146,0.0573012672479594,2.42861286636753e-17,0.016560789165261547,-0.0017673956762102405
265,CASE,valence,subject,facial_emg,linear_logistic,20260829,0.5,0.1688571817741797,0.0114814107461166,54.0,0.4333333333333333,0.0236370807716058,0.0,0.1452201010025738,0.0114814107461166,0.0629287104344486,1.0,0.1017755703079428,0.0821300576335707,0.1076222890893398,0.1023709305710654,0.1017755703079428,0.1083599653837811,0.0413546076196678,0.0232823184630412,0.0180722891566266,0,,,,,,,,,,,participant_x_stimulus,0.01807228915662651,-0.06786177698522806,0.12227097768336508,0.4946,audit,0.1017755655545644,0.1092163995166161,9.020562075079397e-17,0.00579051677583986,-0.0015699561794216658
266,CASE,valence,subject,facial_emg,linear_logistic,20260829,0.75,0.2409314189113619,-0.0245257193786605,54.0,0.4333333333333333,0.0236370807716058,0.0,0.2172943381397561,-0.0245257193786605,0.0941608798605609,1.0,0.0968629554878301,0.0780832805358111,0.0989513099066102,0.0856688815902281,0.1402405503621696,0.119988414871415,0.0390752197981113,0.0232823184630412,0.0157929013350701,0,,,,,,,,,,,participant_x_stimulus,0.015792901335070053,-0.07505478914827109,0.1440037041902542,0.4674,audit,0.0968629588524678,0.1056237219320936,4.85722573273506e-17,0.006415623489700845,-0.0017739378371333606
267,CASE,valence,subject,facial_emg,linear_logistic,20260829,1.0,0.3144017936019086,-0.0743899074781427,54.0,0.4333333333333333,0.0236370807716058,0.0,0.2907647128303028,-0.0743899074781427,0.1259980422264645,1.0,0.0764565883164489,0.0613644574109586,0.0796064867999304,0.0993314103935136,0.1660712502771078,0.100931822088692,0.0090361445783132,0.0232823184630412,-0.0142461738847279,0,,,,,,,,,,,participant_x_stimulus,-0.014246173884728042,-0.1282790035009384,0.10427593085914846,0.2522,audit,0.076456589515539,0.0900613243693545,1.4224732503009818e-16,0.004596796193450069,-0.002265432066814458
268,CASE,valence,subject,facial_emg,linear_logistic,20260911,0.25,0.1011167600637738,-0.0014189514189514,54.0,0.4016666666666666,0.0216982614454465,0.0,0.0794184986183273,-0.0014189514189514,0.0318997636116948,1.0,0.0521901447138097,0.0416719466508985,0.0690011371567819,0.0582571493013626,0.0553941840736448,0.0553612019585943,0.0413546076196679,0.0285737544773689,0.012780853142299,0,,,,,,,,,,,participant_x_stimulus,0.012780853142299042,-0.0680620389059186,0.09848941508680571,0.4106,heldout,0.0521901448601766,0.0697147993744334,4.163336342344337e-17,0.01225490425581642,-0.0021363420312912815
269,CASE,valence,subject,facial_emg,linear_logistic,20260911,0.5,0.1806379850643605,-0.0681697931697931,54.0,0.4016666666666666,0.0216982614454465,0.0,0.1589397236189139,-0.0681697931697931,0.0638407889869304,1.0,0.0324796261014469,0.0258255705852633,0.0471913386157414,0.0479718944231282,0.0909716031856726,0.0497075831087211,0.0038261152718984,0.0285737544773689,-0.0247476392054705,0,,,,,,,,,,,participant_x_stimulus,-0.024747639205470517,-0.12010476291179657,0.03415483366698023,0.0694,heldout,0.0324796272715314,0.05075330812747,1.734723475976807e-17,0.0010154148046199716,-0.0015209720981843057
270,CASE,valence,subject,facial_emg,linear_logistic,20260911,0.75,0.2587547834559797,-0.0135401635401635,54.0,0.4016666666666666,0.0216982614454465,0.0,0.2370565220105331,-0.0135401635401635,0.0952177030075641,1.0,0.1164294653744959,0.0942521549512063,0.1098457545764433,0.0756475031951804,0.1369261017156837,0.1356099234263098,0.0210843373493975,0.0285737544773689,-0.0074894171279714,0,,,,,,,,,,,participant_x_stimulus,-0.007489417127971354,-0.09722587876021863,0.0797926966100931,0.2504,heldout,0.1164294652406343,0.1196470258014675,4.597017211338539e-17,0.0008517639219483078,-0.0007595904069169577
271,CASE,valence,subject,facial_emg,linear_logistic,20260911,1.0,0.3391967344256542,0.0353234728234728,54.0,0.4016666666666666,0.0216982614454465,0.0,0.3174984729802076,0.0353234728234728,0.1275285533137167,1.0,0.3246388551031401,0.2751524597921183,0.2257006552095845,0.1689913545757948,0.2389413227100932,0.3315091385605777,0.0390752197981114,0.0285737544773689,0.0105014653207424,0,,,,,,,,,,,participant_x_stimulus,0.010501465320742476,-0.06357670072466134,0.09491643160581575,0.3982,heldout,0.3246388455233031,0.2473379180224695,7.632783294297951e-17,-0.017348124330650666,0.044214334331013204
272,CASE,valence,subject,facial_emg,linear_logistic,20260923,0.25,0.1038973971498886,0.0098935786435786,54.0,0.415,0.02607753184854,-0.0069444444444444,0.0778198653013486,0.016838023088023,0.0322952441000596,1.0,0.0625053170162085,0.0500179467691606,0.079119989491886,0.0804007456356674,0.0625053170162085,0.0640553792013014,0.0052914360143275,0.0045587756431129,0.0007326603712146,0,,,,,,,,,,,participant_x_stimulus,0.0007326603712146107,-0.09217353127896785,0.07678964231163254,0.2984,audit,0.0625053179384081,0.0786692768202358,1.0733601507606494e-17,0.007364710315837367,-0.0022819403448374083
273,CASE,valence,subject,facial_emg,linear_logistic,20260923,0.5,0.1821100169482141,0.0314957611832611,54.0,0.415,0.02607753184854,-0.0069444444444444,0.1560324850996741,0.0384402056277055,0.0647534813163647,1.0,0.1368258335317183,0.1112526318785896,0.130284366376433,0.1258444443023197,0.1368258335317183,0.1397933335650798,0.0443666558124389,0.0045587756431129,0.039807880169326,1,,,,,,,,,,,participant_x_stimulus,0.03980788016932596,-0.05887537375092507,0.1352938890457152,0.6378,audit,0.1368258300234539,0.1335747056384275,4.163336342344337e-17,-0.0032680284903251478,-0.005623142994838237
274,CASE,valence,subject,facial_emg,linear_logistic,20260923,0.75,0.2583436788814771,-0.014163961038961,54.0,0.415,0.02607753184854,-0.0069444444444444,0.232266147032937,-0.0072195165945166,0.0963904510186688,1.0,0.1164435471434254,0.0942638406046425,0.110756507612951,0.1003420269213562,0.1403343149948163,0.1370971612728313,0.0330511234125691,0.0045587756431129,0.0284923477694561,1,,,,,,,,,,,participant_x_stimulus,0.028492347769456194,-0.058239524718374014,0.09779799934476606,0.5604,audit,0.1164435420087439,0.119656858769193,9.367506770274758e-17,0.0028428200501428857,0.005667968145929514
275,CASE,valence,subject,facial_emg,linear_logistic,20260923,1.0,0.3365399954856268,0.018138979076479,54.0,0.415,0.02607753184854,-0.0069444444444444,0.3104624636370868,0.0250834235209234,0.128841922409391,1.0,0.2698078503608345,0.2258841206366089,0.1961284926833949,0.1757030801072842,0.1973222755278444,0.2814048375736869,0.0668349071963529,0.0045587756431129,0.06227613155324,1,,,,,,,,,,,participant_x_stimulus,0.062276131553239966,-0.03782431660220027,0.15844485908746703,0.8002,audit,0.2698078681650014,0.2154583489947868,3.469446951953614e-17,-0.06060698490782801,-0.08232505276824575
276,CASE,valence,subject,facial_emg,linear_logistic,20261007,0.25,0.10090726125927,-0.0048976608187134,54.0,0.4133333333333333,0.0219721331764067,0.0,0.0789351280828633,-0.0048976608187134,0.0326265196075835,1.0,0.0505984634954522,0.0403873779027719,0.0681957884502822,0.0794338789669415,0.0565029562623047,0.0544883388214735,-0.0029306414848583,0.0015467274503419,-0.0044773689352002,0,,,,,,,,,,,participant_x_stimulus,-0.004477368935200288,-0.07315790466964245,0.07598215993493793,0.2494,heldout,0.0505984632599801,0.0682839188571568,8.760353553682876e-17,0.006719016161652519,-0.002102489090219218
277,CASE,valence,subject,facial_emg,linear_logistic,20261007,0.5,0.1801880640467632,0.0086361737677527,54.0,0.4133333333333333,0.0219721331764067,0.0,0.1582159308703565,0.0086361737677527,0.0653959180930807,1.0,0.101203920717716,0.0816587208003813,0.1050263076911507,0.1001218017630023,0.101203920717716,0.1146846198555474,0.0090361445783132,0.0015467274503419,0.0074894171279713,0,,,,,,,,,,,participant_x_stimulus,0.0074894171279712984,-0.08359878808259964,0.11556896753609176,0.3768,heldout,0.1012039230702212,0.1088010163130419,1.734723475976807e-18,0.004129742361842131,-0.0015954271059475562
278,CASE,valence,subject,facial_emg,linear_logistic,20261007,0.75,0.2590591829573211,0.0408312447786131,54.0,0.4133333333333333,0.0219721331764067,0.0,0.2370870497809144,0.0408312447786131,0.0979959805761113,1.0,0.2403157905888458,0.1998790038115432,0.1871084798001252,0.1653690761841308,0.2287604339765384,0.2547547569848534,0.0240149788342559,0.0015467274503419,0.022468251383914,1,,,,,,,,,,,participant_x_stimulus,0.022468251383914006,-0.0800842996686697,0.1125877177342771,0.4864,heldout,0.2403157862772102,0.1980831035832912,6.938893903907228e-18,-0.022569192515799488,-0.06595060417899312
279,CASE,valence,subject,facial_emg,linear_logistic,20261007,1.0,0.3387692005141657,-0.0107142857142857,54.0,0.4133333333333333,0.0219721331764067,0.0,0.316797067337759,-0.0107142857142857,0.1309427878329404,1.0,0.1972470691069369,0.1625070234479087,0.1539927460508569,0.1545365851507053,0.1618827092220889,0.2126425838029858,-0.0359817648974275,0.0015467274503419,-0.0375284923477694,0,,,,,,,,,,,participant_x_stimulus,-0.037528492347769504,-0.13239017948508264,0.04741492103785275,0.0716,heldout,0.1972470714667153,0.1721196263396284,1.0408340855860843e-16,0.005682991288703346,0.009281241430902188
280,CASE,valence,subject,wearable_core,gpu_mlp,20260813,0.25,0.1036525067129562,-0.0165071770334928,54.0,0.45,0.0243041790410949,0.0,0.0793483276718613,-0.0165071770334928,0.0357067474523375,4.0,0.0712731990753064,0.0571409361968592,0.1006958868113727,0.1003852240164418,0.0934974145153219,0.084032374925421,-0.0166069684141971,0.027027027027027,-0.0436339954412241,0,,,,,,,,,,,participant_x_stimulus,-0.04363399544122426,-0.11667629331350327,0.052524532377719826,0.0838,audit,0.0712731958359955,0.0859122938439111,1.5959455978986625e-16,0.0001524590372802956,-0.002301053788846357
281,CASE,valence,subject,wearable_core,gpu_mlp,20260813,0.5,0.1825797506365158,0.0121193134351029,54.0,0.45,0.0243041790410949,0.0,0.1582755715954208,0.0121193134351029,0.0712240072179394,4.0,0.1723870287221449,0.1412549958199299,0.1753493085804549,0.1684097896328776,0.1723870287221449,0.1869166805560359,-0.0210843373493975,0.027027027027027,-0.0481113643764245,0,,,,,,,,,,,participant_x_stimulus,-0.048111364376424604,-0.11612409502267837,0.04461118290200811,0.0586,audit,0.1723870259162157,0.1566466260941167,1.0408340855860843e-16,0.003334346378418021,0.005179121237568026
282,CASE,valence,subject,wearable_core,gpu_mlp,20260813,0.75,0.2606983797447526,-0.0061621857674489,54.0,0.45,0.0243041790410949,0.0,0.2363942007036577,-0.0061621857674489,0.1063773903166459,4.0,0.2142724611562141,0.1771957183802777,0.194506987106261,0.179966432598122,0.2270736513288916,0.245850479765036,-0.0233637251709539,0.027027027027027,-0.0503907521979809,0,,,,,,,,,,,participant_x_stimulus,-0.05039075219798106,-0.10765575300902128,0.0036979206372051475,0.0116,audit,0.2142724591933097,0.1824895511698872,1.5959455978986625e-16,0.011872887016418292,0.012610250482561695
283,CASE,valence,subject,wearable_core,gpu_mlp,20260813,1.0,0.3408108905495658,-0.006632110579479,54.0,0.45,0.0243041790410949,0.0,0.3165067115084709,-0.006632110579479,0.1424280201788119,4.0,0.3227450687419942,0.2734304766831193,0.2513319195546595,0.2467524682200455,0.2453195851281973,0.3501022285186086,-0.026375773363725,0.027027027027027,-0.053402800390752,0,,,,,,,,,,,participant_x_stimulus,-0.05340280039075218,-0.11027200147509575,0.010620983643457293,0.0182,audit,0.3227450641124704,0.2462408562375164,1.8041124150158794e-16,0.04074506396172907,0.04352981712837741
284,CASE,valence,subject,wearable_core,gpu_mlp,20260829,0.25,0.0964775855558233,-0.0226307189542483,54.0,0.4583333333333333,0.0236370807716058,0.0,0.0728405047842175,-0.0226307189542483,0.033385231359433,4.0,0.0635248437089338,0.0508448368571345,0.0941465471092952,0.1034968694029977,0.0910708021454639,0.0795371236325152,0.0338651904916965,-0.006675350048844,0.0405405405405405,1,,,,,,,,,,,participant_x_stimulus,0.04054054054054057,-0.018411758448928593,0.11284830961376427,0.7544,heldout,0.0635248471429638,0.0795273859292944,6.938893903907228e-17,0.021855431612605614,0.029715878664451245
285,CASE,valence,subject,wearable_core,gpu_mlp,20260829,0.5,0.1688571817741797,0.0114814107461166,54.0,0.4583333333333333,0.0236370807716058,0.0,0.1452201010025738,0.0114814107461166,0.066559212959513,4.0,0.161160449966799,0.1317331536281123,0.16952578022885,0.1738757865977528,0.161160449966799,0.1695316509920301,0.007570823835884,-0.006675350048844,0.014246173884728,0,,,,,,,,,,,participant_x_stimulus,0.014246173884728042,-0.05398123413324356,0.09847837164998054,0.4422,heldout,0.161160443996623,0.1494999000802722,4.163336342344337e-17,-0.006690116454443368,0.0036224685851772853
286,CASE,valence,subject,wearable_core,gpu_mlp,20260829,0.75,0.2409314189113619,-0.0245257193786605,54.0,0.4583333333333333,0.0236370807716058,0.0,0.2172943381397561,-0.0245257193786605,0.0995932383140548,4.0,0.1555144361227951,0.1269620440779442,0.1572616305967003,0.1484313454556844,0.2187944848632267,0.1909266820810669,0.0135949202214261,-0.006675350048844,0.02027027027027,1,,,,,,,,,,,participant_x_stimulus,0.020270270270270174,-0.043965899664908645,0.09716257397085427,0.4854,heldout,0.1555144437854414,0.145861587457567,1.734723475976807e-16,-0.006461853392846703,-0.01639657312549503
287,CASE,valence,subject,wearable_core,gpu_mlp,20260829,1.0,0.3144017936019086,-0.0743899074781427,54.0,0.4583333333333333,0.0236370807716058,0.0,0.2907647128303028,-0.0743899074781427,0.1332671600472221,4.0,0.1258560677119755,0.1020906582741393,0.1285849824962126,0.1698320544911699,0.2476842530817182,0.1642212549344334,-0.008222077499186,-0.006675350048844,-0.0015467274503419,0,,,,,,,,,,,participant_x_stimulus,-0.0015467274503420114,-0.0625,0.06678102891892179,0.2576,heldout,0.1258560676926847,0.1261601520346943,1.1145598333150986e-16,8.003006665180043e-05,-7.663418635154781e-05
288,CASE,valence,subject,wearable_core,gpu_mlp,20260911,0.25,0.1011167600637738,-0.0014189514189514,54.0,0.4266666666666666,0.0216982614454465,0.0,0.0794184986183273,-0.0014189514189514,0.0338852260771529,4.0,0.0845019421367202,0.0679385264799766,0.1111112363887728,0.1251828072673586,0.0895023364490485,0.0887482435326694,0.0067567567567567,0.0089547378704005,-0.0021979811136438,0,,,,,,,,,,,participant_x_stimulus,-0.0021979811136437766,-0.08227119240909814,0.06097097191959611,0.2664,audit,0.0845019422096138,0.0963322597497765,2.3418766925686896e-17,0.004163867154097188,-0.0021393260313014983
289,CASE,valence,subject,wearable_core,gpu_mlp,20260911,0.5,0.1806379850643605,-0.0681697931697931,54.0,0.4266666666666666,0.0216982614454465,0.0,0.1589397236189139,-0.0681697931697931,0.0678142820774033,4.0,0.0539773356666001,0.0431153378502951,0.0774014648452682,0.1048034120074847,0.1453673516546926,0.0822722866232538,-0.0225496580918267,0.0089547378704005,-0.0315043959622272,0,,,,,,,,,,,participant_x_stimulus,-0.031504395962227316,-0.09765206575393677,0.02546333130449056,0.042,audit,0.0539773370753816,0.0713046199518717,1.1796119636642288e-16,-0.0007153041471063266,-0.0021707959087314964
290,CASE,valence,subject,wearable_core,gpu_mlp,20260911,0.75,0.2587547834559797,-0.0135401635401635,54.0,0.4266666666666666,0.0216982614454465,0.0,0.2370565220105331,-0.0135401635401635,0.1011441160578274,4.0,0.1850268409441995,0.1520314607235681,0.1734948556103263,0.1614476316329567,0.214665668984133,0.2147481764953529,-0.0052914360143275,0.0089547378704005,-0.014246173884728,0,,,,,,,,,,,participant_x_stimulus,-0.014246173884728153,-0.0896772624924779,0.04656223468482492,0.1384,audit,0.1850268391092311,0.1645687697727051,1.5265566588595902e-16,0.0014892576139012782,0.007152051206251675
291,CASE,valence,subject,wearable_core,gpu_mlp,20260911,1.0,0.3391967344256542,0.0353234728234728,54.0,0.4266666666666666,0.0216982614454465,0.0,0.3174984729802076,0.0353234728234728,0.1354660151382219,4.0,0.4564883627218669,0.3987707345420567,0.3324512774400006,0.3242940862016563,0.3416920964951789,0.4659938447776335,-0.0285737544773688,0.0089547378704005,-0.0375284923477693,0,,,,,,,,,,,participant_x_stimulus,-0.03752849234776945,-0.1196647685021162,0.028220863593742204,0.054,audit,0.4564883467786321,0.3247249020873256,1.457167719820518e-16,0.08870489668240439,0.10293534870906548
292,CASE,valence,subject,wearable_core,gpu_mlp,20260923,0.25,0.1038973971498886,0.0098935786435786,54.0,0.4716666666666666,0.02607753184854,-0.0069444444444444,0.0778198653013486,0.016838023088023,0.036705036467136,4.0,0.1065839897573085,0.0860992889947245,0.1349490203076585,0.144055476002098,0.1065839897573085,0.1087321818306293,0.030039075219798,0.0165255617062846,0.0135135135135134,0,,,,,,,,,,,participant_x_stimulus,0.013513513513513487,-0.09166584759950638,0.09712741281837224,0.4376,heldout,0.1065839911800476,0.1126839663829671,8.673617379884035e-17,0.004001169193665957,-0.0013375291039291939
293,CASE,valence,subject,wearable_core,gpu_mlp,20260923,0.5,0.1821100169482141,0.0314957611832611,54.0,0.4716666666666666,0.02607753184854,-0.0069444444444444,0.1560324850996741,0.0384402056277055,0.0735953221386796,4.0,0.2263249708510204,0.1876608134733536,0.2154566515057272,0.2226158470135495,0.2263249708510204,0.2295647007805594,-0.0338651904916964,0.0165255617062846,-0.050390752197981,0,,,,,,,,,,,participant_x_stimulus,-0.05039075219798106,-0.1525292292237282,0.035442104283720154,0.0502,heldout,0.2263249651981199,0.1897415564522422,6.245004513516506e-17,0.01154815738892465,0.015221131627010775
294,CASE,valence,subject,wearable_core,gpu_mlp,20260923,0.75,0.2583436788814771,-0.014163961038961,54.0,0.4716666666666666,0.02607753184854,-0.0069444444444444,0.232266147032937,-0.0072195165945166,0.1095521993505353,4.0,0.2004129670382219,0.1652300962282646,0.1873161955905124,0.1848307192960415,0.2369123347688147,0.2363824996748133,-0.0090361445783132,0.0165255617062846,-0.0255617062845978,0,,,,,,,,,,,participant_x_stimulus,-0.025561706284597863,-0.10152934025973082,0.05694990484043954,0.1348,heldout,0.200412956992092,0.1740603193538217,6.245004513516506e-17,0.0027636874494820457,0.009868358556759715
295,CASE,valence,subject,wearable_core,gpu_mlp,20260923,1.0,0.3365399954856268,0.018138979076479,54.0,0.4716666666666666,0.02607753184854,-0.0069444444444444,0.3104624636370868,0.0250834235209234,0.1464347953488259,4.0,0.420216763078745,0.3640137282878884,0.3131256894498735,0.3120207560844517,0.2990120935096141,0.4429395525337242,0.0074894171279713,0.0165255617062846,-0.0090361445783133,0,,,,,,,,,,,participant_x_stimulus,-0.009036144578313254,-0.09039499554783105,0.08088504020124669,0.2594,heldout,0.4202167762672939,0.303074404238799,4.5102810375396984e-17,0.02395458194339084,0.08472804455177402
296,CASE,valence,subject,wearable_core,gpu_mlp,20261007,0.25,0.10090726125927,-0.0048976608187134,54.0,0.4216666666666667,0.0219721331764067,0.0,0.0789351280828633,-0.0048976608187134,0.0332843123416073,4.0,0.0794342230395551,0.063794924852982,0.1061212311981938,0.1221147240646594,0.0883903713732059,0.0852077680580887,-0.0037447085639855,0.0083034842070988,-0.0120481927710843,0,,,,,,,,,,,participant_x_stimulus,-0.012048192771084376,-0.059068579506129024,0.04879535818472503,0.1074,audit,0.0794342224545112,0.0924049624328452,7.632783294297951e-17,0.0005572335620833813,-0.0022288813852627603
297,CASE,valence,subject,wearable_core,gpu_mlp,20261007,0.5,0.1801880640467632,0.0086361737677527,54.0,0.4216666666666667,0.0219721331764067,0.0,0.1582159308703565,0.0086361737677527,0.066714384183667,4.0,0.1547969076762939,0.1263565414212323,0.1601118920613626,0.1521402507164351,0.1547969076762938,0.1726179005098088,-0.018804949527841,0.0083034842070988,-0.0271084337349398,0,,,,,,,,,,,participant_x_stimulus,-0.027108433734939874,-0.10171062406152487,0.054402047488838416,0.1112,audit,0.1547969108523841,0.145396936060399,7.28583859910259e-17,0.0007312601999517085,0.002821814593689194
298,CASE,valence,subject,wearable_core,gpu_mlp,20261007,0.75,0.2590591829573211,0.0408312447786131,54.0,0.4216666666666667,0.0219721331764067,0.0,0.2370870497809144,0.0408312447786131,0.0999717059909522,4.0,0.3407592082910842,0.2898701980621923,0.2724370284136425,0.242943335408863,0.3264495428918915,0.3548973390375869,-0.017258222077499,0.0083034842070988,-0.0255617062845978,0,,,,,,,,,,,participant_x_stimulus,-0.025561706284597863,-0.091840991191566,0.05474363910034296,0.1128,audit,0.340759197607519,0.2566762874205147,6.245004513516506e-17,0.03126500969195334,0.05023411423014151
299,CASE,valence,subject,wearable_core,gpu_mlp,20261007,1.0,0.3387692005141657,-0.0107142857142857,54.0,0.4216666666666667,0.0219721331764067,0.0,0.316797067337759,-0.0107142857142857,0.1335827633940884,4.0,0.2874247337138561,0.241581897086818,0.2287182546861087,0.229249326282986,0.2373942841110195,0.3111751713932898,-0.0428199283620969,0.0083034842070988,-0.0511234125691957,0,,,,,,,,,,,participant_x_stimulus,-0.051123412569195725,-0.13263523764908314,0.0329375894740223,0.0414,audit,0.2874247402534719,0.2257409631880897,2.7755575615628914e-17,0.026546582107675687,0.03165399884868934
300,CASE,valence,subject,wearable_core,linear_logistic,20260813,0.25,0.1036525067129562,-0.0165071770334928,54.0,0.45,0.0243041790410949,0.0,0.0793483276718613,-0.0165071770334928,0.0357067474523375,1.0,0.0460084260880729,0.0366878427836912,0.0657545795167592,0.0655290090320818,0.0608709912342928,0.0541854472253972,-0.012780853142299,0.0240149788342558,-0.0367958319765547,0,,,,,,,,,,,participant_x_stimulus,-0.036795831976554894,-0.10304742678999901,0.020635103294625874,0.0262,heldout,0.046008423940142,0.0640725075640031,1.942890293094024e-16,-0.001041953170193081,-0.0019885111520834024
301,CASE,valence,subject,wearable_core,linear_logistic,20260813,0.5,0.1825797506365158,0.0121193134351029,54.0,0.45,0.0243041790410949,0.0,0.1582755715954208,0.0121193134351029,0.0712240072179394,1.0,0.1157466836520204,0.0936856380827617,0.1178995026924632,0.1128979628957487,0.1157466836520204,0.1272210721076917,-0.0481113643764246,0.0240149788342558,-0.0721263432106804,0,,,,,,,,,,,participant_x_stimulus,-0.07212634321068045,-0.15049498304724693,0.002263370243599625,0.0068,heldout,0.1157466816390839,0.1191696825673737,5.551115123125783e-17,-0.0007575661201244272,-0.0008041189327491708
302,CASE,valence,subject,wearable_core,linear_logistic,20260813,0.75,0.2606983797447526,-0.0061621857674489,54.0,0.45,0.0243041790410949,0.0,0.2363942007036577,-0.0061621857674489,0.1063773903166459,1.0,0.1463028477509626,0.1192029724149286,0.1317835797214965,0.1212004586072738,0.1558487922461223,0.1698860915032107,-0.0383425594268969,0.0240149788342558,-0.0623575382611527,0,,,,,,,,,,,participant_x_stimulus,-0.062357538261152756,-0.13572000414133073,0.007583114923909199,0.0096,heldout,0.1463028462947747,0.1398551196596241,5.551115123125783e-17,0.0017212719875498023,0.00184506833894469
303,CASE,valence,subject,wearable_core,linear_logistic,20260813,1.0,0.3408108905495658,-0.006632110579479,54.0,0.45,0.0243041790410949,0.0,0.3165067115084709,-0.006632110579479,0.1424280201788119,1.0,0.2304590382155924,0.1912632335271969,0.1742480129450324,0.1707184162141908,0.1696276305144811,0.2497004068893845,-0.0262943666558124,0.0240149788342558,-0.0503093454900682,0,,,,,,,,,,,participant_x_stimulus,-0.05030934549006827,-0.13286813758313656,0.0278197676874696,0.0438,heldout,0.2304590344593811,0.192214319674757,6.938893903907228e-17,0.012814784860787454,0.016165021875920532
304,CASE,valence,subject,wearable_core,linear_logistic,20260829,0.25,0.0964775855558233,-0.0226307189542483,54.0,0.4583333333333333,0.0236370807716058,0.0,0.0728405047842175,-0.0226307189542483,0.033385231359433,1.0,0.0408857755888589,0.0325675332798967,0.0613228823286808,0.0676414522869443,0.0592358250557233,0.0510118248797116,0.0030120481927711,-0.003012048192771,0.0060240963855421,0,,,,,,,,,,,participant_x_stimulus,0.0060240963855421326,-0.06410435624420643,0.08264372460544107,0.3826,audit,0.040885777852496,0.0592055797434923,3.2959746043559335e-17,0.012184658564831002,-0.0018336538421593726
305,CASE,valence,subject,wearable_core,linear_logistic,20260829,0.5,0.1688571817741797,0.0114814107461166,54.0,0.4583333333333333,0.0236370807716058,0.0,0.1452201010025738,0.0114814107461166,0.066559212959513,1.0,0.1077286206615957,0.0870453615926725,0.1137208286308176,0.116815330514003,0.1077286206615957,0.1142609276819844,-0.0037447085639856,-0.003012048192771,-0.0007326603712146,0,,,,,,,,,,,participant_x_stimulus,-0.0007326603712146662,-0.055703983269631864,0.06104182060807941,0.2438,audit,0.1077286164165944,0.113502660057165,6.624475273886432e-17,0.0015380246341235998,-0.001277399045018628
306,CASE,valence,subject,wearable_core,linear_logistic,20260829,0.75,0.2409314189113619,-0.0245257193786605,54.0,0.4583333333333333,0.0236370807716058,0.0,0.2172943381397561,-0.0245257193786605,0.0995932383140548,1.0,0.1037230484535744,0.0837366636829488,0.1049834734318659,0.0987230952610775,0.1496636634219701,0.1294004364503966,-0.0120481927710842,-0.003012048192771,-0.0090361445783131,0,,,,,,,,,,,participant_x_stimulus,-0.009036144578313254,-0.06444511506706477,0.04750880626961588,0.1462,audit,0.103723053877745,0.1106264466386764,1.5439038936193583e-16,0.000538813253122017,-0.0014797387901743266
307,CASE,valence,subject,wearable_core,linear_logistic,20260829,1.0,0.3144017936019086,-0.0743899074781427,54.0,0.4583333333333333,0.0236370807716058,0.0,0.2907647128303028,-0.0743899074781427,0.1332671600472221,1.0,0.0829714415773323,0.0666861706007767,0.0848795997414835,0.1139156361582523,0.1714284260995542,0.1101262973484917,0.0060240963855422,-0.003012048192771,0.0090361445783132,0,,,,,,,,,,,participant_x_stimulus,0.009036144578313254,-0.038731083273887634,0.06318875085562463,0.3286,audit,0.0829714415639908,0.0951540098298524,5.377642775528102e-17,0.00583635839283133,-0.0021700254714929063
308,CASE,valence,subject,wearable_core,linear_logistic,20260911,0.25,0.1011167600637738,-0.0014189514189514,54.0,0.4266666666666666,0.0216982614454465,0.0,0.0794184986183273,-0.0014189514189514,0.0338852260771529,1.0,0.0548246912973143,0.0438000731981382,0.0728485826371646,0.0825059374566364,0.0581805416036632,0.0575796353407843,0.0330511234125692,0.0,0.0330511234125692,1,,,,,,,,,,,participant_x_stimulus,0.03305112341256922,-0.08333827760070563,0.11252516023814667,0.5884,heldout,0.0548246913461406,0.07205240621,1.3877787807814457e-17,0.018087772392338497,0.03226962726826765
309,CASE,valence,subject,wearable_core,linear_logistic,20260911,0.5,0.1806379850643605,-0.0681697931697931,54.0,0.4266666666666666,0.0216982614454465,0.0,0.1589397236189139,-0.0681697931697931,0.0678142820774033,1.0,0.0346150521078423,0.0275359657239104,0.0500930374132187,0.0685299570494375,0.096568842757979,0.0535541879121032,0.0330511234125692,0.0,0.0330511234125692,1,,,,,,,,,,,participant_x_stimulus,0.03305112341256922,-0.04132738076150417,0.09622596204280853,0.6026,heldout,0.0346150530297685,0.0529630951505469,1.3877787807814457e-17,0.02050617281228989,0.03508919668988442
310,CASE,valence,subject,wearable_core,linear_logistic,20260911,0.75,0.2587547834559797,-0.0135401635401635,54.0,0.4266666666666666,0.0216982614454465,0.0,0.2370565220105331,-0.0135401635401635,0.1011441160578274,1.0,0.1248600493731103,0.1012609305217892,0.1165667427757208,0.1079328399228277,0.1465945967548175,0.1465540641068561,0.0210029306414849,0.0,0.0210029306414849,1,,,,,,,,,,,participant_x_stimulus,0.02100293064148495,-0.10316550564020872,0.10679254382848727,0.4844,heldout,0.1248600480434168,0.1254784895719131,5.204170427930421e-17,0.00044432640496283593,0.0010820633091482845
311,CASE,valence,subject,wearable_core,linear_logistic,20260911,1.0,0.3391967344256542,0.0353234728234728,54.0,0.4266666666666666,0.0216982614454465,0.0,0.3174984729802076,0.0353234728234728,0.1354660151382219,1.0,0.3454672113771483,0.2941888673246327,0.2384107015785973,0.2317166718155472,0.2459558698745236,0.3552373230307876,-0.0030120481927711,0.0,-0.0030120481927711,0,,,,,,,,,,,participant_x_stimulus,-0.003012048192771122,-0.07491108756512403,0.05434796158224344,0.1974,heldout,0.3454671968467967,0.259404717962708,2.168404344971009e-17,0.018079309732433088,0.05205677639587132
312,CASE,valence,subject,wearable_core,linear_logistic,20260923,0.25,0.1038973971498886,0.0098935786435786,54.0,0.4716666666666666,0.02607753184854,-0.0069444444444444,0.0778198653013486,0.016838023088023,0.036705036467136,1.0,0.0697422722077409,0.0558952978117806,0.0893022073201226,0.095648065308044,0.0697422722077409,0.0712428172672957,-0.051042005861283,-0.052588733311625,0.001546727450342,0,,,,,,,,,,,participant_x_stimulus,0.0015467274503420114,-0.07639111205935478,0.07510013021528719,0.2818,audit,0.0697422731770872,0.0846689297629589,1.1492543028346347e-17,0.00610782065249988,-0.00230484299929741
313,CASE,valence,subject,wearable_core,linear_logistic,20260923,0.5,0.1821100169482141,0.0314957611832611,54.0,0.4716666666666666,0.02607753184854,-0.0069444444444444,0.1560324850996741,0.0384402056277055,0.0735953221386796,1.0,0.1552877657005844,0.1267707422487567,0.1472122037454521,0.1525133387796433,0.1552877657005844,0.1583471364564742,-0.0488440247476393,-0.052588733311625,0.0037447085639857,0,,,,,,,,,,,participant_x_stimulus,0.003744708563985677,-0.07249999791383743,0.07863230481743792,0.2912,audit,0.1552877614658487,0.1457148518618225,2.2985086056692694e-17,-0.0026937917454234045,0.0028814708079614414
314,CASE,valence,subject,wearable_core,linear_logistic,20260923,0.75,0.2583436788814771,-0.014163961038961,54.0,0.4716666666666666,0.02607753184854,-0.0069444444444444,0.232266147032937,-0.0072195165945166,0.1095521993505353,1.0,0.1360783397183097,0.110626941610034,0.1265473274227937,0.1247179426832593,0.163253250439514,0.1626966355688391,-0.0135135135135135,-0.052588733311625,0.0390752197981115,1,,,,,,,,,,,participant_x_stimulus,0.03907521979811146,-0.023113130172714588,0.11766298525035379,0.751,audit,0.136078332348257,0.1330746191912127,4.163336342344337e-17,-0.003703118900084068,-0.005198968052292363
315,CASE,valence,subject,wearable_core,linear_logistic,20260923,1.0,0.3365399954856268,0.018138979076479,54.0,0.4716666666666666,0.02607753184854,-0.0069444444444444,0.3104624636370868,0.0250834235209234,0.1464347953488259,1.0,0.3129379549401178,0.2645365476989114,0.2227278036761808,0.2217969784988179,0.2113940815569508,0.3315508046301855,-0.0278410941061544,-0.052588733311625,0.0247476392054706,1,,,,,,,,,,,participant_x_stimulus,0.02474763920547063,-0.04546729763969779,0.1118402499705553,0.517,audit,0.3129379665790246,0.2405578830294927,2.7755575615628914e-17,-0.03477893055123239,-0.10469809126008023
316,CASE,valence,subject,wearable_core,linear_logistic,20261007,0.25,0.10090726125927,-0.0048976608187134,54.0,0.4216666666666667,0.0219721331764067,0.0,0.0789351280828633,-0.0048976608187134,0.0332843123416073,1.0,0.0514367685467035,0.0410638254383774,0.0694427083177729,0.0803876999378198,0.0574331679499808,0.055137901687151,-0.024014978834256,0.0022793878215564,-0.0262943666558124,0,,,,,,,,,,,participant_x_stimulus,-0.02629436665581253,-0.09349341411143541,0.05159329371526834,0.0916,heldout,0.051436768156343,0.069039332600461,1.2836953722228372e-16,0.0011041014786147213,-0.002120688327547695
317,CASE,valence,subject,wearable_core,linear_logistic,20261007,0.5,0.1801880640467632,0.0086361737677527,54.0,0.4216666666666667,0.0219721331764067,0.0,0.1582159308703565,0.0086361737677527,0.066714384183667,1.0,0.1032152740424687,0.0833176362591368,0.1070065378491599,0.101337732053756,0.1032152740424686,0.1167858253737678,0.003012048192771,0.0022793878215564,0.0007326603712145,0,,,,,,,,,,,participant_x_stimulus,0.0007326603712145552,-0.06036432506516575,0.06522105298936362,0.2582,heldout,0.1032152762894613,0.1102595496355804,5.5185890579512176e-17,0.002133887729604718,-0.0015037750263311878
318,CASE,valence,subject,wearable_core,linear_logistic,20261007,0.75,0.2590591829573211,0.0408312447786131,54.0,0.4216666666666667,0.0219721331764067,0.0,0.2370870497809144,0.0408312447786131,0.0999717059909522,1.0,0.2451870100765718,0.204150833689829,0.1905274477112893,0.167821519060345,0.2334694094428245,0.260359821414819,-0.0172582220774992,0.0022793878215564,-0.0195376098990556,0,,,,,,,,,,,participant_x_stimulus,-0.01953760989905573,-0.08403325863182545,0.04928613808006044,0.12,heldout,0.2451870012749773,0.2009706227336213,1.2836953722228372e-16,0.009115543542350741,0.019727474392276186
319,CASE,valence,subject,wearable_core,linear_logistic,20261007,1.0,0.3387692005141657,-0.0107142857142857,54.0,0.4216666666666667,0.0219721331764067,0.0,0.316797067337759,-0.0107142857142857,0.1335827633940884,1.0,0.2022225989089841,0.1667883121746841,0.1571144898940027,0.1574810790128928,0.1636174844078244,0.2185917232206142,-0.0142461738847281,0.0022793878215564,-0.0165255617062845,0,,,,,,,,,,,participant_x_stimulus,-0.01652556170628461,-0.07912894617766142,0.053651193249970634,0.1338,heldout,0.2022226040601885,0.1751669654806265,1.0755285551056204e-16,0.002970426913301979,0.010210515797192773
0,CEAP,arousal,subject,cardiovascular,gpu_mlp,20260813,0.25,0.1244451427834665,0.0687971119789301,18.0,0.2296875,0.0314857772630594,0.0433133785406512,0.0929593655204071,0.0254837334382789,0.0213516042679685,4.0,0.1631317561298856,0.2374589294805611,0.251596483506157,0.2586858904424311,0.187563139405213,0.163935930116739,-0.006631131416968,-0.0065359477124182,-9.51837045498e-05,0,0.1769576239728823,,,,,,,,,,participant_x_stimulus,-9.518370454975056e-05,-0.07865334860980511,0.08017280101776099,0.2922,audit,0.1631317543812172,0.1631317543812172,4.9439619065339e-17,0.0,0.0
1,CEAP,arousal,subject,cardiovascular,gpu_mlp,20260813,0.5,0.2166384964860667,0.0679477088567997,18.0,0.2296875,0.0314857772630594,0.0433133785406512,0.1851527192230073,0.0246343303161485,0.0425272651965344,4.0,0.2424912576449961,0.3383574305986995,0.3186793210068244,0.2553671861673287,0.2749036959798041,0.2483441954617884,-0.0423884764261691,-0.0065359477124182,-0.0358525287137509,0,0.2569803860861919,,,,,,,,,,participant_x_stimulus,-0.035852528713750886,-0.11081122346222401,0.0435421489179134,0.0824,audit,0.2424912582738591,0.2424912582738591,1.3877787807814457e-17,0.0,0.0
2,CEAP,arousal,subject,cardiovascular,gpu_mlp,20260813,0.75,0.30940872836801,0.1260755658482931,18.0,0.2296875,0.0314857772630594,0.0433133785406512,0.2779229511049506,0.0827621873076419,0.0638354278319183,4.0,0.5669973405752231,0.6765709380964539,0.5269636580318704,0.5176786144759947,0.5407780812065158,0.5645303956094982,-0.0016815787803794,-0.0065359477124182,0.0048543689320388,0,0.5715734742711602,,,,,,,,,,participant_x_stimulus,0.004854368932038833,-0.0692202016711235,0.08523600436747061,0.3382,audit,0.5669973491869917,0.5669973491869917,3.2959746043559335e-17,0.0,0.0
3,CEAP,arousal,subject,cardiovascular,gpu_mlp,20260813,1.0,0.4019482999628931,0.1329008113099022,18.0,0.2296875,0.0314857772630594,0.0433133785406512,0.3704625226998337,0.0895874327692509,0.085090610682618,4.0,0.7080450659346411,0.7948407142410906,0.6246120787440785,0.6734031920519217,0.577276706724231,0.7059718966186644,0.0014912113712799,-0.0065359477124182,0.0080271590836981,0,0.7065936442515517,,,,,,,,,,participant_x_stimulus,0.008027159083698221,-0.07208952121436596,0.09691107645630809,0.384,audit,0.7080450628194316,0.7080450628194316,1.214306433183765e-16,0.0,0.0
4,CEAP,arousal,subject,cardiovascular,gpu_mlp,20260923,0.25,0.1199861831115691,0.0614890400604686,18.0,0.2296875,0.0271100301020445,0.020578231292517,0.0928761530095245,0.0409108087679516,0.0213324913943751,4.0,0.1482665848813311,0.217581725718629,0.2392552243317692,0.2077357171850347,0.1709263966757187,0.1492202127697548,-0.003363157560759,0.0144679230915666,-0.0178310806523256,0,0.161713073740365,,,,,,,,,,participant_x_stimulus,-0.017831080652325693,-0.1040482148528099,0.06377376150339834,0.1752,heldout,0.1482665835935027,0.1482665835935027,9.367506770274758e-17,0.0,0.0
5,CEAP,arousal,subject,cardiovascular,gpu_mlp,20260923,0.5,0.2130982993412224,0.102730536659108,18.0,0.2296875,0.0271100301020445,0.020578231292517,0.1859882692391779,0.082152305366591,0.0427191805908736,4.0,0.3547811294732922,0.4676348742900963,0.3915005317298023,0.378441781466287,0.3943883750542034,0.3547127473791474,-0.0016815787803795,0.0144679230915666,-0.0161495018719461,0,0.3674252918968119,,,,,,,,,,participant_x_stimulus,-0.016149501871946248,-0.09979958143085241,0.0647208604961633,0.1998,heldout,0.3547811221712387,0.3547811221712387,1.491862189340054e-16,0.0,0.0
6,CEAP,arousal,subject,cardiovascular,gpu_mlp,20260923,0.75,0.3046453740583869,0.0929138321995464,18.0,0.2296875,0.0271100301020445,0.020578231292517,0.2775353439563424,0.0723356009070294,0.0637463993149723,4.0,0.4393258966221179,0.5559024133964082,0.4515227732826246,0.3982212485047138,0.426115687012571,0.4429553604079232,0.0112951329399073,0.0144679230915666,-0.0031727901516592,0,0.4492149334713201,,,,,,,,,,participant_x_stimulus,-0.003172790151659388,-0.09423953387886286,0.09119314290583114,0.287,heldout,0.439325894124817,0.439325894124817,1.8821749714348357e-16,0.0,0.0
7,CEAP,arousal,subject,cardiovascular,gpu_mlp,20260923,1.0,0.3990855124232444,0.0982993197278911,18.0,0.2296875,0.0271100301020445,0.020578231292517,0.3719754823211999,0.0777210884353741,0.0854381185956506,4.0,0.5892082627694353,0.6961730797108359,0.5499795512726382,0.5987543213893327,0.4841304138450204,0.5931990492205251,0.0240814772510945,0.0144679230915666,0.0096135541595279,0,0.5928022687428781,,,,,,,,,,participant_x_stimulus,0.00961355415952786,-0.09515211489051581,0.11234160028398035,0.403,heldout,0.589208260469104,0.589208260469104,3.9898639947466563e-17,0.0,0.0
8,CEAP,arousal,subject,cardiovascular,gpu_mlp,20261007,0.25,0.1256699576165833,0.0784406565656565,18.0,0.2359375,0.0323036197415449,0.0486805555555555,0.0933663378750384,0.029760101010101,0.0220286203423918,4.0,0.1868608369923286,0.2685304364151716,0.272346287465587,0.2999216394815729,0.2123361541794098,0.1873854519540235,-0.0030776064471096,-0.0388349514563106,0.035757345009201,1,0.2011081367547146,,,,,,,,,,participant_x_stimulus,0.035757345009201025,-0.03755157589912415,0.11770898159593343,0.653,audit,0.1868608369141873,0.1868608369141873,2.7755575615628914e-17,0.0,0.0
9,CEAP,arousal,subject,cardiovascular,gpu_mlp,20261007,0.5,0.2179104903547662,0.0934090909090909,18.0,0.2359375,0.0323036197415449,0.0486805555555555,0.1856068706132213,0.0447285353535354,0.0437916210353069,4.0,0.326006575465348,0.4358908126394287,0.3773055885092855,0.3725519168486322,0.3620066115825756,0.326995611369573,-0.0195126594327051,-0.0388349514563106,0.0193222920236055,0,0.3393591507591572,,,,,,,,,,participant_x_stimulus,0.019322292023605525,-0.0600757485255599,0.10134242456406346,0.5064,audit,0.3260065726225025,0.3260065726225025,2.42861286636753e-17,0.0,0.0
10,CEAP,arousal,subject,cardiovascular,gpu_mlp,20261007,0.75,0.3093130577521405,0.1066035353535353,18.0,0.2359375,0.0323036197415449,0.0486805555555555,0.2770094380105956,0.0579229797979798,0.0653569142806249,4.0,0.496478216927084,0.6116752159584955,0.4903769051421751,0.4980158493680198,0.4811609358891383,0.496528843381268,0.0098991052731772,-0.0388349514563106,0.0487340567294878,1,0.5040984463681424,,,,,,,,,,participant_x_stimulus,0.04873405672948794,-0.033459374401718374,0.12903686612844464,0.79,audit,0.4964782128682247,0.4964782128682247,1.3877787807814457e-16,0.0,0.0
11,CEAP,arousal,subject,cardiovascular,gpu_mlp,20261007,1.0,0.403503379874291,0.1402335858585858,18.0,0.2359375,0.0323036197415449,0.0486805555555555,0.3711997601327461,0.0915530303030303,0.0875799434063197,4.0,0.7366775362650414,0.8171591313398174,0.6502147702828038,0.7496568426723322,0.5815044063120817,0.73311365188234,0.0114855003490068,-0.0388349514563106,0.0503204518053174,1,0.7341553118390788,,,,,,,,,,participant_x_stimulus,0.05032045180531752,-0.041673952247947454,0.15307754166424267,0.749,audit,0.736677537501288,0.736677537501288,1.249000902703301e-16,0.0,0.0
12,CEAP,arousal,subject,cardiovascular,linear_logistic,20260813,0.25,0.1244451427834665,0.0687971119789301,18.0,0.2296875,0.0314857772630594,0.0433133785406512,0.0929593655204071,0.0254837334382789,0.0213516042679685,1.0,0.1091313803625718,0.1636663511297044,0.1744503419925301,0.1798526785229568,0.1266998173626949,0.1105675970925332,0.0031727901516593,0.021003870803985,-0.0178310806523257,0,0.1210758395549676,,,,,,,,,,participant_x_stimulus,-0.017831080652325693,-0.08943922501057386,0.07219701539725053,0.18,heldout,0.1091313791172684,0.1091313791172684,6.938893903907228e-18,0.0,0.0
13,CEAP,arousal,subject,cardiovascular,linear_logistic,20260813,0.5,0.2166384964860667,0.0679477088567997,18.0,0.2296875,0.0314857772630594,0.0433133785406512,0.1851527192230073,0.0246343303161485,0.0425272651965344,1.0,0.1674783060724242,0.2432103389674314,0.2272084800413552,0.1773034414039833,0.192410981900956,0.1772355959338003,0.0080271590836982,0.021003870803985,-0.0129767117202868,0,0.1813976616095993,,,,,,,,,,participant_x_stimulus,-0.01297671172028686,-0.1014095425605774,0.07804750427603718,0.2342,heldout,0.1674783065497627,0.1674783065497627,5.898059818321144e-17,0.0,0.0
14,CEAP,arousal,subject,cardiovascular,linear_logistic,20260813,0.75,0.30940872836801,0.1260755658482931,18.0,0.2296875,0.0314857772630594,0.0433133785406512,0.2779229511049506,0.0827621873076419,0.0638354278319183,1.0,0.4514223924849143,0.5679572136579512,0.4118472472872303,0.4028047674066112,0.4252982271311697,0.4576294947962517,0.0080271590836982,0.021003870803985,-0.0129767117202868,0,0.460852709420939,,,,,,,,,,participant_x_stimulus,-0.01297671172028686,-0.08365099094808101,0.0709542732685804,0.1872,heldout,0.4514224011713567,0.4514224011713567,5.898059818321144e-17,0.0,0.0
15,CEAP,arousal,subject,cardiovascular,linear_logistic,20260813,1.0,0.4019482999628931,0.1329008113099022,18.0,0.2296875,0.0314857772630594,0.0433133785406512,0.3704625226998337,0.0895874327692509,0.085090610682618,1.0,0.6038115718444537,0.7088528232788077,0.5112174402655603,0.5644105660525364,0.4618413097739706,0.6086047156480439,0.0277301859255029,0.021003870803985,0.0067263151215179,0,0.6067599772167285,,,,,,,,,,participant_x_stimulus,0.006726315121517834,-0.08024695385247468,0.09558996222913263,0.3868,heldout,0.6038115682393832,0.6038115682393832,6.591949208711867e-17,0.0,0.0
16,CEAP,arousal,subject,cardiovascular,linear_logistic,20260923,0.25,0.1199861831115691,0.0614890400604686,18.0,0.2296875,0.0271100301020445,0.020578231292517,0.0928761530095245,0.0409108087679516,0.0213324913943751,1.0,0.0986071222661025,0.1487611222467848,0.1650586525956144,0.1414663035096712,0.1146994527670672,0.1000002541540507,0.009994288977727,0.0115806840535567,-0.0015863950758296,0,0.1100019757993973,,,,,,,,,,participant_x_stimulus,-0.001586395075829694,-0.06979258749634028,0.08054741378873585,0.2736,audit,0.0986071213596742,0.0986071213596742,9.410874857174178e-17,0.0,0.0
17,CEAP,arousal,subject,cardiovascular,linear_logistic,20260923,0.5,0.2130982993412224,0.102730536659108,18.0,0.2296875,0.0271100301020445,0.020578231292517,0.1859882692391779,0.082152305366591,0.0427191805908736,1.0,0.256808216559427,0.355676846813602,0.2879620092472507,0.2767373911133202,0.2904006931799245,0.2646840794826047,9.518370454980608e-05,0.0115806840535567,-0.0114855003490068,0,0.2712158868250457,,,,,,,,,,participant_x_stimulus,-0.011485500349006916,-0.07960828244686126,0.06201702971011398,0.194,audit,0.2568082104712502,0.2568082104712502,1.1622647289044608e-16,0.0,0.0
18,CEAP,arousal,subject,cardiovascular,linear_logistic,20260923,0.75,0.3046453740583869,0.0929138321995464,18.0,0.2296875,0.0271100301020445,0.020578231292517,0.2775353439563424,0.0723356009070294,0.0637463993149723,1.0,0.3299448837177455,0.4402894069260855,0.3410061943172339,0.2937130897964872,0.3181573178293484,0.3407624850606833,0.030998159781712,0.0115806840535567,0.0194174757281553,0,0.3432087706399934,,,,,,,,,,participant_x_stimulus,0.01941747572815533,-0.06810351926833391,0.10437217112630591,0.506,audit,0.329944881476314,0.329944881476314,3.122502256758253e-17,0.0,0.0
19,CEAP,arousal,subject,cardiovascular,linear_logistic,20260923,1.0,0.3990855124232444,0.0982993197278911,18.0,0.2296875,0.0271100301020445,0.020578231292517,0.3719754823211999,0.0777210884353741,0.0854381185956506,1.0,0.4740626309577075,0.5901544921730003,0.4344530409875934,0.4839408824359205,0.3709751446408709,0.4854475240015248,0.0259534234405737,0.0115806840535567,0.0143727393870169,0,0.4826015055768947,,,,,,,,,,participant_x_stimulus,0.014372739387016997,-0.06673925034701825,0.09605806916952103,0.4464,audit,0.4740626285881371,0.4740626285881371,9.71445146547012e-17,0.0,0.0
20,CEAP,arousal,subject,electrodermal_thermal,gpu_mlp,20260813,0.25,0.1244451427834665,0.0687971119789301,18.0,0.0562499999999999,0.0314857772630594,0.0433133785406512,0.0929593655204071,0.0254837334382789,0.0052289643105228,4.0,0.1179033251737887,0.1759560112974698,0.1683080819138638,0.1697701224207245,0.1767026247779766,0.1250484367385279,0.0030776064471096,0.0161495018719462,-0.0130718954248366,0,0.1302549298244559,,,,,,,,,,participant_x_stimulus,-0.01307189542483661,-0.06276925466954708,0.03506710557267067,0.0746,audit,0.1179033285898155,0.1179033285898155,1.0408340855860843e-17,0.0,0.0
21,CEAP,arousal,subject,electrodermal_thermal,gpu_mlp,20260813,0.5,0.2166384964860667,0.0679477088567997,18.0,0.0562499999999999,0.0314857772630594,0.0433133785406512,0.1851527192230073,0.0246343303161485,0.0104148404562941,4.0,0.1641276732782917,0.2387791394547492,0.1852506982560824,0.157447310593665,0.2331901765924738,0.1820150484503216,0.0030776064471096,0.0161495018719462,-0.0130718954248366,0,0.1779756363154531,,,,,,,,,,participant_x_stimulus,-0.01307189542483661,-0.08292041812092066,0.047523596603423306,0.1338,audit,0.1641276797715582,0.1641276797715582,1.0408340855860843e-17,0.0,0.0
22,CEAP,arousal,subject,electrodermal_thermal,gpu_mlp,20260813,0.75,0.30940872836801,0.1260755658482931,18.0,0.0562499999999999,0.0314857772630594,0.0433133785406512,0.2779229511049506,0.0827621873076419,0.0156331659996534,4.0,0.417928726335771,0.5342375243673805,0.3039679663876549,0.3484745565628828,0.4569943617501254,0.4411254802359379,0.0323941874484422,0.0161495018719462,0.016244685576496,0,0.4285948141714503,,,,,,,,,,participant_x_stimulus,0.016244685576496,-0.06379313375800848,0.10472567640244956,0.4526,audit,0.4179287415583846,0.4179287415583846,0.0,0.0,0.0
23,CEAP,arousal,subject,electrodermal_thermal,gpu_mlp,20260813,1.0,0.4019482999628931,0.1329008113099022,18.0,0.0562499999999999,0.0314857772630594,0.0433133785406512,0.3704625226998337,0.0895874327692509,0.0208385169018656,4.0,0.5431830042606508,0.6551173504404916,0.3448313651045792,0.4810143422628297,0.4660094344720401,0.5750527834948472,-9.518370454975056e-05,0.0161495018719462,-0.0162446855764959,0,0.5488051881797841,,,,,,,,,,participant_x_stimulus,-0.016244685576496,-0.097532176412642,0.05511986631900063,0.1538,audit,0.5431830094093584,0.5431830094093584,9.71445146547012e-17,0.0,0.0
24,CEAP,arousal,subject,electrodermal_thermal,gpu_mlp,20260911,0.25,0.1204462637424511,0.0960813492063492,18.0,0.0859375,0.0278798785660538,0.0138640873015873,0.0925663851763973,0.0822172619047619,0.0079549237260966,4.0,0.1781560810420458,0.2572246658519113,0.2203249469765913,0.2088345300671945,0.2460751952272043,0.1823414954053743,-0.0342661336379211,-0.0163398692810456,-0.0179262643568755,0,0.1922735554482091,,,,,,,,,,participant_x_stimulus,-0.017926264356875443,-0.08258053865283728,0.043270905409008256,0.1048,audit,0.1781560777222339,0.1781560777222339,5.551115123125783e-17,0.0,0.0
25,CEAP,arousal,subject,electrodermal_thermal,gpu_mlp,20260911,0.5,0.212209631539652,0.0756035052910052,18.0,0.0859375,0.0278798785660538,0.0138640873015873,0.1843297529735982,0.0617394179894178,0.0158408381461685,4.0,0.1931245661503197,0.2766005427354451,0.215914924611392,0.1947638202489111,0.2609504363663582,0.2085170424288731,-0.0356621613046512,-0.0163398692810456,-0.0193222920236055,0,0.2074485109469167,,,,,,,,,,participant_x_stimulus,-0.01932229202360558,-0.09676803350448608,0.05693682795390483,0.1524,audit,0.1931245647312498,0.1931245647312498,7.979727989493313e-17,0.0,0.0
26,CEAP,arousal,subject,electrodermal_thermal,gpu_mlp,20260911,0.75,0.3049791707283676,0.1150132275132275,18.0,0.0859375,0.0278798785660538,0.0138640873015873,0.2770992921623138,0.1011491402116402,0.0238132204201988,4.0,0.4006551627310945,0.5164217757227391,0.3164685326498862,0.3582321124014475,0.4414619452038083,0.4215372857031185,-0.0372485563804809,-0.0163398692810456,-0.0209086870994353,0,0.4119127139491211,,,,,,,,,,participant_x_stimulus,-0.020908687099435275,-0.10536306649446488,0.053994995914399595,0.1446,audit,0.4006551485044838,0.4006551485044838,2.42861286636753e-17,0.0,0.0
27,CEAP,arousal,subject,electrodermal_thermal,gpu_mlp,20260911,1.0,0.3966893341145237,0.0910052910052909,18.0,0.0859375,0.0278798785660538,0.0138640873015873,0.3688094555484699,0.0771412037037036,0.0316945625861966,4.0,0.4113576889515677,0.5274950250004653,0.3040577815523879,0.3292890665960407,0.3657441357673809,0.4492097350462523,-0.0437845040928992,-0.0163398692810456,-0.0274446348118535,0,0.4222527726648364,,,,,,,,,,participant_x_stimulus,-0.027444634811853552,-0.0982742851600051,0.03921805294230577,0.0846,audit,0.41135769107054,0.41135769107054,5.204170427930421e-17,0.0,0.0
28,CEAP,arousal,subject,electrodermal_thermal,gpu_mlp,20260923,0.25,0.1199861831115691,0.0614890400604686,18.0,0.084375,0.0271100301020445,0.020578231292517,0.0928761530095245,0.0409108087679516,0.0078364254101786,4.0,0.1126136801207215,0.1685595638277864,0.1705336173716941,0.1377471414498211,0.1608564727234873,0.1194755090953365,-0.0129767117202868,-0.0145631067961164,0.0015863950758295,0,0.1247250974550832,,,,,,,,,,participant_x_stimulus,0.001586395075829694,-0.07316161766648292,0.08049628194421515,0.2858,heldout,0.1126136794759953,0.1126136794759953,1.940721888749053e-16,0.0,0.0
29,CEAP,arousal,subject,electrodermal_thermal,gpu_mlp,20260923,0.5,0.2130982993412224,0.102730536659108,18.0,0.084375,0.0271100301020445,0.020578231292517,0.1859882692391779,0.082152305366591,0.0156927602170556,4.0,0.2672856875709061,0.36818966338903,0.2598047202034042,0.2589886291929695,0.3504068640959906,0.2796580850544903,0.0017767624849291,-0.0145631067961164,0.0163398692810455,0,0.2816011935172956,,,,,,,,,,participant_x_stimulus,0.016339869281045694,-0.07698177900165319,0.10000204183161256,0.4584,heldout,0.2672856784137173,0.2672856784137173,1.942890293094024e-16,0.0,0.0
30,CEAP,arousal,subject,electrodermal_thermal,gpu_mlp,20260923,0.75,0.3046453740583869,0.0929138321995464,18.0,0.084375,0.0271100301020445,0.020578231292517,0.2775353439563424,0.0723356009070294,0.0234170446463163,4.0,0.321484839182365,0.4308191822812962,0.2732201592930516,0.2654522457592618,0.3592146683543974,0.3471718217824375,-0.0242718446601941,-0.0145631067961164,-0.0097087378640777,0,0.3349358255712142,,,,,,,,,,participant_x_stimulus,-0.009708737864077666,-0.09106933902949095,0.06366106849163768,0.1918,heldout,0.3214848359955986,0.3214848359955986,3.469446951953614e-17,0.0,0.0
31,CEAP,arousal,subject,electrodermal_thermal,gpu_mlp,20260923,1.0,0.3990855124232444,0.0982993197278911,18.0,0.084375,0.0271100301020445,0.020578231292517,0.3719754823211999,0.0777210884353741,0.0313854313208512,4.0,0.4407784423118231,0.5573572387252773,0.3171914032073206,0.4208069653939,0.3916943473602421,0.4772119578058798,-0.0160543181673964,-0.0145631067961164,-0.00149121137128,0,0.4506130984952796,,,,,,,,,,participant_x_stimulus,-0.0014912113712799435,-0.09187133349478245,0.08732255809009065,0.299,heldout,0.4407784369982649,0.4407784369982649,5.637851296924623e-17,0.0,0.0
32,CEAP,arousal,subject,electrodermal_thermal,linear_logistic,20260911,0.25,0.1204462637424511,0.0960813492063492,18.0,0.0859375,0.0278798785660538,0.0138640873015873,0.0925663851763973,0.0822172619047619,0.0079549237260966,1.0,0.1198948262551685,0.1787293935554457,0.1508349615749818,0.1422775354369941,0.1702026811964528,0.1278343426091872,-0.0259534234405736,-0.0177358969477758,-0.0082175264927978,0,0.1323327837267746,,,,,,,,,,participant_x_stimulus,-0.008217526492797722,-0.1034380406141281,0.07157455254346128,0.2288,heldout,0.1198948238626324,0.1198948238626324,7.806255641895632e-17,0.0,0.0
33,CEAP,arousal,subject,electrodermal_thermal,linear_logistic,20260911,0.5,0.212209631539652,0.0756035052910052,18.0,0.0859375,0.0278798785660538,0.0138640873015873,0.1843297529735982,0.0617394179894178,0.0158408381461685,1.0,0.1307470150127422,0.1937346883849182,0.147552621866973,0.1319433844533427,0.1815961682392871,0.1465386436989769,-0.012881528015737,-0.0177358969477758,0.0048543689320388,0,0.1436181404200113,,,,,,,,,,participant_x_stimulus,0.004854368932038833,-0.06538144275546073,0.07107120510190712,0.3152,heldout,0.1307470139777484,0.1307470139777484,3.2959746043559335e-17,0.0,0.0
34,CEAP,arousal,subject,electrodermal_thermal,linear_logistic,20260911,0.75,0.3049791707283676,0.1150132275132275,18.0,0.0859375,0.0278798785660538,0.0138640873015873,0.2770992921623138,0.1011491402116402,0.0238132204201988,1.0,0.295822250498973,0.4015946076598814,0.2254223038483017,0.2596897720078986,0.3318638966081356,0.3217611575173058,-0.0257630560314741,-0.0177358969477758,-0.0080271590836983,0,0.3097586208679033,,,,,,,,,,participant_x_stimulus,-0.008027159083698221,-0.09268275275826454,0.06475128773599859,0.2264,heldout,0.295822238157498,0.295822238157498,7.979727989493313e-17,0.0,0.0
35,CEAP,arousal,subject,electrodermal_thermal,linear_logistic,20260911,1.0,0.3966893341145237,0.0910052910052909,18.0,0.0859375,0.0278798785660538,0.0138640873015873,0.3688094555484699,0.0771412037037036,0.0316945625861966,1.0,0.3051501929825462,0.4123049668916369,0.2154565946693485,0.2357832880091001,0.2659918482512438,0.3447914994747425,-0.033885398819722,-0.0177358969477758,-0.0161495018719462,0,0.3189250096406734,,,,,,,,,,participant_x_stimulus,-0.016149501871946192,-0.08461215514689684,0.045740727707743574,0.1178,heldout,0.3051501948380369,0.3051501948380369,6.938893903907228e-18,0.0,0.0
36,CEAP,arousal,subject,minimal_pair,gpu_mlp,20260813,0.25,0.1244451427834665,0.0687971119789301,18.0,0.1671875,0.0314857772630594,0.0433133785406512,0.0929593655204071,0.0254837334382789,0.015541643922943,4.0,0.1454077528635647,0.2137217491110429,0.2187412797509681,0.2421326935411304,0.181471058205251,0.1482751006215071,-0.0244622120692937,-0.0241766609556444,-0.0002855511136493,0,0.1587701968876149,,,,,,,,,,participant_x_stimulus,-0.0002855511136493072,-0.06382206324487924,0.06749635022133584,0.2496,audit,0.1454077522783791,0.1454077522783791,7.209944447028604e-18,0.0,0.0
37,CEAP,arousal,subject,minimal_pair,gpu_mlp,20260813,0.5,0.2166384964860667,0.0679477088567997,18.0,0.1671875,0.0314857772630594,0.0433133785406512,0.1851527192230073,0.0246343303161485,0.0309552202450965,4.0,0.2116180276461396,0.3001144211416461,0.2650695053804439,0.2455805216206483,0.2591233732836686,0.2222674759342683,-0.0083127101973475,-0.0241766609556444,0.0158639507582969,0,0.2260911749311407,,,,,,,,,,participant_x_stimulus,0.015863950758296885,-0.06640625,0.09901023171842094,0.4744,audit,0.2116180312913679,0.2116180312913679,1.3877787807814457e-17,0.0,0.0
38,CEAP,arousal,subject,minimal_pair,gpu_mlp,20260813,0.75,0.30940872836801,0.1260755658482931,18.0,0.1671875,0.0314857772630594,0.0433133785406512,0.2779229511049506,0.0827621873076419,0.0464652433878589,4.0,0.5132650893206904,0.6275030242524336,0.4428770214828328,0.4863825064637231,0.5106038342399688,0.519183435551519,0.0065359477124182,-0.0241766609556444,0.0307126086680626,1,0.5201781669244208,,,,,,,,,,participant_x_stimulus,0.03071260866806269,-0.043671397026628256,0.10294278319925051,0.631,audit,0.5132651024863663,0.5132651024863663,9.020562075079397e-17,0.0,0.0
39,CEAP,arousal,subject,minimal_pair,gpu_mlp,20260813,1.0,0.4019482999628931,0.1329008113099022,18.0,0.1671875,0.0314857772630594,0.0433133785406512,0.3704625226998337,0.0895874327692509,0.0619367030138784,4.0,0.6522770338578678,0.7497932714985416,0.5235807876215891,0.6282812543951151,0.5374902806790464,0.6601737067460256,-0.0260486071451234,-0.0241766609556444,-0.001871946189479,0,0.653113211879698,,,,,,,,,,participant_x_stimulus,-0.0018719461894790013,-0.0750098317861557,0.074034234508872,0.2912,audit,0.6522770358264554,0.6522770358264554,1.3010426069826053e-18,0.0,0.0
40,CEAP,arousal,subject,minimal_pair,gpu_mlp,20260829,0.25,0.119349586483356,0.0946169772256728,18.0,0.1609375,0.0281921219437185,0.0344751866490996,0.0911574645396375,0.0601417905765732,0.0146706544493479,4.0,0.1985130304499066,0.2834997741872357,0.2569558728883168,0.2074998806726992,0.2457525137188445,0.2003553683877133,-0.0195126594327051,-0.0404213465321403,0.0209086870994352,1,0.212892090432887,,,,,,,,,,participant_x_stimulus,0.02090868709943522,-0.05618364633992314,0.10682432334870093,0.542,heldout,0.1985130359923722,0.1985130359923722,2.0816681711721685e-17,0.0,0.0
41,CEAP,arousal,subject,minimal_pair,gpu_mlp,20260829,0.5,0.2100853021238823,0.0529816801555932,18.0,0.1609375,0.0281921219437185,0.0344751866490996,0.1818931801801638,0.0185064935064936,0.0292734336852451,4.0,0.1707905731874097,0.2475749729335801,0.2331516779820968,0.1597155036360543,0.2131877794919215,0.1834153562860591,-0.0535884256615267,-0.0404213465321403,-0.0131670791293863,0,0.1847761103469905,,,,,,,,,,participant_x_stimulus,-0.013167079129386361,-0.08105333391577005,0.0568706466816365,0.1666,heldout,0.1707905739723193,0.1707905739723193,6.071532165918825e-17,0.0,0.0
42,CEAP,arousal,subject,minimal_pair,gpu_mlp,20260829,0.75,0.2995354276094077,0.1100304285086893,18.0,0.1609375,0.0281921219437185,0.0344751866490996,0.2713433056656892,0.0755552418595897,0.0436693132555718,4.0,0.4380234593179686,0.5545962311745614,0.3948481839745645,0.3450192498849465,0.4566863983876782,0.447961795179716,0.0031727901516593,-0.0404213465321403,0.0435941366837996,1,0.4479610887670679,,,,,,,,,,participant_x_stimulus,0.04359413668379969,-0.03766865227371454,0.13046455606818189,0.7266,heldout,0.4380234656169217,0.4380234656169217,9.020562075079397e-17,0.0,0.0
43,CEAP,arousal,subject,minimal_pair,gpu_mlp,20260829,1.0,0.3915353927546478,0.0603213815170337,18.0,0.1609375,0.0281921219437185,0.0344751866490996,0.3633432708109293,0.0258461948679341,0.0584755576461339,4.0,0.3654624224755599,0.4791904529502541,0.3485198975706652,0.2632748089734868,0.3021586261118388,0.3935813265884865,-0.0146582905006663,-0.0404213465321403,0.025763056031474,1,0.3778100347228935,,,,,,,,,,participant_x_stimulus,0.025763056031474052,-0.053906473144888875,0.11881390847265715,0.5794,heldout,0.365462425656651,0.365462425656651,5.204170427930421e-17,0.0,0.0
44,CEAP,arousal,subject,minimal_pair,gpu_mlp,20260911,0.25,0.1204462637424511,0.0960813492063492,18.0,0.178125,0.0278798785660538,0.0138640873015873,0.0925663851763973,0.0822172619047619,0.0164883873595457,4.0,0.2093941495002312,0.2973112543245526,0.2700282523503696,0.2852326194317259,0.2533885314124238,0.2105773989968283,-0.0212894219176343,-0.0178310806523256,-0.0034583412653087,0,0.2238552064544631,,,,,,,,,,participant_x_stimulus,-0.0034583412653086953,-0.07720872219651938,0.08033971302211271,0.2532,audit,0.2093941553305747,0.2093941553305747,4.7704895589362195e-18,0.0,0.0
45,CEAP,arousal,subject,minimal_pair,gpu_mlp,20260911,0.5,0.212209631539652,0.0756035052910052,18.0,0.178125,0.0278798785660538,0.0138640873015873,0.1843297529735982,0.0617394179894178,0.0328337372484221,4.0,0.2367519034819691,0.3313415576686505,0.2875646027803714,0.2857424822884679,0.2844263685339323,0.2453810228124706,-0.0033631575607589,-0.0178310806523256,0.0144679230915667,0,0.2512585317248653,,,,,,,,,,participant_x_stimulus,0.014467923091566748,-0.08413747772574424,0.10197890400886528,0.4648,audit,0.2367519112555349,0.2367519112555349,4.85722573273506e-17,0.0,0.0
46,CEAP,arousal,subject,minimal_pair,gpu_mlp,20260911,0.75,0.3049791707283676,0.1150132275132275,18.0,0.178125,0.0278798785660538,0.0138640873015873,0.2770992921623138,0.1011491402116402,0.0493583114164121,4.0,0.4790443314269629,0.5949760510347625,0.4320920823880757,0.4897240605594089,0.4857024340297788,0.4856533906574991,-0.0340757662288216,-0.0178310806523256,-0.016244685576496,0,0.4873818889232631,,,,,,,,,,participant_x_stimulus,-0.016244685576495943,-0.08931475672870874,0.05376714356243604,0.1324,audit,0.4790443305258861,0.4790443305258861,5.551115123125783e-17,0.0,0.0
47,CEAP,arousal,subject,minimal_pair,gpu_mlp,20260911,1.0,0.3966893341145237,0.0910052910052909,18.0,0.178125,0.0278798785660538,0.0138640873015873,0.3688094555484699,0.0771412037037036,0.0656941842695712,4.0,0.5048570131637715,0.6196058071024129,0.4456433408350502,0.4635238633406123,0.4222427747522548,0.5213850888560991,0.0013960276667301,-0.0178310806523256,0.0192271083190556,0,0.5121261091323306,,,,,,,,,,participant_x_stimulus,0.01922710831905583,-0.04929794911295175,0.08993143104016776,0.4726,audit,0.5048570319342609,0.5048570319342609,2.2898349882893854e-16,0.0,0.0
48,CEAP,arousal,subject,minimal_pair,linear_logistic,20260813,0.25,0.1244451427834665,0.0687971119789301,18.0,0.1671875,0.0314857772630594,0.0433133785406512,0.0929593655204071,0.0254837334382789,0.015541643922943,1.0,0.0965972145642315,0.1458943907838505,0.1496549056102028,0.1672061778367846,0.1222870335317231,0.1006543379449402,0.0098991052731772,0.0213846056221841,-0.0114855003490069,0,0.107879041593686,,,,,,,,,,participant_x_stimulus,-0.011485500349006916,-0.07912067528814078,0.057578183524310496,0.177,heldout,0.0965972141532775,0.0965972141532775,1.5612511283791264e-17,0.0,0.0
49,CEAP,arousal,subject,minimal_pair,linear_logistic,20260813,0.5,0.2166384964860667,0.0679477088567997,18.0,0.1671875,0.0314857772630594,0.0433133785406512,0.1851527192230073,0.0246343303161485,0.0309552202450965,1.0,0.1443357543871009,0.2122712125088121,0.1848123423009096,0.1698261738611235,0.1801892465906292,0.1569226157750659,0.0293165810013326,0.0213846056221841,0.0079319753791484,0,0.1576657239574744,,,,,,,,,,participant_x_stimulus,0.00793197537914847,-0.05502036409452558,0.07771701291203498,0.3554,heldout,0.1443357570855404,0.1443357570855404,7.112366251504909e-17,0.0,0.0
50,CEAP,arousal,subject,minimal_pair,linear_logistic,20260813,0.75,0.30940872836801,0.1260755658482931,18.0,0.1671875,0.0314857772630594,0.0433133785406512,0.2779229511049506,0.0827621873076419,0.0464652433878589,1.0,0.3985613198197875,0.5142420308399819,0.3331910733258638,0.3730815402665106,0.3960109189312709,0.4128086131914383,0.0310933434862618,0.0213846056221841,0.0097087378640777,0,0.40988820100047,,,,,,,,,,participant_x_stimulus,0.009708737864077666,-0.06747366040945053,0.08302462212741367,0.3846,heldout,0.3985613324524659,0.3985613324524659,3.469446951953614e-17,0.0,0.0
51,CEAP,arousal,subject,minimal_pair,linear_logistic,20260813,1.0,0.4019482999628931,0.1329008113099022,18.0,0.1671875,0.0314857772630594,0.0433133785406512,0.3704625226998337,0.0895874327692509,0.0619367030138784,1.0,0.541039278651464,0.6531635029769434,0.4085650963603788,0.5150740259598051,0.4220672312175143,0.5574456980562011,-0.0044736341138397,0.0213846056221841,-0.0258582397360238,0,0.5467549845694712,,,,,,,,,,participant_x_stimulus,-0.025858239736023858,-0.09647234845906497,0.03927283398807032,0.0776,heldout,0.5410392808066938,0.5410392808066938,5.898059818321144e-17,0.0,0.0
52,CEAP,arousal,subject,minimal_pair,linear_logistic,20261007,0.25,0.1256699576165833,0.0784406565656565,18.0,0.1624999999999999,0.0323036197415449,0.0486805555555555,0.0933663378750384,0.029760101010101,0.0151720299046937,1.0,0.1095786704841177,0.1642959396963793,0.1594464373997994,0.1759625960239005,0.1390478607607994,0.1143604883491831,0.0145631067961164,-0.0178310806523257,0.0323941874484421,1,0.1215449766565833,,,,,,,,,,participant_x_stimulus,0.032394187448442247,-0.024814148573204874,0.0986864713951945,0.6718,heldout,0.1095786704788813,0.1095786704788813,1.457167719820518e-16,0.0,0.0
53,CEAP,arousal,subject,minimal_pair,linear_logistic,20261007,0.5,0.2179104903547662,0.0934090909090909,18.0,0.1624999999999999,0.0323036197415449,0.0486805555555555,0.1856068706132213,0.0447285353535354,0.0301611164746484,1.0,0.1981297864783083,0.2830103969708903,0.2190579274009232,0.2330149986782237,0.2448643217253969,0.2102927877850865,0.0048543689320388,-0.0178310806523257,0.0226854495843644,1,0.2125052503625091,,,,,,,,,,participant_x_stimulus,0.02268544958436458,-0.04687679084017873,0.09756562039256092,0.5466,heldout,0.1981297846946324,0.1981297846946324,1.8041124150158794e-16,0.0,0.0
54,CEAP,arousal,subject,minimal_pair,linear_logistic,20261007,0.75,0.3093130577521405,0.1066035353535353,18.0,0.1624999999999999,0.0323036197415449,0.0486805555555555,0.2770094380105956,0.0579229797979798,0.0450140336767217,1.0,0.3246270819943688,0.4343459913979279,0.2893791358801387,0.3178312367108679,0.3358823038998065,0.3420413164264048,-0.0226854495843645,-0.0178310806523257,-0.0048543689320388,0,0.3380100710082345,,,,,,,,,,participant_x_stimulus,-0.004854368932038833,-0.06762371361255645,0.06351944375783197,0.212,heldout,0.3246270793080674,0.3246270793080674,3.2959746043559335e-17,0.0,0.0
55,CEAP,arousal,subject,minimal_pair,linear_logistic,20261007,1.0,0.403503379874291,0.1402335858585858,18.0,0.1624999999999999,0.0323036197415449,0.0486805555555555,0.3711997601327461,0.0915530303030303,0.0603199610215712,1.0,0.5651437668584667,0.6749174904659564,0.4176573328326439,0.5260012235490279,0.4193213133348552,0.5807380421722598,-0.0261437908496732,-0.0178310806523257,-0.0083127101973475,0,0.5698016839580937,,,,,,,,,,participant_x_stimulus,-0.008312710197347473,-0.09171426203101873,0.08748232871294008,0.2448,heldout,0.5651437699726966,0.5651437699726966,2.7755575615628914e-17,0.0,0.0
56,CEAP,arousal,subject,wearable_all,gpu_mlp,20260813,0.25,0.1244451427834665,0.0687971119789301,36.0,0.2921875,0.0314857772630594,0.0433133785406512,0.0929593655204071,0.0254837334382789,0.0271615646129939,4.0,0.1825546674198032,0.262950820986017,0.2875701131127651,0.3604523755193001,0.1938113120795199,0.1828664663611154,-0.035757345009201,-0.0355669776001014,-0.0001903674090995,0,0.196741199395768,,,,,,,,,,participant_x_stimulus,-0.00019036740909961214,-0.07576215490698815,0.06889675389975307,0.2866,audit,0.1825546675108517,0.1825546675108517,1.121336096893133e-16,0.0,0.0
57,CEAP,arousal,subject,wearable_all,gpu_mlp,20260813,0.5,0.2166384964860667,0.0679477088567997,36.0,0.2921875,0.0314857772630594,0.0433133785406512,0.1851527192230073,0.0246343303161485,0.0540993101479724,4.0,0.2762901326430345,0.3788358672743862,0.377561420922644,0.3657207932446049,0.2912672148568769,0.2773642382411209,-0.0260486071451234,-0.0355669776001014,0.0095183704549779,0,0.2905056168596419,,,,,,,,,,participant_x_stimulus,0.009518370454978053,-0.08097191397100686,0.08819236960262047,0.4088,audit,0.2762901364593451,0.2762901364593451,1.5265566588595902e-16,0.0,0.0
58,CEAP,arousal,subject,wearable_all,gpu_mlp,20260813,0.75,0.30940872836801,0.1260755658482931,36.0,0.2921875,0.0314857772630594,0.0433133785406512,0.2779229511049506,0.0827621873076419,0.0812056122759777,4.0,0.6191987345588921,0.7220384121398422,0.6095479858362859,0.649720962943067,0.570656253290444,0.610683498947204,-0.0064407640078684,-0.0355669776001014,0.0291262135922329,1,0.6214696962643853,,,,,,,,,,participant_x_stimulus,0.029126213592232997,-0.05859412737190724,0.11510360594838855,0.5986,audit,0.6191987441187904,0.6191987441187904,9.71445146547012e-17,0.0,0.0
59,CEAP,arousal,subject,wearable_all,gpu_mlp,20260813,1.0,0.4019482999628931,0.1329008113099022,36.0,0.2921875,0.0314857772630594,0.0433133785406512,0.3704625226998337,0.0895874327692509,0.1082445183513576,4.0,0.7581847814467886,0.8335779292068283,0.715845957258043,0.8347424189891978,0.6160852180625891,0.7501637855494893,-0.004759185227489,-0.0355669776001014,0.0308077923726124,1,0.754922825485573,,,,,,,,,,participant_x_stimulus,0.03080779237261244,-0.05853683333843946,0.11244311742484567,0.6374,audit,0.7581847817316266,0.7581847817316266,4.163336342344337e-17,0.0,0.0
60,CEAP,arousal,subject,wearable_all,gpu_mlp,20260829,0.25,0.119349586483356,0.0946169772256728,36.0,0.296875,0.0281921219437185,0.0344751866490996,0.0911574645396375,0.0601417905765732,0.0270623722852048,4.0,0.2494444723276092,0.346801030409359,0.3390980454475453,0.3961043534918463,0.2621087363750243,0.2491627026635527,0.0275398185164033,-0.0162446855764959,0.0437845040928992,1,0.2639006417912344,,,,,,,,,,participant_x_stimulus,0.043784504092899246,-0.030093091400340197,0.1340565752238035,0.7328,heldout,0.2494444744159673,0.2494444744159673,4.85722573273506e-17,0.0,0.0
61,CEAP,arousal,subject,wearable_all,gpu_mlp,20260829,0.5,0.2100853021238823,0.0529816801555932,36.0,0.296875,0.0281921219437185,0.0344751866490996,0.1818931801801638,0.0185064935064936,0.0539995378659861,4.0,0.2314682771318282,0.3248454145022671,0.3472469528080182,0.32398122659734,0.2435159989361646,0.2348312375425098,0.0129767117202868,-0.0162446855764959,0.0292213972967827,1,0.2459830237282684,,,,,,,,,,participant_x_stimulus,0.029221397296782747,-0.04234563736245035,0.09912895839661359,0.6202,heldout,0.2314682739511536,0.2314682739511536,4.85722573273506e-17,0.0,0.0
62,CEAP,arousal,subject,wearable_all,gpu_mlp,20260829,0.75,0.2995354276094077,0.1100304285086893,36.0,0.296875,0.0281921219437185,0.0344751866490996,0.2713433056656892,0.0755552418595897,0.0805550438695014,4.0,0.5536795970541772,0.6646299442453525,0.573225887082868,0.5968139963205287,0.5208301439872874,0.5462246086055541,0.0241766609556444,-0.0162446855764959,0.0404213465321403,1,0.5588421396148205,,,,,,,,,,participant_x_stimulus,0.040421346532140356,-0.046587943285703655,0.13863796666264533,0.666,heldout,0.5536795971247779,0.5536795971247779,5.551115123125783e-17,0.0,0.0
63,CEAP,arousal,subject,wearable_all,gpu_mlp,20260829,1.0,0.3915353927546478,0.0603213815170337,36.0,0.296875,0.0281921219437185,0.0344751866490996,0.3633432708109293,0.0258461948679341,0.1078675335219946,4.0,0.500040095924682,0.615054037138323,0.5655336997018596,0.5467054456242713,0.3792284366787894,0.4994483747151033,0.0082175264927977,-0.0162446855764959,0.0244622120692936,1,0.5075115247677401,,,,,,,,,,participant_x_stimulus,0.024462212069293665,-0.060254779923707244,0.1099026149138808,0.5494,heldout,0.5000400859392604,0.5000400859392604,6.591949208711867e-17,0.0,0.0
64,CEAP,arousal,subject,wearable_all,gpu_mlp,20260911,0.25,0.1204462637424511,0.0960813492063492,36.0,0.3140625,0.0278798785660538,0.0138640873015873,0.0925663851763973,0.0822172619047619,0.0290716303444622,4.0,0.2624622973920085,0.3624461033913942,0.3549424628782314,0.4124211299762239,0.2703342021205339,0.26210317743897,-0.0261437908496732,-0.0308077923726124,0.0046640015229392,0,0.2768235399947512,,,,,,,,,,participant_x_stimulus,0.004664001522939276,-0.06419136170297861,0.07149327546358104,0.3022,audit,0.2624622983472488,0.2624622983472488,7.632783294297951e-17,0.0,0.0
65,CEAP,arousal,subject,wearable_all,gpu_mlp,20260911,0.5,0.212209631539652,0.0756035052910052,36.0,0.3140625,0.0278798785660538,0.0138640873015873,0.1843297529735982,0.0617394179894178,0.0578910630432706,4.0,0.3125410262478267,0.4207196893569455,0.4149895558631007,0.4157294518740051,0.3212606743803065,0.31089558377262,-0.0017767624849293,-0.0308077923726124,0.0290310298876831,1,0.326175602511496,,,,,,,,,,participant_x_stimulus,0.02903102988768319,-0.04175151102244854,0.10422964543104168,0.5796,audit,0.3125410296747457,0.3125410296747457,9.020562075079397e-17,0.0,0.0
66,CEAP,arousal,subject,wearable_all,gpu_mlp,20260911,0.75,0.3049791707283676,0.1150132275132275,36.0,0.3140625,0.0278798785660538,0.0138640873015873,0.2770992921623138,0.1011491402116402,0.0870264964447267,4.0,0.5953959945984498,0.7015656811144338,0.6128109316039294,0.6763590191204619,0.5511468953172007,0.5860147184145532,-0.016244685576496,-0.0308077923726124,0.0145631067961164,0,0.598716269123631,,,,,,,,,,participant_x_stimulus,0.014563106796116498,-0.060641557723283765,0.09884029943495988,0.458,audit,0.5953959848872385,0.5953959848872385,9.8879238130678e-17,0.0,0.0
67,CEAP,arousal,subject,wearable_all,gpu_mlp,20260911,1.0,0.3966893341145237,0.0910052910052909,36.0,0.3140625,0.0278798785660538,0.0138640873015873,0.3688094555484699,0.0771412037037036,0.1158292196331913,4.0,0.6402617725623331,0.739803457127961,0.6639279062232408,0.7210920477647519,0.5089541354817128,0.6320903750924107,0.0113903166444571,-0.0308077923726124,0.0421981090170694,1,0.6416146124690059,,,,,,,,,,participant_x_stimulus,0.04219810901706961,-0.03375246115028858,0.11942008789628741,0.7214,audit,0.6402617828066042,0.6402617828066042,2.0816681711721685e-16,0.0,0.0
68,CEAP,arousal,subject,wearable_all,gpu_mlp,20261007,0.25,0.1256699576165833,0.0784406565656565,36.0,0.28125,0.0323036197415449,0.0486805555555555,0.0933663378750384,0.029760101010101,0.0262592825273545,4.0,0.2023246072565566,0.2883560755563669,0.2994535952280939,0.3093616469381654,0.2173091081383841,0.2025003765255696,0.0164350529855955,0.0180214480614252,-0.0015863950758297,0,0.2167367771200347,,,,,,,,,,participant_x_stimulus,-0.001586395075829694,-0.08104457017034292,0.07419917993247509,0.2814,audit,0.2023246063684009,0.2023246063684009,5.854691731421724e-18,0.0,0.0
69,CEAP,arousal,subject,wearable_all,gpu_mlp,20261007,0.5,0.2179104903547662,0.0934090909090909,36.0,0.28125,0.0323036197415449,0.0486805555555555,0.1856068706132213,0.0447285353535354,0.0522019323599684,4.0,0.3546949860731555,0.4675411859068146,0.4225603480495075,0.3986014658049181,0.3756499303121013,0.3522013158490029,9.518370454975056e-05,0.0180214480614252,-0.0179262643568754,0,0.3673414698020206,,,,,,,,,,participant_x_stimulus,-0.0179262643568755,-0.09578819572925568,0.059303584881126824,0.1624,audit,0.3546949838591908,0.3546949838591908,9.71445146547012e-17,0.0,0.0
70,CEAP,arousal,subject,wearable_all,gpu_mlp,20261007,0.75,0.3093130577521405,0.1066035353535353,36.0,0.28125,0.0323036197415449,0.0486805555555555,0.2770094380105956,0.0579229797979798,0.07790890444048,4.0,0.5355932278616177,0.6481827702366867,0.5512204503213726,0.5306241751603777,0.5030208430243043,0.5300922153357133,-0.0046640015229392,0.0180214480614252,-0.0226854495843644,0,0.5415459084712393,,,,,,,,,,participant_x_stimulus,-0.02268544958436447,-0.09777937792241573,0.06298101283609851,0.1538,audit,0.5355932266646316,0.5355932266646316,6.938893903907228e-17,0.0,0.0
71,CEAP,arousal,subject,wearable_all,gpu_mlp,20261007,1.0,0.403503379874291,0.1402335858585858,36.0,0.28125,0.0323036197415449,0.0486805555555555,0.3711997601327461,0.0915530303030303,0.1043999325373348,4.0,0.7712206109804783,0.8433889717501827,0.7152751019027374,0.7640796961281203,0.6097286047847033,0.7638817862782041,0.0098039215686274,0.0180214480614252,-0.0082175264927978,0,0.7675425456289836,,,,,,,,,,participant_x_stimulus,-0.008217526492797833,-0.08826149832457304,0.07638910990208388,0.2312,audit,0.7712206133966162,0.7712206133966162,3.2959746043559335e-17,0.0,0.0
72,CEAP,arousal,subject,wearable_all,linear_logistic,20260813,0.25,0.1244451427834665,0.0687971119789301,36.0,0.2921875,0.0314857772630594,0.0433133785406512,0.0929593655204071,0.0254837334382789,0.0271615646129939,1.0,0.1230703761414732,0.1831389832782423,0.2023762600015547,0.2615481927469082,0.1312480285474223,0.1239070071108098,-0.0144679230915667,-0.0435941366837997,0.029126213592233,1,0.1356415404738655,,,,,,,,,,participant_x_stimulus,0.029126213592232997,-0.028302858397364617,0.09779761284589762,0.6266,heldout,0.1230703762073207,0.1230703762073207,3.469446951953614e-18,0.0,0.0
73,CEAP,arousal,subject,wearable_all,linear_logistic,20260813,0.5,0.2166384964860667,0.0679477088567997,36.0,0.2921875,0.0314857772630594,0.0433133785406512,0.1851527192230073,0.0246343303161485,0.0540993101479724,1.0,0.1934923991244198,0.2770727793038435,0.2760370264295272,0.2659722024032491,0.205254137124918,0.2002658889546616,-0.0227806332889143,-0.0435941366837997,0.0208135033948854,1,0.2078204206621363,,,,,,,,,,participant_x_stimulus,0.020813503394885413,-0.03900149427354336,0.09311092067509887,0.4972,heldout,0.1934924021028419,0.1934924021028419,1.3877787807814457e-17,0.0,0.0
74,CEAP,arousal,subject,wearable_all,linear_logistic,20260813,0.75,0.30940872836801,0.1260755658482931,36.0,0.2921875,0.0314857772630594,0.0433133785406512,0.2779229511049506,0.0827621873076419,0.0812056122759777,1.0,0.5054029443855711,0.6201204195027653,0.4952799035416526,0.5382443697377228,0.4551193999647002,0.5053562230976478,-0.0046640015229393,-0.0435941366837997,0.0389301351608604,1,0.512649031515387,,,,,,,,,,participant_x_stimulus,0.03893013516086041,-0.007921626511961221,0.0979266548529267,0.7736,heldout,0.5054029545203466,0.5054029545203466,1.3877787807814457e-17,0.0,0.0
75,CEAP,arousal,subject,wearable_all,linear_logistic,20260813,1.0,0.4019482999628931,0.1329008113099022,36.0,0.2921875,0.0314857772630594,0.0433133785406512,0.3704625226998337,0.0895874327692509,0.1082445183513576,1.0,0.6633406838225436,0.7589010562122884,0.6129323202185077,0.7604379057187028,0.5021071513402232,0.6604374023282963,-0.0388349514563107,-0.0435941366837997,0.004759185227489,0,0.6637070646108562,,,,,,,,,,participant_x_stimulus,0.004759185227489027,-0.0622471434995532,0.08352960385382144,0.3322,heldout,0.6633406841694933,0.6633406841694933,2.688821387764051e-17,0.0,0.0
76,CEAP,arousal,subject,wearable_all,linear_logistic,20261007,0.25,0.1256699576165833,0.0784406565656565,36.0,0.28125,0.0323036197415449,0.0486805555555555,0.0933663378750384,0.029760101010101,0.0262592825273545,1.0,0.1374818364247677,0.2029564939388652,0.2117857676193014,0.2196612759232558,0.1485583607479156,0.1383962380235385,0.0129767117202868,-0.0178310806523256,0.0308077923726124,1,0.1505915069601334,,,,,,,,,,participant_x_stimulus,0.03080779237261244,-0.040592607390135524,0.10589912924915552,0.6098,heldout,0.1374818357721966,0.1374818357721966,4.163336342344337e-17,0.0,0.0
77,CEAP,arousal,subject,wearable_all,linear_logistic,20261007,0.5,0.2179104903547662,0.0934090909090909,36.0,0.28125,0.0323036197415449,0.0486805555555555,0.1856068706132213,0.0447285353535354,0.0522019323599684,1.0,0.2567363960899358,0.3555906065073265,0.3150606337237297,0.2940422801289911,0.274364644868222,0.2624997714203465,0.0065359477124182,-0.0178310806523256,0.0243670283647438,1,0.2711446053641285,,,,,,,,,,participant_x_stimulus,0.024367028364743915,-0.05217753471806645,0.10854980759322633,0.5566,heldout,0.2567363942441517,0.2567363942441517,1.1449174941446927e-16,0.0,0.0
78,CEAP,arousal,subject,wearable_all,linear_logistic,20261007,0.75,0.3093130577521405,0.1066035353535353,36.0,0.28125,0.0323036197415449,0.0486805555555555,0.2770094380105956,0.0579229797979798,0.07790890444048,1.0,0.4202074385219937,0.5365658195872712,0.4356856371076801,0.4153514638722078,0.3887778171852432,0.4234634860230555,0.0048543689320388,-0.0178310806523256,0.0226854495843644,1,0.4307930140335612,,,,,,,,,,participant_x_stimulus,0.02268544958436447,-0.04327258365228772,0.1042390275746583,0.5074,heldout,0.4202074373495503,0.4202074373495503,6.938893903907228e-17,0.0,0.0
79,CEAP,arousal,subject,wearable_all,linear_logistic,20261007,1.0,0.403503379874291,0.1402335858585858,36.0,0.28125,0.0323036197415449,0.0486805555555555,0.3711997601327461,0.0915530303030303,0.1043999325373348,1.0,0.6793269069001167,0.7719098859718642,0.6122666997307074,0.6705430054028627,0.4954090120031509,0.6769023588040651,-0.0050447363411383,-0.0178310806523256,0.0127863443111873,0,0.6790267204834294,,,,,,,,,,participant_x_stimulus,0.012786344311187248,-0.06798342186957598,0.10110716857016086,0.4478,heldout,0.6793269098832145,0.6793269098832145,5.204170427930421e-17,0.0,0.0
80,CEAP,valence,subject,cardiovascular,gpu_mlp,20260829,0.25,0.0893478225814014,-0.0318741930584035,18.0,0.2328125,0.0128497064095322,-0.0081035923141186,0.0764981161718692,-0.0237706007442849,0.0178097176712633,4.0,0.0365453563810106,0.0571340147043551,0.1134527186883269,0.1014974353921696,0.0707674851985464,0.041307047578818,0.0382882882882883,0.0357857857857857,0.0025025025025025,0,0.0428698437188904,,,,,,,,,,participant_x_stimulus,0.0025025025025026126,-0.05535564683377743,0.059529486391693275,0.2384,heldout,0.0365453560806222,0.0365453560806222,1.1275702593849246e-16,0.0,0.0
81,CEAP,valence,subject,cardiovascular,gpu_mlp,20260829,0.5,0.1659129229840012,-0.0309761145287461,18.0,0.2328125,0.0128497064095322,-0.0081035923141186,0.153063216574469,-0.0228725222146275,0.0356350301087435,4.0,0.0555339692003356,0.0858668756877612,0.1463013254816188,0.1371874562575098,0.1042880956053123,0.0647649254647795,0.0265265265265265,0.0357857857857857,-0.0092592592592592,0,0.0638233416627978,,,,,,,,,,participant_x_stimulus,-0.00925925925925919,-0.08818152323365211,0.07032395880669352,0.2382,heldout,0.0555339717271762,0.0555339717271762,1.0408340855860843e-17,0.0,0.0
82,CEAP,valence,subject,cardiovascular,gpu_mlp,20260829,0.75,0.2397078235252815,0.0086428191691349,18.0,0.2328125,0.0128497064095322,-0.0081035923141186,0.2268581171157493,0.0167464114832535,0.0528154053910103,4.0,0.1402103042790325,0.2066730117776382,0.2440474492968698,0.2058828860008704,0.1579724874924396,0.1552027430542763,0.0083833833833834,0.0357857857857857,-0.0274024024024023,0,0.153410329638441,,,,,,,,,,participant_x_stimulus,-0.027402402402402326,-0.12433830332010984,0.04850447177886963,0.1226,heldout,0.1402103028337727,0.1402103028337727,2.7755575615628914e-17,0.0,0.0
83,CEAP,valence,subject,cardiovascular,gpu_mlp,20260829,1.0,0.3184318255266593,-0.0156594136857294,18.0,0.2328125,0.0128497064095322,-0.0081035923141186,0.305582119117127,-0.0075558213716108,0.0711433371069561,4.0,0.1478167533465917,0.2169751713128643,0.2574330050893229,0.2634852188680777,0.1627573770206369,0.1697685202052457,0.0025025025025025,0.0357857857857857,-0.0332832832832832,0,0.1612502627892688,,,,,,,,,,participant_x_stimulus,-0.03328328328328323,-0.11737712863832712,0.04733307156711805,0.0926,heldout,0.1478167540047857,0.1478167540047857,2.7755575615628914e-17,0.0,0.0
84,CEAP,valence,subject,cardiovascular,gpu_mlp,20260923,0.25,0.0881614856720154,-0.0148018648018648,18.0,0.2296875,0.0177189592529149,0.0174825174825174,0.0704425264191005,-0.0322843822843822,0.0161797677868871,4.0,0.0452783585533334,0.0704273115921623,0.1265719989434833,0.1243102513133602,0.0684933089145007,0.0502171205362442,0.0741991991991991,0.0523023023023022,0.0218968968968968,1,0.0525655971430786,,,,,,,,,,participant_x_stimulus,0.02189689689689689,-0.04478976270183921,0.10058606714010232,0.4924,heldout,0.0452783590538758,0.0452783590538758,9.020562075079397e-17,0.0,0.0
85,CEAP,valence,subject,cardiovascular,gpu_mlp,20260923,0.5,0.1588573406641079,-0.1022824397824397,18.0,0.2296875,0.0177189592529149,0.0174825174825174,0.141138381411193,-0.1197649572649571,0.0324177219803833,4.0,0.0178601428662774,0.0282305085037764,0.0782304853395589,0.105675904932152,0.0979997489557061,0.022443182145752,0.056056056056056,0.0523023023023022,0.0037537537537538,0,0.0216611751543947,,,,,,,,,,participant_x_stimulus,0.0037537537537537524,-0.08387364968657493,0.10049291178584098,0.3564,heldout,0.0178601412903067,0.0178601412903067,4.7704895589362195e-17,0.0,0.0
86,CEAP,valence,subject,cardiovascular,gpu_mlp,20260923,0.75,0.2287343904870072,-0.0314491064491064,18.0,0.2296875,0.0177189592529149,0.0174825174825174,0.2110154312340923,-0.0489316239316238,0.0484676068615805,4.0,0.073851012835127,0.1129918344431716,0.1725861862264322,0.1473840199387653,0.1377916371973984,0.08723756121052,0.0514264264264264,0.0523023023023022,-0.0008758758758758,0,0.0836515574566401,,,,,,,,,,participant_x_stimulus,-0.0008758758758757867,-0.08500674720853567,0.0901498768478632,0.3048,heldout,0.073851008907212,0.073851008907212,1.3227266504323154e-17,0.0,0.0
87,CEAP,valence,subject,cardiovascular,gpu_mlp,20260923,1.0,0.300144561231455,-0.0719794094794094,18.0,0.2296875,0.0177189592529149,0.0174825174825174,0.2824256019785401,-0.0894619269619268,0.0648696304544459,4.0,0.0595457317809725,0.0918567650579027,0.1579483049039849,0.1574614516736757,0.156887013895138,0.0751837983648765,0.0708208208208208,0.0523023023023022,0.0185185185185186,0,0.0681943975915865,,,,,,,,,,participant_x_stimulus,0.0185185185185186,-0.07037895806133747,0.10628937017172575,0.4618,heldout,0.0595457339905877,0.0595457339905877,0.0,0.0,0.0
88,CEAP,valence,subject,cardiovascular,linear_logistic,20260813,0.25,0.0889430783522299,-0.0237612387612387,18.0,0.2296875,0.0142569083338985,-0.0218725718725718,0.0746861700183314,-0.0018886668886669,0.0171544796760854,1.0,0.0258854299900628,0.0407224117233896,0.078587993674566,0.0744768978404562,0.0451670816201478,0.0292959633857738,0.003003003003003,-0.0062562562562561,0.0092592592592591,0,0.0308637526931408,,,,,,,,,,participant_x_stimulus,0.00925925925925919,-0.04878205098211765,0.08211925514042374,0.3392,heldout,0.0258854300000975,0.0258854300000975,9.020562075079397e-17,0.0,0.0
89,CEAP,valence,subject,cardiovascular,linear_logistic,20260813,0.5,0.1629921309846606,-0.0279836829836829,18.0,0.2296875,0.0142569083338985,-0.0218725718725718,0.148735222650762,-0.006111111111111,0.0341626214525969,1.0,0.0361233064043408,0.0564881334696043,0.0972150242223646,0.0929101774078977,0.0664693780211624,0.0424154669485315,0.0097597597597597,-0.0062562562562561,0.0160160160160158,0,0.0423983498572229,,,,,,,,,,participant_x_stimulus,0.016016016016015877,-0.04379852116107941,0.09334415700286625,0.4152,heldout,0.036123303810309,0.036123303810309,7.632783294297951e-17,0.0,0.0
90,CEAP,valence,subject,cardiovascular,linear_logistic,20260813,0.75,0.2384335803245454,-0.0007409257409257,18.0,0.2296875,0.0142569083338985,-0.0218725718725718,0.2241766719906469,0.0211316461316461,0.0514905793478517,1.0,0.0796358555689466,0.1214406066358056,0.1538564421927293,0.1313752336261811,0.0962720425489927,0.0915956302532167,-0.0028778778778778,-0.0062562562562561,0.0033783783783782,0,0.0898507277243663,,,,,,,,,,participant_x_stimulus,0.0033783783783782884,-0.059778442978858946,0.07041859403252596,0.2702,heldout,0.0796358577184007,0.0796358577184007,8.847089727481716e-17,0.0,0.0
91,CEAP,valence,subject,cardiovascular,linear_logistic,20260813,1.0,0.3116790829502078,0.0118628593628593,18.0,0.2296875,0.0142569083338985,-0.0218725718725718,0.2974221746163093,0.0337354312354311,0.0683141557321835,1.0,0.136054845127813,0.2010082836313967,0.2105307828471297,0.1944259247027165,0.1212909321417138,0.1530069134289626,0.0051301301301301,-0.0062562562562561,0.0113863863863862,0,0.1491158340599,,,,,,,,,,participant_x_stimulus,0.011386386386386338,-0.05590913649648428,0.08854625988751644,0.3784,heldout,0.1360548482654711,0.1360548482654711,1.3877787807814457e-16,0.0,0.0
92,CEAP,valence,subject,cardiovascular,linear_logistic,20260829,0.25,0.0893478225814014,-0.0318741930584035,18.0,0.2328125,0.0128497064095322,-0.0081035923141186,0.0764981161718692,-0.0237706007442849,0.0178097176712633,1.0,0.0232822302578897,0.0366833023880576,0.0744512795032861,0.0662834875153491,0.0456731606884552,0.0265073565342147,0.0404154154154154,0.005005005005005,0.0354104104104104,1,0.027896668170851,,,,,,,,,,participant_x_stimulus,0.03541041041041049,-0.01754560419358313,0.10293148979544638,0.6994,audit,0.0232822300638846,0.0232822300638846,8.326672684688674e-17,0.0,0.0
93,CEAP,valence,subject,cardiovascular,linear_logistic,20260829,0.5,0.1659129229840012,-0.0309761145287461,18.0,0.2328125,0.0128497064095322,-0.0081035923141186,0.153063216574469,-0.0228725222146275,0.0356350301087435,1.0,0.0356343363829428,0.0557394433993554,0.097246243476484,0.0908429878216011,0.0681794127097448,0.0419621507319364,0.0437937937937937,0.005005005005005,0.0387887887887887,1,0.0418517336785643,,,,,,,,,,participant_x_stimulus,0.038788788788788775,-0.030328763835132118,0.11092765051871534,0.7316,audit,0.0356343380384962,0.0356343380384962,7.632783294297951e-17,0.0,0.0
94,CEAP,valence,subject,cardiovascular,linear_logistic,20260829,0.75,0.2397078235252815,0.0086428191691349,18.0,0.2328125,0.0128497064095322,-0.0081035923141186,0.2268581171157493,0.0167464114832535,0.0528154053910103,1.0,0.0929546773743949,0.1406824115778047,0.1686942877246686,0.1401000192435155,0.1054647218087666,0.1053174948136643,0.0105105105105104,0.005005005005005,0.0055055055055054,0,0.1040247445656476,,,,,,,,,,participant_x_stimulus,0.005505505505505437,-0.07278476618230342,0.09117893669754264,0.3386,audit,0.0929546763635744,0.0929546763635744,3.729655473350135e-17,0.0,0.0
95,CEAP,valence,subject,cardiovascular,linear_logistic,20260829,1.0,0.3184318255266593,-0.0156594136857294,18.0,0.2328125,0.0128497064095322,-0.0081035923141186,0.305582119117127,-0.0075558213716108,0.0711433371069561,1.0,0.0982905677464477,0.1483100534573196,0.1789250890795195,0.1835515728866722,0.1088648080688741,0.1148241210000891,0.0016266266266266,0.005005005005005,-0.0033783783783784,0,0.10966779717629,,,,,,,,,,participant_x_stimulus,-0.0033783783783783994,-0.07739043086767197,0.06281618755310768,0.2382,audit,0.0982905682095488,0.0982905682095488,4.336808689942018e-19,0.0,0.0
96,CEAP,valence,subject,cardiovascular,linear_logistic,20261007,0.25,0.0907505519581659,0.0009391534391534,18.0,0.2359375,0.0153315499003969,-0.0066666666666666,0.075419002057769,0.00760582010582,0.0177941707980048,1.0,0.0380494197758976,0.0594331550578147,0.0981514290758107,0.0993295109835825,0.0454843474292702,0.0419970061348778,0.0085085085085084,-0.0269019019019018,0.0354104104104101,1,0.044547800263382,,,,,,,,,,participant_x_stimulus,0.035410410410410376,-0.031156926415860653,0.10246320627629757,0.6662,heldout,0.0380494192573765,0.0380494192573765,2.7755575615628914e-16,0.0,0.0
97,CEAP,valence,subject,cardiovascular,linear_logistic,20261007,0.5,0.1646075191926067,0.016056536056536,18.0,0.2359375,0.0153315499003969,-0.0066666666666666,0.1492759692922098,0.0227232027232026,0.0352197990048807,1.0,0.0700534273103114,0.1074149742179558,0.1413936860535536,0.152656270626728,0.08119415440636,0.0781024863729884,0.00513013013013,-0.0269019019019018,0.0320320320320317,1,0.0795665811094529,,,,,,,,,,participant_x_stimulus,0.032032032032031976,-0.05362761318683624,0.1099158216267823,0.5966,heldout,0.070053425842297,0.070053425842297,2.7755575615628914e-16,0.0,0.0
98,CEAP,valence,subject,cardiovascular,linear_logistic,20261007,0.75,0.2393148677439981,0.0362376512376512,18.0,0.2359375,0.0153315499003969,-0.0066666666666666,0.2239833178436012,0.0429043179043178,0.0528460640537246,1.0,0.13483803553101,0.1993446008322678,0.2074393356472748,0.192559965777781,0.1528799171031617,0.1469798766284674,-0.0087587587587587,-0.0269019019019018,0.0181431431431431,0,0.1478567299307379,,,,,,,,,,participant_x_stimulus,0.018143143143143137,-0.049188298918306825,0.0840558160096407,0.471,heldout,0.1348380354550423,0.1348380354550423,3.8163916471489756e-17,0.0,0.0
99,CEAP,valence,subject,cardiovascular,linear_logistic,20261007,1.0,0.3139176089594213,0.0084093684093684,18.0,0.2359375,0.0153315499003969,-0.0066666666666666,0.2985860590590243,0.015076035076035,0.0704476483092385,1.0,0.1332268238448738,0.1971382215057593,0.2119280189179054,0.2127815142709097,0.1172588917113449,0.1497735873156515,-0.0146396396396396,-0.0269019019019018,0.0122622622622622,0,0.1461883944072173,,,,,,,,,,participant_x_stimulus,0.012262262262262236,-0.05556974783539772,0.07630695123225442,0.3892,heldout,0.1332268259846097,0.1332268259846097,3.642919299551295e-17,0.0,0.0
100,CEAP,valence,subject,electrodermal_thermal,gpu_mlp,20260829,0.25,0.0893478225814014,-0.0318741930584035,18.0,0.0625,0.0128497064095322,-0.0081035923141186,0.0764981161718692,-0.0237706007442849,0.0047811322607418,4.0,0.0260089189160785,0.0409137090471488,0.0746838355423975,0.063460568910979,0.0676600046268464,0.0309720823948385,-0.0028778778778778,-0.029029029029029,0.0261511511511512,1,0.0310041194637758,,,,,,,,,,participant_x_stimulus,0.026151151151151186,-0.047284109704196456,0.08950098771601911,0.5752,heldout,0.0260089195557663,0.0260089195557663,1.3877787807814457e-17,0.0,0.0
101,CEAP,valence,subject,electrodermal_thermal,gpu_mlp,20260829,0.5,0.1659129229840012,-0.0309761145287461,18.0,0.0625,0.0128497064095322,-0.0081035923141186,0.153063216574469,-0.0228725222146275,0.0095664510359043,4.0,0.0364215745458603,0.0569446185771947,0.0832360701679043,0.080968911065289,0.0892416202215446,0.0458604153139039,-0.0324074074074074,-0.029029029029029,-0.0033783783783783,0,0.0427315904709073,,,,,,,,,,participant_x_stimulus,-0.0033783783783783994,-0.08125247731804848,0.07427428606897585,0.2582,heldout,0.0364215773673919,0.0364215773673919,9.93129189996722e-17,0.0,0.0
102,CEAP,valence,subject,electrodermal_thermal,gpu_mlp,20260829,0.75,0.2397078235252815,0.0086428191691349,18.0,0.0625,0.0128497064095322,-0.0081035923141186,0.2268581171157493,0.0167464114832535,0.0141786323197343,4.0,0.087623740399557,0.1330156937263221,0.1263191641293458,0.1167120037422177,0.1253566325404523,0.1087641669011427,0.0001251251251251,-0.029029029029029,0.0291541541541541,1,0.0983672264522595,,,,,,,,,,participant_x_stimulus,0.029154154154154177,-0.03527019787579775,0.09851906131953,0.5782,heldout,0.0876237423811479,0.0876237423811479,7.632783294297951e-17,0.0,0.0
103,CEAP,valence,subject,electrodermal_thermal,gpu_mlp,20260829,1.0,0.3184318255266593,-0.0156594136857294,18.0,0.0625,0.0128497064095322,-0.0081035923141186,0.305582119117127,-0.0075558213716108,0.0190988824448204,4.0,0.0851205972348788,0.1293997495031157,0.1148741649131434,0.1426144747791903,0.119144787065312,0.1132799444199288,-0.01514014014014,-0.029029029029029,0.013888888888889,0,0.0957036389257441,,,,,,,,,,participant_x_stimulus,0.01388888888888895,-0.060519729182124136,0.09764768704771969,0.4108,heldout,0.0851206007900102,0.0851206007900102,4.85722573273506e-17,0.0,0.0
104,CEAP,valence,subject,electrodermal_thermal,gpu_mlp,20260923,0.25,0.0881614856720154,-0.0148018648018648,18.0,0.084375,0.0177189592529149,0.0174825174825174,0.0704425264191005,-0.0322843822843822,0.0059435881666116,4.0,0.0341604943374635,0.0534801664075447,0.0900425929729262,0.0827975949202023,0.0661771775202013,0.0394945333671408,0.0138888888888888,0.0,0.0138888888888888,0,0.0402017333217452,,,,,,,,,,participant_x_stimulus,0.013888888888888895,-0.05394241772592068,0.078125,0.3736,heldout,0.03416049402588,0.03416049402588,9.540979117872439e-17,0.0,0.0
105,CEAP,valence,subject,electrodermal_thermal,gpu_mlp,20260923,0.5,0.1588573406641079,-0.1022824397824397,18.0,0.084375,0.0177189592529149,0.0174825174825174,0.141138381411193,-0.1197649572649571,0.0119085509315694,4.0,0.0124673986005734,0.0197695343749962,0.0480861979159104,0.0630750394651708,0.0860710764589112,0.0166152730223279,-0.0215215215215214,0.0,-0.0215215215215214,0,0.0153667628193005,,,,,,,,,,participant_x_stimulus,-0.02152152152152148,-0.09037490803748369,0.043252216558903364,0.1082,heldout,0.0124673976158177,0.0124673976158177,7.979727989493313e-17,0.0,0.0
106,CEAP,valence,subject,electrodermal_thermal,gpu_mlp,20260923,0.75,0.2287343904870072,-0.0314491064491064,18.0,0.084375,0.0177189592529149,0.0174825174825174,0.2110154312340923,-0.0489316239316238,0.0178044270103765,4.0,0.0490472885486634,0.0761227050063392,0.0977918689006886,0.0879366219006724,0.1143105423419859,0.0631436504935806,-0.0113863863863863,0.0,-0.0113863863863863,0,0.0567176470046463,,,,,,,,,,participant_x_stimulus,-0.011386386386386338,-0.08345237858593464,0.05937688378617165,0.1792,heldout,0.0490472854719756,0.0490472854719756,3.8163916471489756e-17,0.0,0.0
107,CEAP,valence,subject,electrodermal_thermal,gpu_mlp,20260923,1.0,0.300144561231455,-0.0719794094794094,18.0,0.084375,0.0177189592529149,0.0174825174825174,0.2824256019785401,-0.0894619269619268,0.0238296601669393,4.0,0.0366985610934654,0.0573683900735311,0.0782114515340342,0.0920562929746579,0.1226485421985445,0.0512382848651372,0.0252752752752752,0.0,0.0252752752752752,1,0.0430409255543594,,,,,,,,,,participant_x_stimulus,0.02527527527527529,-0.05539279114454984,0.10645236093550918,0.5574,heldout,0.0366985621349569,0.0366985621349569,9.020562075079397e-17,0.0,0.0
108,CEAP,valence,subject,electrodermal_thermal,gpu_mlp,20261007,0.25,0.0907505519581659,0.0009391534391534,18.0,0.0703125,0.0153315499003969,-0.0066666666666666,0.075419002057769,0.00760582010582,0.0053028985821868,4.0,0.0428757566750624,0.0667835800702947,0.0997963287347685,0.0869038806561885,0.0673935252650656,0.0490524516388053,-0.010135135135135,-0.026151151151151,0.016016016016016,0,0.0499090287865095,,,,,,,,,,participant_x_stimulus,0.016016016016015988,-0.05551398424431681,0.09794850200414623,0.4516,audit,0.0428757564568747,0.0428757564568747,1.0408340855860843e-17,0.0,0.0
109,CEAP,valence,subject,electrodermal_thermal,gpu_mlp,20261007,0.5,0.1646075191926067,0.016056536056536,18.0,0.0703125,0.0153315499003969,-0.0066666666666666,0.1492759692922098,0.0227232027232026,0.0104959665908585,4.0,0.0726506704127255,0.1112317184670878,0.1246779482310165,0.1235655415032709,0.1060944598025544,0.085316661184403,-0.0185185185185184,-0.026151151151151,0.0076326326326325,0,0.0823617329927566,,,,,,,,,,participant_x_stimulus,0.0076326326326325855,-0.06965949162840843,0.08992887567728755,0.3582,audit,0.0726506704595116,0.0726506704595116,8.586881206085195e-17,0.0,0.0
110,CEAP,valence,subject,electrodermal_thermal,gpu_mlp,20261007,0.75,0.2393148677439981,0.0362376512376512,18.0,0.0703125,0.0153315499003969,-0.0066666666666666,0.2239833178436012,0.0429043179043178,0.0157488270358782,4.0,0.1294453134387883,0.1919443670709057,0.1609806643615668,0.146449127044409,0.1815046802189467,0.1525292423730339,-0.0370370370370369,-0.026151151151151,-0.0108858858858859,0,0.1422677208329097,,,,,,,,,,participant_x_stimulus,-0.010885885885885904,-0.08421149384230375,0.06495267339050767,0.205,audit,0.1294453144773759,0.1294453144773759,3.469446951953614e-18,0.0,0.0
111,CEAP,valence,subject,electrodermal_thermal,gpu_mlp,20261007,1.0,0.3139176089594213,0.0084093684093684,18.0,0.0703125,0.0153315499003969,-0.0066666666666666,0.2985860590590243,0.015076035076035,0.0209943322775876,4.0,0.1185886084039552,0.176911036828218,0.1431886888391269,0.1537309692929471,0.1302495129489873,0.1505569246385819,-0.0176426426426425,-0.026151151151151,0.0085085085085085,0,0.1309701750283561,,,,,,,,,,participant_x_stimulus,0.008508508508508483,-0.07307362779974937,0.09526780340820547,0.3636,audit,0.118588612754468,0.118588612754468,1.734723475976807e-17,0.0,0.0
112,CEAP,valence,subject,electrodermal_thermal,linear_logistic,20260911,0.25,0.0922901345956377,-0.0481905521379205,18.0,0.0859375,0.0148346058170748,-0.0143540669856459,0.0774555287785629,-0.0338364851522745,0.0066563345044077,1.0,0.0135667421614608,0.02149874426861,0.044608643389661,0.0412513029711854,0.0437727723857901,0.0164441426836598,-0.0375375375375375,-0.0117617617617618,-0.0257757757757757,0,0.0166589081637695,,,,,,,,,,participant_x_stimulus,-0.025775775775775722,-0.08500243313610553,0.041687287762761045,0.0752,heldout,0.0135667413033406,0.0135667413033406,2.0816681711721685e-17,0.0,0.0
113,CEAP,valence,subject,electrodermal_thermal,linear_logistic,20260911,0.5,0.1707184500521909,0.0224415204678362,18.0,0.0859375,0.0148346058170748,-0.0143540669856459,0.1558838442351161,0.0367955874534821,0.0133962678639552,1.0,0.055057481278997,0.0851535919211774,0.0922747864908335,0.0871984479104785,0.0791503954890653,0.065669663128808,-0.0046296296296297,-0.0117617617617618,0.0071321321321321,0,0.0633030233989892,,,,,,,,,,participant_x_stimulus,0.007132132132132041,-0.05249200789257884,0.06724488716572519,0.3186,heldout,0.055057479412189,0.055057479412189,5.898059818321144e-17,0.0,0.0
114,CEAP,valence,subject,electrodermal_thermal,linear_logistic,20260911,0.75,0.2487942394695739,-0.0212624363940153,18.0,0.0859375,0.0148346058170748,-0.0143540669856459,0.2339596336524991,-0.0069083694083693,0.0201059060170116,1.0,0.0405539087413932,0.0632526125478501,0.0726443784770856,0.0721851587874207,0.0788502707260695,0.0528059870665908,-0.0311561561561561,-0.0117617617617618,-0.0193943943943942,0,0.0473341195314566,,,,,,,,,,participant_x_stimulus,-0.019394394394394388,-0.0810868788510561,0.04135464383289216,0.0788,heldout,0.0405539062712528,0.0405539062712528,1.8735013540549517e-16,0.0,0.0
115,CEAP,valence,subject,electrodermal_thermal,linear_logistic,20260911,1.0,0.3264888240950164,-0.0122038049669628,18.0,0.0859375,0.0148346058170748,-0.0143540669856459,0.3116542182779416,0.0021502620186831,0.0267827843832606,1.0,0.0645974152114645,0.0993600127763082,0.0887485406667921,0.1104711404421207,0.0822969110443101,0.0854259482388745,-0.0412912912912913,-0.0117617617617618,-0.0295295295295294,0,0.0736749306956001,,,,,,,,,,participant_x_stimulus,-0.029529529529529586,-0.09985384121537208,0.040180749446153574,0.0648,heldout,0.0645974151186957,0.0645974151186957,1.8735013540549517e-16,0.0,0.0
116,CEAP,valence,subject,electrodermal_thermal,linear_logistic,20260923,0.25,0.0881614856720154,-0.0148018648018648,18.0,0.084375,0.0177189592529149,0.0174825174825174,0.0704425264191005,-0.0322843822843822,0.0059435881666116,1.0,0.0217433547713731,0.0342897589476469,0.0585572559443823,0.0536838147218481,0.0426359022066766,0.0255615872067069,0.0459209209209208,0.0172672672672672,0.0286536536536536,1,0.026135004387547,,,,,,,,,,participant_x_stimulus,0.028653653653653577,-0.057983281929045914,0.11019261851906767,0.5974,audit,0.0217433545704986,0.0217433545704986,2.42861286636753e-17,0.0,0.0
117,CEAP,valence,subject,electrodermal_thermal,linear_logistic,20260923,0.5,0.1588573406641079,-0.1022824397824397,18.0,0.084375,0.0177189592529149,0.0174825174825174,0.141138381411193,-0.1197649572649571,0.0119085509315694,1.0,0.0078713092536496,0.0125156391899232,0.0307756344741416,0.040589325270501,0.0558763772391992,0.0104444834996041,0.0096346346346345,0.0172672672672672,-0.0076326326326327,0,0.009900243006948,,,,,,,,,,participant_x_stimulus,-0.0076326326326326965,-0.0852993331849575,0.060716610215604275,0.2074,audit,0.0078713086290291,0.0078713086290291,3.469446951953614e-18,0.0,0.0
118,CEAP,valence,subject,electrodermal_thermal,linear_logistic,20260923,0.75,0.2287343904870072,-0.0314491064491064,18.0,0.084375,0.0177189592529149,0.0174825174825174,0.2110154312340923,-0.0489316239316238,0.0178044270103765,1.0,0.031394780524339,0.0492300125312279,0.0637867766062149,0.0571283774026106,0.0750223418616423,0.0409480074107214,0.0025025025025025,0.0172672672672672,-0.0147647647647647,0,0.0370952933256549,,,,,,,,,,participant_x_stimulus,-0.014764764764764793,-0.07305203098803759,0.05249640634283413,0.1324,audit,0.0313947785184183,0.0313947785184183,9.367506770274758e-17,0.0,0.0
119,CEAP,valence,subject,electrodermal_thermal,linear_logistic,20260923,1.0,0.300144561231455,-0.0719794094794094,18.0,0.084375,0.0177189592529149,0.0174825174825174,0.2824256019785401,-0.0894619269619268,0.0238296601669393,1.0,0.0233811828970071,0.0368370624042984,0.0506329319367599,0.0598995271918064,0.0807558900716702,0.0326669414793894,0.0492992992992992,0.0172672672672672,0.032032032032032,1,0.02800974480769,,,,,,,,,,participant_x_stimulus,0.032032032032031976,-0.033012027759104966,0.0976239433512091,0.6482,audit,0.0233811835697297,0.0233811835697297,2.0816681711721685e-17,0.0,0.0
120,CEAP,valence,subject,electrodermal_thermal,linear_logistic,20261007,0.25,0.0907505519581659,0.0009391534391534,18.0,0.0703125,0.0153315499003969,-0.0066666666666666,0.075419002057769,0.00760582010582,0.0053028985821868,1.0,0.0273804780826919,0.0430365301376435,0.0651445551776025,0.0564350650646373,0.0434396853685491,0.0320294351460231,-0.0172672672672672,-0.0295295295295295,0.0122622622622622,0,0.0325609121444994,,,,,,,,,,participant_x_stimulus,0.012262262262262291,-0.07324767522513867,0.08123745117336507,0.4438,heldout,0.0273804779411014,0.0273804779411014,9.194034422677078e-17,0.0,0.0
121,CEAP,valence,subject,electrodermal_thermal,linear_logistic,20261007,0.5,0.1646075191926067,0.016056536056536,18.0,0.0703125,0.0153315499003969,-0.0066666666666666,0.1492759692922098,0.0227232027232026,0.0104959665908585,1.0,0.0469222839408611,0.0729145856465368,0.0821753166273143,0.0813887289462693,0.0694088068677665,0.0566551759116309,-0.0117617617617618,-0.0295295295295295,0.0177677677677677,0,0.0543788645278003,,,,,,,,,,participant_x_stimulus,0.017767767767767728,-0.06018551019951701,0.09627875741571186,0.4728,heldout,0.0469222839719168,0.0469222839719168,2.7755575615628914e-17,0.0,0.0
122,CEAP,valence,subject,electrodermal_thermal,linear_logistic,20261007,0.75,0.2393148677439981,0.0362376512376512,18.0,0.0703125,0.0153315499003969,-0.0066666666666666,0.2239833178436012,0.0429043179043178,0.0157488270358782,1.0,0.0854572383983039,0.129886647299666,0.1076240827791948,0.0973288319320317,0.1223113287637589,0.1038678587937539,-0.0425425425425425,-0.0295295295295295,-0.013013013013013,0,0.0960621286759494,,,,,,,,,,participant_x_stimulus,-0.013013013013012997,-0.0979008162394166,0.05766190364956855,0.1908,heldout,0.0854572391186042,0.0854572391186042,3.469446951953614e-18,0.0,0.0
123,CEAP,valence,subject,electrodermal_thermal,linear_logistic,20261007,1.0,0.3139176089594213,0.0084093684093684,18.0,0.0703125,0.0153315499003969,-0.0066666666666666,0.2985860590590243,0.015076035076035,0.0209943322775876,1.0,0.0779594718659115,0.118997986836036,0.095061064154322,0.1024614700324867,0.0860151567413663,0.1011823089126039,0.0101351351351351,-0.0295295295295295,0.0396646646646645,1,0.088057099708587,,,,,,,,,,participant_x_stimulus,0.03966466466466473,-0.04702306659892201,0.10976812839508056,0.6758,heldout,0.0779594748577471,0.0779594748577471,2.2898349882893854e-16,0.0,0.0
124,CEAP,valence,subject,minimal_pair,gpu_mlp,20260923,0.25,0.0881614856720154,-0.0148018648018648,18.0,0.171875,0.0177189592529149,0.0174825174825174,0.0704425264191005,-0.0322843822843822,0.0121073092282828,4.0,0.0404928357390616,0.063159607900056,0.1107213220908321,0.1187863189545605,0.0667045608206446,0.0456712002216196,0.0384134134134134,0.0337837837837837,0.0046296296296296,0,0.0472662853477058,,,,,,,,,,participant_x_stimulus,0.00462962962962965,-0.05260316496714949,0.07054082490503787,0.31,heldout,0.0404928371170367,0.0404928371170367,5.0306980803327406e-17,0.0,0.0
125,CEAP,valence,subject,minimal_pair,gpu_mlp,20260923,0.5,0.1588573406641079,-0.1022824397824397,18.0,0.171875,0.0177189592529149,0.0174825174825174,0.141138381411193,-0.1197649572649571,0.0242581593050487,4.0,0.0154839000268739,0.0245089480475131,0.0645820193366206,0.099011019154607,0.0930868046926264,0.0199332045077519,0.0371621621621621,0.0337837837837837,0.0033783783783783,0,0.0189007210100303,,,,,,,,,,participant_x_stimulus,0.003378378378378344,-0.06072189947590232,0.07866590712219473,0.327,heldout,0.015483899188116,0.015483899188116,4.380176776841438e-17,0.0,0.0
126,CEAP,valence,subject,minimal_pair,gpu_mlp,20260923,0.75,0.2287343904870072,-0.0314491064491064,18.0,0.171875,0.0177189592529149,0.0174825174825174,0.2110154312340923,-0.0489316239316238,0.0362682772433596,4.0,0.0628362395901484,0.0967491024538995,0.1384959406350582,0.1377108434011464,0.127998560695279,0.0768947871354022,0.0287787787787787,0.0337837837837837,-0.005005005005005,0,0.0717671223810494,,,,,,,,,,participant_x_stimulus,-0.005005005005005003,-0.06989850345999002,0.06921798046678304,0.2436,heldout,0.0628362381622213,0.0628362381622213,3.469446951953614e-18,0.0,0.0
127,CEAP,valence,subject,minimal_pair,gpu_mlp,20260923,1.0,0.300144561231455,-0.0719794094794094,18.0,0.171875,0.0177189592529149,0.0174825174825174,0.2824256019785401,-0.0894619269619268,0.0485419003400615,4.0,0.0491850325793489,0.0763303851899035,0.1203417323071516,0.1461142126114547,0.142416353557872,0.0647885718862106,0.0325325325325325,0.0337837837837837,-0.0012512512512512,0,0.0568690538511,,,,,,,,,,participant_x_stimulus,-0.0012512512512512508,-0.06032037539407611,0.07216653823852531,0.2746,heldout,0.0491850358551041,0.0491850358551041,5.074066167232161e-17,0.0,0.0
128,CEAP,valence,subject,minimal_pair,gpu_mlp,20261007,0.25,0.0907505519581659,0.0009391534391534,18.0,0.1624999999999999,0.0153315499003969,-0.0066666666666666,0.075419002057769,0.00760582010582,0.0122555878343874,4.0,0.0513520053658838,0.0795932017629131,0.1244085215489354,0.1241146733008627,0.0679953533008269,0.0572395059569559,0.024024024024024,-0.0135135135135134,0.0375375375375374,1,0.0592479370286,,,,,,,,,,participant_x_stimulus,0.037537537537537524,-0.05011997744441032,0.13345613628625866,0.6374,audit,0.0513520051946081,0.0513520051946081,1.249000902703301e-16,0.0,0.0
129,CEAP,valence,subject,minimal_pair,gpu_mlp,20261007,0.5,0.1646075191926067,0.016056536056536,18.0,0.1624999999999999,0.0153315499003969,-0.0066666666666666,0.1492759692922098,0.0227232027232026,0.024257345009984,4.0,0.0903043259335276,0.136876585675972,0.1666344825148444,0.1854929629561342,0.115261010417554,0.1016837008261655,0.0147647647647647,-0.0135135135135134,0.0282782782782781,1,0.1012145552507467,,,,,,,,,,participant_x_stimulus,0.028278278278278224,-0.04395037731155753,0.09134437181055542,0.5844,audit,0.0903043249063192,0.0903043249063192,1.249000902703301e-16,0.0,0.0
130,CEAP,valence,subject,minimal_pair,gpu_mlp,20261007,0.75,0.2393148677439981,0.0362376512376512,18.0,0.1624999999999999,0.0153315499003969,-0.0066666666666666,0.2239833178436012,0.0429043179043178,0.0363972891495851,4.0,0.1650487188385607,0.2399988303214359,0.2279917657261395,0.2249826332874396,0.2038690121631512,0.1829282086258724,0.0072572572572572,-0.0135135135135134,0.0207707707707706,1,0.1789167573454354,,,,,,,,,,participant_x_stimulus,0.02077077077077072,-0.06299616657197475,0.11503262538462863,0.5142,audit,0.1650487198293809,0.1650487198293809,1.1796119636642288e-16,0.0,0.0
131,CEAP,valence,subject,minimal_pair,gpu_mlp,20261007,1.0,0.3139176089594213,0.0084093684093684,18.0,0.1624999999999999,0.0153315499003969,-0.0066666666666666,0.2985860590590243,0.015076035076035,0.0485202345970914,4.0,0.1579986139923352,0.23063153733409,0.2199695229688573,0.2354029862888877,0.1535629850403996,0.1852457130289175,0.0101351351351351,-0.0135135135135134,0.0236486486486484,1,0.1717041161781655,,,,,,,,,,participant_x_stimulus,0.023648648648648685,-0.06585893873125315,0.11932091116905208,0.508,audit,0.1579986179454003,0.1579986179454003,2.8449465006019636e-16,0.0,0.0
132,CEAP,valence,subject,minimal_pair,linear_logistic,20260813,0.25,0.0889430783522299,-0.0237612387612387,18.0,0.1671875,0.0142569083338985,-0.0218725718725718,0.0746861700183314,-0.0018886668886669,0.0124865940499397,1.0,0.0228461028971037,0.0360053975387937,0.067275072278854,0.0701043677748249,0.0437847038209009,0.0263994804331966,-0.0042542542542542,-0.0008758758758758,-0.0033783783783784,0,0.0273980041267758,,,,,,,,,,participant_x_stimulus,-0.0033783783783783994,-0.07711618449538946,0.0607211098074913,0.2196,heldout,0.0228461032232803,0.0228461032232803,4.336808689942018e-19,0.0,0.0
133,CEAP,valence,subject,minimal_pair,linear_logistic,20260813,0.5,0.1629921309846606,-0.0279836829836829,18.0,0.1671875,0.0142569083338985,-0.0218725718725718,0.148735222650762,-0.006111111111111,0.0248666700369242,1.0,0.0309395021643831,0.0485290514571179,0.0788507381840664,0.0860286027651341,0.0625606034692985,0.037430520666762,-0.008008008008008,-0.0008758758758758,-0.0071321321321321,0,0.0365825993045238,,,,,,,,,,participant_x_stimulus,-0.007132132132132152,-0.0835471823811531,0.05365447988733649,0.1638,heldout,0.0309395003530656,0.0309395003530656,5.204170427930421e-17,0.0,0.0
134,CEAP,valence,subject,minimal_pair,linear_logistic,20260813,0.75,0.2384335803245454,-0.0007409257409257,18.0,0.1671875,0.0142569083338985,-0.0218725718725718,0.2241766719906469,0.0211316461316461,0.0374795373484362,1.0,0.0665811292942832,0.1022945052338467,0.119495862643589,0.1184288528425345,0.0881051174968697,0.0798879028693342,-0.0083833833833834,-0.0008758758758758,-0.0075075075075075,0,0.0758202375272209,,,,,,,,,,participant_x_stimulus,-0.007507507507507505,-0.09318872187286616,0.055120270326733556,0.1912,heldout,0.0665811322937359,0.0665811322937359,5.204170427930421e-18,0.0,0.0
135,CEAP,valence,subject,minimal_pair,linear_logistic,20260813,1.0,0.3116790829502078,0.0118628593628593,18.0,0.1671875,0.0142569083338985,-0.0218725718725718,0.2974221746163093,0.0337354312354311,0.0497252698186642,1.0,0.1117010394848739,0.1672789986737985,0.157695527421888,0.170975619132776,0.108147114370974,0.1326951460880245,0.0261511511511511,-0.0008758758758758,0.0270270270270269,1,0.1237693904142919,,,,,,,,,,participant_x_stimulus,0.027027027027027084,-0.0448790218681097,0.0976573195308447,0.5642,heldout,0.1117010442806279,0.1117010442806279,1.8388068845354155e-16,0.0,0.0
136,CEAP,valence,subject,minimal_pair,linear_logistic,20260829,0.25,0.0893478225814014,-0.0318741930584035,18.0,0.1609375,0.0128497064095322,-0.0081035923141186,0.0764981161718692,-0.0237706007442849,0.0123114155714102,1.0,0.0201413755962781,0.0317934439562516,0.0621079988415718,0.0433808461459028,0.0440317669980646,0.0234948440002016,-0.0387887887887888,-0.0341591591591592,-0.0046296296296296,0,0.024294543754506,,,,,,,,,,participant_x_stimulus,-0.00462962962962965,-0.06415153555572033,0.04998141685500732,0.1908,audit,0.0201413758626149,0.0201413758626149,5.0306980803327406e-17,0.0,0.0
137,CEAP,valence,subject,minimal_pair,linear_logistic,20260829,0.5,0.1659129229840012,-0.0309761145287461,18.0,0.1609375,0.0128497064095322,-0.0081035923141186,0.153063216574469,-0.0228725222146275,0.0246336114174536,1.0,0.0297525249209818,0.0466997804716833,0.0761183541758757,0.0603211128283458,0.0634668557189881,0.0362809287203746,-0.0535535535535535,-0.0341591591591592,-0.0193943943943942,0,0.0352440901673966,,,,,,,,,,participant_x_stimulus,-0.019394394394394332,-0.08089050184935331,0.04044272694736717,0.0966,audit,0.0297525269534796,0.0297525269534796,1.3183898417423734e-16,0.0,0.0
138,CEAP,valence,subject,minimal_pair,linear_logistic,20260829,0.75,0.2397078235252815,0.0086428191691349,18.0,0.1609375,0.0128497064095322,-0.0081035923141186,0.2268581171157493,0.0167464114832535,0.0365099782233159,1.0,0.0757516488921016,0.1157738799887281,0.1263182640861067,0.0918591672680572,0.0952148833725619,0.0901479397079048,-0.0282782782782782,-0.0341591591591592,0.005880880880881,0,0.0856913750898152,,,,,,,,,,participant_x_stimulus,0.005880880880881012,-0.05418320056051016,0.06806267816573378,0.3158,audit,0.0757516496893522,0.0757516496893522,1.214306433183765e-17,0.0,0.0
139,CEAP,valence,subject,minimal_pair,linear_logistic,20260829,1.0,0.3184318255266593,-0.0156594136857294,18.0,0.1609375,0.0128497064095322,-0.0081035923141186,0.305582119117127,-0.0075558213716108,0.0491796222954126,1.0,0.0773265951998924,0.1180746227073299,0.1258351144384266,0.1163711935612431,0.0948799135415757,0.096351002144137,-0.0564314314314314,-0.0341591591591592,-0.0222722722722722,0,0.0873793693948267,,,,,,,,,,participant_x_stimulus,-0.022272272272272242,-0.08436108976602555,0.04811209160834538,0.11,audit,0.0773265973062072,0.0773265973062072,4.163336342344337e-17,0.0,0.0
140,CEAP,valence,subject,minimal_pair,linear_logistic,20260911,0.25,0.0922901345956377,-0.0481905521379205,18.0,0.178125,0.0148346058170748,-0.0143540669856459,0.0774555287785629,-0.0338364851522745,0.0137967660636815,1.0,0.0163688130810627,0.0258960801171415,0.0565977889502296,0.0603005817977189,0.0446293753345374,0.0192198764928114,0.0012512512512512,0.0021271271271271,-0.0008758758758758,0,0.0199309354694153,,,,,,,,,,participant_x_stimulus,-0.0008758758758758978,-0.052677446883171795,0.06641554012894617,0.2388,heldout,0.0163688129913105,0.0163688129913105,9.77950359581925e-17,0.0,0.0
141,CEAP,valence,subject,minimal_pair,linear_logistic,20260911,0.5,0.1707184500521909,0.0224415204678362,18.0,0.178125,0.0148346058170748,-0.0143540669856459,0.1558838442351161,0.0367955874534821,0.02776680975438,1.0,0.0690253541345136,0.1059010393023301,0.1257755133209615,0.138460000953396,0.0867643695611945,0.078656555315323,-0.01514014014014,0.0021271271271271,-0.0172672672672671,0,0.0784585142430032,,,,,,,,,,participant_x_stimulus,-0.01726726726726724,-0.08085364159196615,0.05691480217501521,0.1306,heldout,0.0690253550689395,0.0690253550689395,1.3877787807814457e-16,0.0,0.0
142,CEAP,valence,subject,minimal_pair,linear_logistic,20260911,0.75,0.2487942394695739,-0.0212624363940153,18.0,0.178125,0.0148346058170748,-0.0143540669856459,0.2339596336524991,-0.0069083694083693,0.0416740597443514,1.0,0.0535260374933915,0.0828584201005571,0.1087860192790804,0.1105825237398974,0.0904821311009798,0.065614285249733,-0.0105105105105105,0.0021271271271271,-0.0126376376376376,0,0.0616289910894372,,,,,,,,,,participant_x_stimulus,-0.0126376376376377,-0.07120831143110991,0.04191407300531861,0.1182,heldout,0.0535260371009491,0.0535260371009491,1.0061396160665481e-16,0.0,0.0
143,CEAP,valence,subject,minimal_pair,linear_logistic,20260911,1.0,0.3264888240950164,-0.0122038049669628,18.0,0.178125,0.0148346058170748,-0.0143540669856459,0.3116542182779416,0.0021502620186831,0.0555134076307583,1.0,0.0885282997252736,0.134319859346207,0.1431100941258979,0.1715329905909508,0.098738979079895,0.1081330324691011,-0.01514014014014,0.0021271271271271,-0.0172672672672671,0,0.0993286328922865,,,,,,,,,,participant_x_stimulus,-0.01726726726726724,-0.06872398890554905,0.03582563176751133,0.0736,heldout,0.0885283044879459,0.0885283044879459,1.3877787807814457e-16,0.0,0.0
144,CEAP,valence,subject,wearable_all,linear_logistic,20260813,0.25,0.0889430783522299,-0.0237612387612387,36.0,0.2921875,0.0142569083338985,-0.0218725718725718,0.0746861700183314,-0.0018886668886669,0.0218223653022312,1.0,0.02931696137311,0.0460278869339024,0.0916164241184889,0.1142781838805753,0.0465909775184462,0.0325100714989737,0.010885885885886,-0.0042542542542541,0.0151401401401401,0,0.0347522401124672,,,,,,,,,,participant_x_stimulus,0.015140140140140201,-0.04597837971523404,0.08114353939890862,0.4118,heldout,0.0293169619500315,0.0293169619500315,1.0061396160665481e-16,0.0,0.0
145,CEAP,valence,subject,wearable_all,linear_logistic,20260813,0.5,0.1629921309846606,-0.0279836829836829,36.0,0.2921875,0.0142569083338985,-0.0218725718725718,0.148735222650762,-0.006111111111111,0.0434585728682695,1.0,0.0421378712027669,0.0656624707753944,0.1193023994947788,0.1379177250647122,0.0706039788916664,0.0480343359781913,0.0028778778778779,-0.0042542542542541,0.007132132132132,0,0.0490915514172538,,,,,,,,,,participant_x_stimulus,0.007132132132132152,-0.0528488952666521,0.07611961960792536,0.324,heldout,0.0421378687492643,0.0421378687492643,1.5178830414797062e-16,0.0,0.0
146,CEAP,valence,subject,wearable_all,linear_logistic,20260813,0.75,0.2384335803245454,-0.0007409257409257,36.0,0.2921875,0.0142569083338985,-0.0218725718725718,0.2241766719906469,0.0211316461316461,0.0655016213472671,1.0,0.0949897656915274,0.1435969929220848,0.1958990619452311,0.1986083112413946,0.1051087443057892,0.104923773201159,-0.0156406406406406,-0.0042542542542541,-0.0113863863863865,0,0.1061792558268182,,,,,,,,,,participant_x_stimulus,-0.011386386386386449,-0.08000147398561239,0.05476060500368471,0.1716,heldout,0.094989768974886,0.094989768974886,5.0306980803327406e-17,0.0,0.0
147,CEAP,valence,subject,wearable_all,linear_logistic,20260813,1.0,0.3116790829502078,0.0118628593628593,36.0,0.2921875,0.0142569083338985,-0.0218725718725718,0.2974221746163093,0.0337354312354311,0.0869030416457028,1.0,0.1647337338187515,0.2395818507067669,0.2752828046858665,0.2892815557576828,0.1357889823970212,0.17641789927434,0.0105105105105105,-0.0042542542542541,0.0147647647647645,0,0.1785949454403537,,,,,,,,,,participant_x_stimulus,0.014764764764764737,-0.05953014884144067,0.10119291506707659,0.4224,heldout,0.1647337398531822,0.1647337398531822,2.3765711620882257e-16,0.0,0.0
148,CEAP,valence,subject,wearable_all,linear_logistic,20260829,0.25,0.0893478225814014,-0.0318741930584035,36.0,0.296875,0.0128497064095322,-0.0081035923141186,0.0764981161718692,-0.0237706007442849,0.0227103782385236,1.0,0.0264811751498443,0.0416450266044004,0.0873151279392816,0.0998809724249078,0.0471851033167004,0.029525383490595,-0.0371621621621621,-0.046046046046046,0.0088838838838838,0,0.0315406129084067,,,,,,,,,,participant_x_stimulus,0.008883883883883836,-0.042374931555241344,0.058660113904625166,0.3198,audit,0.0264811747575146,0.0264811747575146,3.642919299551295e-17,0.0,0.0
149,CEAP,valence,subject,wearable_all,linear_logistic,20260829,0.5,0.1659129229840012,-0.0309761145287461,36.0,0.296875,0.0128497064095322,-0.0081035923141186,0.153063216574469,-0.0228725222146275,0.0454406424205454,1.0,0.0418082695501797,0.0651613778406321,0.1203359421133284,0.1357882733882205,0.0726510678955369,0.047732836495342,-0.0565565565565565,-0.046046046046046,-0.0105105105105105,0,0.0487261493771813,,,,,,,,,,participant_x_stimulus,-0.010510510510510551,-0.0724980415776372,0.05181787470355628,0.159,audit,0.0418082713047997,0.0418082713047997,5.204170427930421e-17,0.0,0.0
150,CEAP,valence,subject,wearable_all,linear_logistic,20260829,0.75,0.2397078235252815,0.0086428191691349,36.0,0.296875,0.0128497064095322,-0.0081035923141186,0.2268581171157493,0.0167464114832535,0.067348503518738,1.0,0.1111619238615206,0.166521924021361,0.2153867766218894,0.2168522499837193,0.1154087074142637,0.1209506713491814,-0.0325325325325325,-0.046046046046046,0.0135135135135135,0,0.1232046056059642,,,,,,,,,,participant_x_stimulus,0.013513513513513487,-0.06880091913044453,0.0976711545139549,0.4302,audit,0.1111619224576473,0.1111619224576473,1.3877787807814457e-17,0.0,0.0
151,CEAP,valence,subject,wearable_all,linear_logistic,20260829,1.0,0.3184318255266593,-0.0156594136857294,36.0,0.296875,0.0128497064095322,-0.0081035923141186,0.305582119117127,-0.0075558213716108,0.0907196916128971,1.0,0.1210989504336793,0.1804032866955762,0.2397467821917963,0.3070836663719912,0.1228234093901313,0.1336747923509131,-0.038038038038038,-0.046046046046046,0.008008008008008,0,0.1335880619239292,,,,,,,,,,participant_x_stimulus,0.008008008008007939,-0.07837840896099806,0.09644411634653806,0.406,audit,0.1210989518040413,0.1210989518040413,6.071532165918825e-17,0.0,0.0
152,CEAP,valence,subject,wearable_all,linear_logistic,20260911,0.25,0.0922901345956377,-0.0481905521379205,36.0,0.3140625,0.0148346058170748,-0.0143540669856459,0.0774555287785629,-0.0338364851522745,0.0243258770070174,1.0,0.0215663854663296,0.0340142238959479,0.0798865320095321,0.0986898294794637,0.0478646870540352,0.0242003513374097,-0.0172672672672673,-0.0151401401401402,-0.0021271271271271,0,0.0259320270448762,,,,,,,,,,participant_x_stimulus,-0.0021271271271271486,-0.05747984275221824,0.06022832710295914,0.226,heldout,0.0215663848154775,0.0215663848154775,4.85722573273506e-17,0.0,0.0
153,CEAP,valence,subject,wearable_all,linear_logistic,20260911,0.5,0.1707184500521909,0.0224415204678362,36.0,0.3140625,0.0148346058170748,-0.0143540669856459,0.1558838442351161,0.0367955874534821,0.0489572698300911,1.0,0.0956602226862164,0.1445557306258248,0.1936179885301438,0.2176163739735637,0.0992022149697974,0.101493737738366,-0.0307807807807807,-0.0151401401401402,-0.0156406406406405,0,0.1068884377855311,,,,,,,,,,participant_x_stimulus,-0.015640640640640524,-0.06712413057684898,0.03742813998833297,0.0892,heldout,0.095660221258513,0.095660221258513,2.42861286636753e-17,0.0,0.0
154,CEAP,valence,subject,wearable_all,linear_logistic,20260911,0.75,0.2487942394695739,-0.0212624363940153,36.0,0.3140625,0.0148346058170748,-0.0143540669856459,0.2339596336524991,-0.0069083694083693,0.073477947443988,1.0,0.0799332623901787,0.1218734629269931,0.1901340380711588,0.1987913225340651,0.11045328979327,0.0892655027461805,-0.0113863863863864,-0.0151401401401402,0.0037537537537537,0,0.0901686997990752,,,,,,,,,,participant_x_stimulus,0.0037537537537537524,-0.047267387807369235,0.06591172497719522,0.2652,heldout,0.0799332596495557,0.0799332596495557,5.2475385148298415e-17,0.0,0.0
155,CEAP,valence,subject,wearable_all,linear_logistic,20260911,1.0,0.3264888240950164,-0.0122038049669628,36.0,0.3140625,0.0148346058170748,-0.0143540669856459,0.3116542182779416,0.0021502620186831,0.097878902927916,1.0,0.1383797664863205,0.2041808214849513,0.2700376629141638,0.3243978920707113,0.1283007033621291,0.1496768030726381,-0.0215215215215215,-0.0151401401401402,-0.0063813813813813,0,0.1515195656559119,,,,,,,,,,participant_x_stimulus,-0.006381381381381335,-0.0787557803094387,0.06519163846969601,0.2176,heldout,0.1383797693404015,0.1383797693404015,3.469446951953614e-17,0.0,0.0
156,CEAP,valence,subject,wearable_all,linear_logistic,20261007,0.25,0.0907505519581659,0.0009391534391534,36.0,0.28125,0.0153315499003969,-0.0066666666666666,0.075419002057769,0.00760582010582,0.0212115943287475,1.0,0.0416051856563562,0.0648525344004681,0.1094903178546491,0.1058713823233812,0.0465296056575113,0.0448699611338154,0.0357857857857857,0.0172672672672672,0.0185185185185185,0,0.0485009301553333,,,,,,,,,,participant_x_stimulus,0.01851851851851849,-0.0494686322286725,0.09565263614058488,0.5068,heldout,0.0416051851750212,0.0416051851750212,1.0408340855860843e-17,0.0,0.0
157,CEAP,valence,subject,wearable_all,linear_logistic,20261007,0.5,0.1646075191926067,0.016056536056536,36.0,0.28125,0.0153315499003969,-0.0066666666666666,0.1492759692922098,0.0227232027232026,0.041983866363434,1.0,0.0780239252282571,0.1190919881684118,0.1628678534314604,0.1589079190241944,0.0847809597422723,0.084921895225321,0.043043043043043,0.0172672672672672,0.0257757757757758,1,0.0881261027641333,,,,,,,,,,participant_x_stimulus,0.025775775775775833,-0.06299039963632821,0.10530708562582729,0.5644,heldout,0.0780239236796918,0.0780239236796918,3.469446951953614e-17,0.0,0.0
158,CEAP,valence,subject,wearable_all,linear_logistic,20261007,0.75,0.2393148677439981,0.0362376512376512,36.0,0.28125,0.0153315499003969,-0.0066666666666666,0.2239833178436012,0.0429043179043178,0.0629953081435128,1.0,0.1520147407381369,0.2226241540836204,0.2444467092703332,0.199472490657237,0.1622666222431867,0.1616763523100847,0.0362862862862862,0.0172672672672672,0.0190190190190189,0,0.1655658737406085,,,,,,,,,,participant_x_stimulus,0.019019019019019034,-0.04707496594637632,0.08858354836702345,0.4956,heldout,0.1520147405444638,0.1520147405444638,1.3530843112619095e-16,0.0,0.0
159,CEAP,valence,subject,wearable_all,linear_logistic,20261007,1.0,0.3139176089594213,0.0084093684093684,36.0,0.28125,0.0153315499003969,-0.0066666666666666,0.2985860590590243,0.015076035076035,0.0839773291103506,1.0,0.1532663234931965,0.2243033130780703,0.2580417588741747,0.2237577572891201,0.1273763044434641,0.1661090519813831,0.0476726726726726,0.0172672672672672,0.0304054054054053,1,0.1668510215616137,,,,,,,,,,participant_x_stimulus,0.030405405405405372,-0.046737832482904196,0.102854516915977,0.6252,heldout,0.1532663278493107,0.1532663278493107,7.28583859910259e-17,0.0,0.0
160,CEAP,arousal,subject,cardiovascular,gpu_mlp,20260829,0.25,0.119349586483356,0.0946169772256728,18.0,0.2328125,0.0281921219437185,0.0344751866490996,0.0911574645396375,0.0601417905765732,0.0212225972131343,4.0,0.2244105226202927,0.3161115730229811,0.2987522929472923,0.2890569394867097,0.2543140292725254,0.2244678148181853,0.0342661336379211,0.0309029760771623,0.0033631575607588,0,0.2389237973492864,,,,,,,,,,participant_x_stimulus,0.0033631575607588893,-0.073820586130023,0.08463547043502327,0.3526,heldout,0.224410523804029,0.224410523804029,8.933825901280557e-17,0.0,0.0
161,CEAP,arousal,subject,cardiovascular,gpu_mlp,20260829,0.5,0.2100853021238823,0.0529816801555932,18.0,0.2328125,0.0281921219437185,0.0344751866490996,0.1818931801801638,0.0185064935064936,0.0423470060106943,4.0,0.2011507847668497,0.2868626205586256,0.2901191477235501,0.2220780920693408,0.228869465797816,0.2090426837793405,-0.0013008439621803,0.0309029760771623,-0.0322038200393426,0,0.2155532694793632,,,,,,,,,,participant_x_stimulus,-0.032203820039342634,-0.11241762153804302,0.054682367760688064,0.0982,heldout,0.201150782312201,0.201150782312201,3.469446951953614e-17,0.0,0.0
162,CEAP,arousal,subject,cardiovascular,gpu_mlp,20260829,0.75,0.2995354276094077,0.1100304285086893,18.0,0.2328125,0.0281921219437185,0.0344751866490996,0.2713433056656892,0.0755552418595897,0.0631721133502932,4.0,0.4991338113040685,0.6141953761021807,0.488694606929408,0.4602070260062432,0.4905576936071892,0.4988807639507703,0.0341709499333714,0.0309029760771623,0.0032679738562091,0,0.5066431681345569,,,,,,,,,,participant_x_stimulus,0.0032679738562091387,-0.07930174376815557,0.09375259559601541,0.3644,heldout,0.4991338111961879,0.4991338111961879,3.859759734048396e-17,0.0,0.0
163,CEAP,arousal,subject,cardiovascular,gpu_mlp,20260829,1.0,0.3915353927546478,0.0603213815170337,18.0,0.2328125,0.0281921219437185,0.0344751866490996,0.3633432708109293,0.0258461948679341,0.0845908552356694,4.0,0.4353815724991461,0.5519417902887275,0.4612284313420022,0.3777774581557774,0.3418545021537134,0.4476558531749769,-0.0078367916745986,0.0309029760771623,-0.0387397677517609,0,0.4454172731280629,,,,,,,,,,participant_x_stimulus,-0.03873976775176091,-0.1386300925165415,0.06561962142586708,0.1394,heldout,0.4353815698424046,0.4353815698424046,1.3877787807814457e-17,0.0,0.0
164,CEAP,arousal,subject,cardiovascular,gpu_mlp,20260911,0.25,0.1204462637424511,0.0960813492063492,18.0,0.2453125,0.0278798785660538,0.0138640873015873,0.0925663851763973,0.0822172619047619,0.0227076913635849,4.0,0.2345862892409769,0.3286833163928143,0.3104077627129576,0.3322224051094075,0.261675495339604,0.2344426389860255,-9.518370454980608e-05,-0.0225902658798147,0.0224950821752648,1,0.2490971836755345,,,,,,,,,,participant_x_stimulus,0.02249508217526497,-0.06846240647137165,0.12860209308564657,0.5418,audit,0.2345862890045577,0.2345862890045577,1.700029006457271e-16,0.0,0.0
165,CEAP,arousal,subject,cardiovascular,gpu_mlp,20260911,0.5,0.212209631539652,0.0756035052910052,18.0,0.2453125,0.0278798785660538,0.0138640873015873,0.1843297529735982,0.0617394179894178,0.0452183925263358,4.0,0.2725713490424727,0.3744509825741881,0.3478394846427977,0.3290761508551819,0.3023144536669886,0.2758684915744147,-0.0131670791293863,-0.0225902658798147,0.0094231867504283,0,0.2868304154732445,,,,,,,,,,participant_x_stimulus,0.009423186750428414,-0.06945076081901788,0.0997384786605835,0.3914,audit,0.2725713494578507,0.2725713494578507,1.1449174941446927e-16,0.0,0.0
166,CEAP,arousal,subject,cardiovascular,gpu_mlp,20260911,0.75,0.3049791707283676,0.1150132275132275,18.0,0.2453125,0.0278798785660538,0.0138640873015873,0.2770992921623138,0.1011491402116402,0.0679759201085676,4.0,0.5370621031725966,0.6495285571847161,0.5221609290281266,0.5628923544798116,0.5181273575541769,0.53444443560289,0.0469572942445586,-0.0225902658798147,0.0695475601243733,1,0.5429509590201373,,,,,,,,,,participant_x_stimulus,0.06954756012437346,-0.009038015408441421,0.16186672970652563,0.897,audit,0.5370620934443362,0.5370620934443362,1.6653345369377348e-16,0.0,0.0
167,CEAP,arousal,subject,cardiovascular,gpu_mlp,20260911,1.0,0.3966893341145237,0.0910052910052909,18.0,0.2453125,0.0278798785660538,0.0138640873015873,0.3688094555484699,0.0771412037037036,0.090473569564234,4.0,0.5731618054347839,0.682050214139692,0.5562883467123149,0.5838641582680187,0.4648370250379589,0.5757340094104894,0.0597436385557458,-0.0225902658798147,0.0823339044355604,1,0.5774656667176067,,,,,,,,,,participant_x_stimulus,0.08233390443556066,0.0011073225177824502,0.17432035766541945,0.9318,audit,0.5731618106917868,0.5731618106917868,2.498001805406602e-16,0.0,0.0
168,CEAP,arousal,subject,cardiovascular,linear_logistic,20260829,0.25,0.119349586483356,0.0946169772256728,18.0,0.2328125,0.0281921219437185,0.0344751866490996,0.0911574645396375,0.0601417905765732,0.0212225972131343,1.0,0.1538547154301766,0.2250919155617409,0.2112278724606258,0.2035091482064125,0.1764959183439669,0.1563691571189527,0.0049495526365886,-0.0130718954248365,0.0180214480614251,0,0.1674549575297959,,,,,,,,,,participant_x_stimulus,0.018021448061425194,-0.04504266902804375,0.0940958999097347,0.4672,audit,0.1538547163155685,0.1538547163155685,9.367506770274758e-17,0.0,0.0
169,CEAP,arousal,subject,cardiovascular,linear_logistic,20260829,0.5,0.2100853021238823,0.0529816801555932,18.0,0.2328125,0.0281921219437185,0.0344751866490996,0.1818931801801638,0.0185064935064936,0.0423470060106943,1.0,0.1366197787410468,0.2017799302841801,0.2043867785279992,0.1521117895857387,0.1571958831767107,0.1465784895960828,-0.0112951329399073,-0.0130718954248365,0.0017767624849291,0,0.1497001583838422,,,,,,,,,,participant_x_stimulus,0.0017767624849292507,-0.07532535921782255,0.08579684700816868,0.3198,audit,0.1366197769391974,0.1366197769391974,1.5070410197548512e-16,0.0,0.0
170,CEAP,arousal,subject,cardiovascular,linear_logistic,20260829,0.75,0.2995354276094077,0.1100304285086893,18.0,0.2328125,0.0281921219437185,0.0344751866490996,0.2713433056656892,0.0755552418595897,0.0631721133502932,1.0,0.3850895383401509,0.5001114900576268,0.3753053931893717,0.3488619771027429,0.3769980226584163,0.3932253196954121,-0.0342661336379211,-0.0130718954248365,-0.0211942382130846,0,0.3968494466798842,,,,,,,,,,participant_x_stimulus,-0.021194238213084637,-0.11474395152181387,0.06478987615555522,0.1696,audit,0.3850895382379679,0.3850895382379679,3.8163916471489756e-17,0.0,0.0
171,CEAP,arousal,subject,cardiovascular,linear_logistic,20260829,1.0,0.3915353927546478,0.0603213815170337,18.0,0.2328125,0.0281921219437185,0.0344751866490996,0.3633432708109293,0.0258461948679341,0.0845908552356694,1.0,0.3264108783353013,0.4363431665892167,0.3498515531292062,0.2761722749497028,0.246089782378116,0.343115483018008,0.004759185227489,-0.0130718954248365,0.0178310806523255,0,0.3397544755202556,,,,,,,,,,participant_x_stimulus,0.017831080652325637,-0.08276308439671994,0.11789955329149954,0.4774,audit,0.3264108759590963,0.3264108759590963,1.3877787807814457e-16,0.0,0.0
172,CEAP,arousal,subject,cardiovascular,linear_logistic,20260911,0.25,0.1204462637424511,0.0960813492063492,18.0,0.2453125,0.0278798785660538,0.0138640873015873,0.0925663851763973,0.0822172619047619,0.0227076913635849,1.0,0.1614973472053361,0.2352892059809357,0.2205425920326969,0.2381794640690795,0.1821550831048954,0.1635825876445166,0.0048543689320388,0.0001903674090995,0.0046640015229393,0,0.1752860748807433,,,,,,,,,,participant_x_stimulus,0.004664001522939276,-0.061162724532186984,0.0861480852589011,0.3688,heldout,0.1614973470270351,0.1614973470270351,2.3418766925686896e-17,0.0,0.0
173,CEAP,arousal,subject,cardiovascular,linear_logistic,20260911,0.5,0.212209631539652,0.0756035052910052,18.0,0.2453125,0.0278798785660538,0.0138640873015873,0.1843297529735982,0.0617394179894178,0.0452183925263358,1.0,0.190594554063239,0.2733474350314666,0.2510832743502504,0.2356095937452422,0.2140242159839807,0.1992361210446456,0.0291262135922329,0.0001903674090995,0.0289358461831334,1,0.2048891921845964,,,,,,,,,,participant_x_stimulus,0.02893584618313344,-0.039104790054261686,0.11761447880417107,0.643,heldout,0.1905945543864228,0.1905945543864228,4.163336342344337e-17,0.0,0.0
174,CEAP,arousal,subject,cardiovascular,linear_logistic,20260911,0.75,0.3049791707283676,0.1150132275132275,18.0,0.2453125,0.0278798785660538,0.0138640873015873,0.2770992921623138,0.1011491402116402,0.0679759201085676,1.0,0.4216471773440349,0.5380342688894247,0.4071905603959925,0.4472897974926951,0.4032371832768669,0.4276485667490269,0.0291262135922329,0.0001903674090995,0.0289358461831334,1,0.4321815974793708,,,,,,,,,,participant_x_stimulus,0.02893584618313344,-0.0457902011461556,0.12131827920675271,0.621,heldout,0.4216471678022417,0.4216471678022417,4.163336342344337e-17,0.0,0.0
175,CEAP,arousal,subject,cardiovascular,linear_logistic,20260911,1.0,0.3966893341145237,0.0910052910052909,18.0,0.2453125,0.0278798785660538,0.0138640873015873,0.3688094555484699,0.0771412037037036,0.090473569564234,1.0,0.4576584066911183,0.574118280543359,0.4407344915494988,0.468571630913121,0.3531045501659419,0.467441237214418,0.0567612158131861,0.0001903674090995,0.0565708484040866,1,0.466847260210042,,,,,,,,,,participant_x_stimulus,0.05657084840408655,-0.04518977357074618,0.1636864989995955,0.7814,heldout,0.4576584120246153,0.4576584120246153,4.85722573273506e-17,0.0,0.0
176,CEAP,arousal,subject,cardiovascular,linear_logistic,20261007,0.25,0.1256699576165833,0.0784406565656565,18.0,0.2359375,0.0323036197415449,0.0486805555555555,0.0933663378750384,0.029760101010101,0.0220286203423918,1.0,0.1261900115504792,0.1874557768511083,0.1904568468527854,0.2121177562483023,0.1448675132432848,0.1276547490254299,0.0033631575607589,-0.0030776064471095,0.0064407640078684,0,0.1388867789792645,,,,,,,,,,participant_x_stimulus,0.006440764007868527,-0.04707924211397767,0.06563043445348737,0.3124,heldout,0.1261900114937718,0.1261900114937718,1.2663481374630692e-16,0.0,0.0
177,CEAP,arousal,subject,cardiovascular,linear_logistic,20261007,0.5,0.2179104903547662,0.0934090909090909,18.0,0.2359375,0.0323036197415449,0.0486805555555555,0.1856068706132213,0.0447285353535354,0.0437916210353069,1.0,0.2331089439262542,0.3268664485002855,0.2758195024433999,0.2717383846323313,0.262851238830026,0.2412609315882314,0.021003870803985,-0.0030776064471095,0.0240814772510945,1,0.2476220025447689,,,,,,,,,,participant_x_stimulus,0.024081477251094607,-0.05657612606883049,0.10355252027511593,0.5496,heldout,0.233108941613317,0.233108941613317,1.0755285551056204e-16,0.0,0.0
178,CEAP,arousal,subject,cardiovascular,linear_logistic,20261007,0.75,0.3093130577521405,0.1066035353535353,18.0,0.2359375,0.0323036197415449,0.0486805555555555,0.2770094380105956,0.0579229797979798,0.0653569142806249,1.0,0.3825772421450001,0.497455860263345,0.3768850738312598,0.3840311611179658,0.3682043360493978,0.3908661877657386,0.0293165810013325,-0.0030776064471095,0.032394187448442,1,0.3944153192833164,,,,,,,,,,participant_x_stimulus,0.032394187448442135,-0.020988189335912462,0.09210587106645106,0.6718,heldout,0.3825772383098065,0.3825772383098065,1.3877787807814457e-16,0.0,0.0
179,CEAP,arousal,subject,cardiovascular,linear_logistic,20261007,1.0,0.403503379874291,0.1402335858585858,18.0,0.2359375,0.0323036197415449,0.0486805555555555,0.3711997601327461,0.0915530303030303,0.0875799434063197,1.0,0.6374318350547156,0.7374354520373022,0.5388440298325441,0.6529987695235435,0.4661558690955042,0.6401167643118845,0.0407068976457896,-0.0030776064471095,0.0437845040928991,1,0.6389072048990809,,,,,,,,,,participant_x_stimulus,0.043784504092899246,-0.0465604112483561,0.12525387927889822,0.711,heldout,0.6374318365275813,0.6374318365275813,1.457167719820518e-16,0.0,0.0
180,CEAP,arousal,subject,electrodermal_thermal,gpu_mlp,20260829,0.25,0.119349586483356,0.0946169772256728,18.0,0.0625,0.0281921219437185,0.0344751866490996,0.0911574645396375,0.0601417905765732,0.0056973415337273,4.0,0.1667918189788526,0.2423037737016571,0.206271412837462,0.1934038497123483,0.2408980572892193,0.1716988101259179,-0.0356621613046513,-0.012881528015737,-0.0227806332889143,0,0.180696914404965,,,,,,,,,,participant_x_stimulus,-0.02278063328891433,-0.0866031302139163,0.03416470903903241,0.0662,heldout,0.1667918273566898,0.1667918273566898,3.122502256758253e-17,0.0,0.0
181,CEAP,arousal,subject,electrodermal_thermal,gpu_mlp,20260829,0.5,0.2100853021238823,0.0529816801555932,18.0,0.0625,0.0281921219437185,0.0344751866490996,0.1818931801801638,0.0185064935064936,0.0113683237612602,4.0,0.1352630535379104,0.1999259590093075,0.1685821317552759,0.1346527470951059,0.193005542632686,0.1529146173489404,-0.0308077923726124,-0.012881528015737,-0.0179262643568754,0,0.1482966033036222,,,,,,,,,,participant_x_stimulus,-0.017926264356875443,-0.09597861133515835,0.0599718636833131,0.1634,heldout,0.1352630559749688,0.1352630559749688,4.163336342344337e-17,0.0,0.0
182,CEAP,arousal,subject,electrodermal_thermal,gpu_mlp,20260829,0.75,0.2995354276094077,0.1100304285086893,18.0,0.0625,0.0281921219437185,0.0344751866490996,0.2713433056656892,0.0755552418595897,0.0169589566041055,4.0,0.3576172266422865,0.4707149592521205,0.2789234787159504,0.3026890584039647,0.4109993566167048,0.3823611331204265,-0.024367028364744,-0.012881528015737,-0.011485500349007,0,0.3701843277832586,,,,,,,,,,participant_x_stimulus,-0.011485500349006972,-0.07784145809710026,0.059440004266798414,0.177,heldout,0.3576172373177359,0.3576172373177359,2.7755575615628914e-17,0.0,0.0
183,CEAP,arousal,subject,electrodermal_thermal,gpu_mlp,20260829,1.0,0.3915353927546478,0.0603213815170337,18.0,0.0625,0.0281921219437185,0.0344751866490996,0.3633432708109293,0.0258461948679341,0.022708954425683,4.0,0.2786073792691465,0.3815597201772045,0.2193502009436007,0.220217761560962,0.2523158385762045,0.3272644133861042,-0.012881528015737,-0.012881528015737,0.0,0,0.2927941175978612,,,,,,,,,,participant_x_stimulus,0.0,-0.06845464929938316,0.08271584082394837,0.2886,heldout,0.2786073854062974,0.2786073854062974,0.0,0.0,0.0
184,CEAP,arousal,subject,electrodermal_thermal,gpu_mlp,20261007,0.25,0.1256699576165833,0.0784406565656565,18.0,0.0703125,0.0323036197415449,0.0486805555555555,0.0933663378750384,0.029760101010101,0.0065648206318386,4.0,0.1380788062337533,0.2037705989939739,0.1871951187778453,0.1814944640914958,0.1996400648756539,0.1442931402617251,0.035757345009201,-0.0163398692810456,0.0520972142902465,1,0.1512085503377377,,,,,,,,,,participant_x_stimulus,0.05209721429024672,-0.0031261027092114087,0.11298173740506168,0.873,audit,0.1380788074188205,0.1380788074188205,2.1510571102112408e-16,0.0,0.0
185,CEAP,arousal,subject,electrodermal_thermal,gpu_mlp,20261007,0.5,0.2179104903547662,0.0934090909090909,18.0,0.0703125,0.0323036197415449,0.0486805555555555,0.1856068706132213,0.0447285353535354,0.0130504830899921,4.0,0.2326206021084776,0.3262652519450967,0.2331093276481922,0.2212704679588275,0.3141255098504896,0.2472914800487798,-0.0032679738562091,-0.0163398692810456,0.0130718954248365,0,0.2471342421096633,,,,,,,,,,participant_x_stimulus,0.013071895424836555,-0.05355792390182614,0.08436543382704255,0.436,audit,0.2326206021239331,0.2326206021239331,5.551115123125783e-17,0.0,0.0
186,CEAP,arousal,subject,electrodermal_thermal,gpu_mlp,20261007,0.75,0.3093130577521405,0.1066035353535353,18.0,0.0703125,0.0323036197415449,0.0486805555555555,0.2770094380105956,0.0579229797979798,0.01947722611012,4.0,0.3573559984047985,0.4704316170402456,0.28277756354385,0.3102801246471173,0.4024829961978135,0.3824049821684825,0.0229710006980138,-0.0163398692810456,0.0393108699790594,1,0.3699302489960521,,,,,,,,,,participant_x_stimulus,0.039310869979059526,-0.03189359903335571,0.12002590615302323,0.7166,audit,0.3573559998269652,0.3573559998269652,1.249000902703301e-16,0.0,0.0
187,CEAP,arousal,subject,electrodermal_thermal,gpu_mlp,20261007,1.0,0.403503379874291,0.1402335858585858,18.0,0.0703125,0.0323036197415449,0.0486805555555555,0.3711997601327461,0.0915530303030303,0.0260999831343337,4.0,0.5859580013007248,0.6933286448769793,0.3820609110175172,0.5018705502019182,0.4751442895882135,0.6121589889516909,0.0016815787803794,-0.0163398692810456,0.018021448061425,0,0.5896958345683921,,,,,,,,,,participant_x_stimulus,0.018021448061425138,-0.042337743937969206,0.08863760586827986,0.496,audit,0.5859580070897511,0.5859580070897511,1.3877787807814457e-16,0.0,0.0
188,CEAP,arousal,subject,electrodermal_thermal,linear_logistic,20260813,0.25,0.1244451427834665,0.0687971119789301,18.0,0.0562499999999999,0.0314857772630594,0.0433133785406512,0.0929593655204071,0.0254837334382789,0.0052289643105228,1.0,0.0774883299935331,0.1183106575264162,0.1128495064175212,0.1138712979926704,0.118847948707602,0.085494413380214,0.0130718954248365,-0.0308077923726124,0.0438796877974489,1,0.0875525978309937,,,,,,,,,,participant_x_stimulus,0.043879687797448996,0.0027277098619379117,0.10171198938041921,0.8612,heldout,0.0774883323414742,0.0774883323414742,9.71445146547012e-17,0.0,0.0
189,CEAP,arousal,subject,electrodermal_thermal,linear_logistic,20260813,0.5,0.2166384964860667,0.0679477088567997,18.0,0.0562499999999999,0.0314857772630594,0.0433133785406512,0.1851527192230073,0.0246343303161485,0.0104148404562941,1.0,0.1098408961086082,0.164664887664715,0.1250488088927294,0.1050923193538305,0.1604450347866609,0.1264634909804444,-0.027635002220953,-0.0308077923726124,0.0031727901516593,0,0.1218199546749106,,,,,,,,,,participant_x_stimulus,0.003172790151659388,-0.07265447489917279,0.07648845557123406,0.2974,heldout,0.1098409007363932,0.1098409007363932,8.803721640582296e-17,0.0,0.0
190,CEAP,arousal,subject,electrodermal_thermal,linear_logistic,20260813,0.75,0.30940872836801,0.1260755658482931,18.0,0.0562499999999999,0.0314857772630594,0.0433133785406512,0.2779229511049506,0.0827621873076419,0.0156331659996534,1.0,0.3109207926512961,0.4188803667044389,0.2153848514599325,0.2515641885466863,0.3459284734126484,0.3396447227085001,0.0226854495843644,-0.0308077923726124,0.0534932419569768,1,0.3245870162867454,,,,,,,,,,participant_x_stimulus,0.05349324195697691,-0.014606256852857767,0.13100472353398784,0.8292,heldout,0.3109208060582387,0.3109208060582387,1.1102230246251565e-16,0.0,0.0
191,CEAP,arousal,subject,electrodermal_thermal,linear_logistic,20260813,1.0,0.4019482999628931,0.1329008113099022,18.0,0.0562499999999999,0.0314857772630594,0.0433133785406512,0.3704625226998337,0.0895874327692509,0.0208385169018656,1.0,0.427667862683275,0.5441532240866229,0.2485929485768552,0.3680677429391447,0.3541816567918547,0.4675032543021752,-0.0242718446601941,-0.0308077923726124,0.0065359477124182,0,0.4379860118982148,,,,,,,,,,participant_x_stimulus,0.006535947712418277,-0.054336265474557874,0.07532110083848234,0.3446,heldout,0.4276678677621153,0.4276678677621153,7.719519468096792e-17,0.0,0.0
192,CEAP,arousal,subject,electrodermal_thermal,linear_logistic,20260829,0.25,0.119349586483356,0.0946169772256728,18.0,0.0625,0.0281921219437185,0.0344751866490996,0.0911574645396375,0.0601417905765732,0.0056973415337273,1.0,0.1117416504885483,0.1673360072803346,0.1404156172584259,0.1309507323023677,0.1662697736324828,0.119938525360827,-0.004759185227489,0.0084078939018972,-0.0131670791293862,0,0.1238119281460257,,,,,,,,,,participant_x_stimulus,-0.013167079129386305,-0.07860730271786451,0.0606835437938571,0.172,audit,0.1117416564720859,0.1117416564720859,1.0581813203458523e-16,0.0,0.0
193,CEAP,arousal,subject,electrodermal_thermal,linear_logistic,20260829,0.5,0.2100853021238823,0.0529816801555932,18.0,0.0625,0.0281921219437185,0.0344751866490996,0.1818931801801638,0.0185064935064936,0.0113683237612602,1.0,0.0895012480037782,0.1357211302013625,0.113045529052028,0.0890761495626061,0.130660209751409,0.1048304000530093,-0.0080271590836982,0.0084078939018972,-0.0164350529855954,0,0.1003620650602629,,,,,,,,,,participant_x_stimulus,-0.0164350529855955,-0.10737402755767107,0.06930302884429693,0.1838,audit,0.0895012497016745,0.0895012497016745,1.0061396160665481e-16,0.0,0.0
194,CEAP,arousal,subject,electrodermal_thermal,linear_logistic,20260829,0.75,0.2995354276094077,0.1100304285086893,18.0,0.0625,0.0281921219437185,0.0344751866490996,0.2713433056656892,0.0755552418595897,0.0169589566041055,1.0,0.2591757211517151,0.3585161222563492,0.1955879742850175,0.2143230257682768,0.3048364664555152,0.2871969912978959,-0.0161495018719462,0.0084078939018972,-0.0245573957738434,0,0.2735649071766653,,,,,,,,,,participant_x_stimulus,-0.02455739577384347,-0.08296872153878213,0.037202804256230584,0.079,audit,0.2591757300741498,0.2591757300741498,7.28583859910259e-17,0.0,0.0
195,CEAP,arousal,subject,electrodermal_thermal,linear_logistic,20260829,1.0,0.3915353927546478,0.0603213815170337,18.0,0.0625,0.0281921219437185,0.0344751866490996,0.3633432708109293,0.0258461948679341,0.022708954425683,1.0,0.1953026204823694,0.2793940537734397,0.1501084591412722,0.1507240027048449,0.1749656940002583,0.2374461216567986,0.0113903166444571,0.0084078939018972,0.0029824227425598,0,0.2096500297950845,,,,,,,,,,participant_x_stimulus,0.002982422742559887,-0.08051785826683044,0.08613288272172208,0.3322,audit,0.1953026252812854,0.1953026252812854,8.716985466783456e-17,0.0,0.0
196,CEAP,arousal,subject,electrodermal_thermal,linear_logistic,20260923,0.25,0.1199861831115691,0.0614890400604686,18.0,0.084375,0.0271100301020445,0.020578231292517,0.0928761530095245,0.0409108087679516,0.0078364254101786,1.0,0.0738600510600784,0.1130050767774792,0.1144426214219504,0.0912335934031674,0.107512508309895,0.081279081826326,-0.0209086870994352,-0.0192271083190558,-0.0016815787803793,0,0.0836612647730482,,,,,,,,,,participant_x_stimulus,-0.0016815787803794446,-0.0658947603777051,0.05603962522000074,0.1912,audit,0.0738600506187543,0.0738600506187543,1.446325698095663e-16,0.0,0.0
197,CEAP,arousal,subject,electrodermal_thermal,linear_logistic,20260923,0.5,0.2130982993412224,0.102730536659108,18.0,0.084375,0.0271100301020445,0.020578231292517,0.1859882692391779,0.082152305366591,0.0156927602170556,1.0,0.1864910270107048,0.2680522735203827,0.1807495724209735,0.1800855712035369,0.253167934299308,0.2025442742174665,-0.0176407132432261,-0.0192271083190558,0.0015863950758296,0,0.2007333695562226,,,,,,,,,,participant_x_stimulus,0.001586395075829694,-0.07434766367077827,0.06452023237943649,0.2462,audit,0.186491019917017,0.186491019917017,9.410874857174178e-17,0.0,0.0
198,CEAP,arousal,subject,electrodermal_thermal,linear_logistic,20260923,0.75,0.3046453740583869,0.0929138321995464,18.0,0.084375,0.0271100301020445,0.020578231292517,0.2775353439563424,0.0723356009070294,0.0234170446463163,1.0,0.2294370818776644,0.3223384863489865,0.1911369816208324,0.1850718104396709,0.2605117616245184,0.2566251018875373,-0.0225902658798147,-0.0192271083190558,-0.0033631575607588,0,0.2439528661791003,,,,,,,,,,participant_x_stimulus,-0.0033631575607588893,-0.08057781606912613,0.0594078419730067,0.2076,audit,0.2294370792947984,0.2294370792947984,8.933825901280557e-17,0.0,0.0
199,CEAP,arousal,subject,electrodermal_thermal,linear_logistic,20260923,1.0,0.3990855124232444,0.0982993197278911,18.0,0.084375,0.0271100301020445,0.020578231292517,0.3719754823211999,0.0777210884353741,0.0313854313208512,1.0,0.3312494454850895,0.4417426278134508,0.2260059713552842,0.3134589444259519,0.2880791033752164,0.3709239504365392,-0.0241766609556444,-0.0192271083190558,-0.0049495526365886,0,0.3444833534303079,,,,,,,,,,participant_x_stimulus,-0.004949552636588583,-0.09726888071745635,0.07394512668251989,0.246,audit,0.3312494407097912,0.3312494407097912,1.6479873021779667e-17,0.0,0.0
200,CEAP,arousal,subject,electrodermal_thermal,linear_logistic,20261007,0.25,0.1256699576165833,0.0784406565656565,18.0,0.0703125,0.0323036197415449,0.0486805555555555,0.0933663378750384,0.029760101010101,0.0065648206318386,1.0,0.0914651438270742,0.1385448942026048,0.1264594180034667,0.1223039465318706,0.135511498284982,0.0994908527144637,0.0228758169934639,-0.0260486071451234,0.0489244241385873,1,0.1024459870303581,,,,,,,,,,participant_x_stimulus,0.04892442413858744,-0.025199899822473525,0.12420896533876635,0.7952,heldout,0.0914651446545316,0.0914651446545316,1.3877787807814457e-16,0.0,0.0
201,CEAP,arousal,subject,electrodermal_thermal,linear_logistic,20261007,0.5,0.2179104903547662,0.0934090909090909,18.0,0.0703125,0.0323036197415449,0.0486805555555555,0.1856068706132213,0.0447285353535354,0.0130504830899921,1.0,0.1600160643125155,0.2333194259601926,0.1604167886047666,0.1515090537662751,0.2234908301594947,0.1767428129454348,-0.0095183704549781,-0.0260486071451234,0.0165302366901453,0,0.1737701792854397,,,,,,,,,,participant_x_stimulus,0.016530236690145306,-0.04748588427901268,0.08020919822156412,0.4714,heldout,0.160016064324153,0.160016064324153,6.938893903907228e-18,0.0,0.0
202,CEAP,arousal,subject,electrodermal_thermal,linear_logistic,20261007,0.75,0.3093130577521405,0.1066035353535353,18.0,0.0703125,0.0323036197415449,0.0486805555555555,0.2770094380105956,0.0579229797979798,0.01947722611012,1.0,0.258957413622882,0.3582546035956264,0.198607714865102,0.2203984254956644,0.2974091482334265,0.2870829481236382,0.0246525794783931,-0.0260486071451234,0.0507011866235165,1,0.2733483620614074,,,,,,,,,,participant_x_stimulus,0.050701186623516636,-0.026530644204467536,0.13494314998388288,0.8014,heldout,0.2589574148112486,0.2589574148112486,1.3877787807814457e-16,0.0,0.0
203,CEAP,arousal,subject,electrodermal_thermal,linear_logistic,20261007,1.0,0.403503379874291,0.1402335858585858,18.0,0.0703125,0.0323036197415449,0.0486805555555555,0.3711997601327461,0.0915530303030303,0.0260999831343337,1.0,0.4707197068206476,0.5869064649073594,0.2798706359989051,0.3876849771347658,0.362612990921924,0.5061415549603964,0.0163398692810456,-0.0260486071451234,0.042388476426169,1,0.4793926859157981,,,,,,,,,,participant_x_stimulus,0.042388476426169164,-0.03531368486583233,0.11958130653947592,0.7448,heldout,0.4707197127655226,0.4707197127655226,1.6653345369377348e-16,0.0,0.0
204,CEAP,arousal,subject,minimal_pair,gpu_mlp,20260923,0.25,0.1199861831115691,0.0614890400604686,18.0,0.171875,0.0271100301020445,0.020578231292517,0.0928761530095245,0.0409108087679516,0.015963088798512,4.0,0.1330790780731796,0.1969357004863191,0.2098406567478,0.1961356537530478,0.1656887444199719,0.1359769061843411,0.0048543689320388,0.0178310806523256,-0.0129767117202867,0,0.1460353461098489,,,,,,,,,,participant_x_stimulus,-0.012976711720286804,-0.07747998237609863,0.04678495703265069,0.1232,heldout,0.1330790807270139,0.1330790807270139,1.0408340855860843e-16,0.0,0.0
205,CEAP,arousal,subject,minimal_pair,gpu_mlp,20260923,0.5,0.2130982993412224,0.102730536659108,18.0,0.171875,0.0271100301020445,0.020578231292517,0.1859882692391779,0.082152305366591,0.0319667337754837,4.0,0.3183541480621931,0.4272942803629984,0.3357936831597842,0.3690897776903605,0.3766393573945286,0.3232073613746379,0.0178310806523256,0.0178310806523256,0.0,0,0.331871090852086,,,,,,,,,,participant_x_stimulus,0.0,-0.09386461917310954,0.09378034900873895,0.316,heldout,0.3183541489968091,0.3183541489968091,0.0,0.0,0.0
206,CEAP,arousal,subject,minimal_pair,gpu_mlp,20260923,0.75,0.3046453740583869,0.0929138321995464,18.0,0.171875,0.0271100301020445,0.020578231292517,0.2775353439563424,0.0723356009070294,0.0477013872424963,4.0,0.3907787970437938,0.506101446561931,0.3760461235747033,0.3721276675348651,0.3990235079959328,0.403104854382773,0.0030776064471095,0.0178310806523256,-0.014753474205216,0,0.4023586399494835,,,,,,,,,,participant_x_stimulus,-0.014753474205216055,-0.10502179693430662,0.06639311164617535,0.1952,heldout,0.3907788041712268,0.3907788041712268,5.551115123125783e-17,0.0,0.0
207,CEAP,arousal,subject,minimal_pair,gpu_mlp,20260923,1.0,0.3990855124232444,0.0982993197278911,18.0,0.171875,0.0271100301020445,0.020578231292517,0.3719754823211999,0.0777210884353741,0.0639332860239562,4.0,0.5305872908651706,0.643582833883432,0.4540672043508206,0.5540993782925392,0.4468594598735103,0.5466493091574255,0.0063455803033187,0.0178310806523256,-0.0114855003490068,0,0.5367569483508652,,,,,,,,,,participant_x_stimulus,-0.01148550034900686,-0.1041110785678029,0.06967128738760946,0.233,heldout,0.530587297154143,0.530587297154143,6.071532165918825e-17,0.0,0.0
208,CEAP,arousal,subject,minimal_pair,gpu_mlp,20261007,0.25,0.1256699576165833,0.0784406565656565,18.0,0.1624999999999999,0.0323036197415449,0.0486805555555555,0.0933663378750384,0.029760101010101,0.0151720299046937,4.0,0.163759689717363,0.2382915022960485,0.2318206746022924,0.2536179805263279,0.2044541584686663,0.1665136088400854,-0.0080271590836982,0.0148486579097657,-0.0228758169934639,0,0.1775995358120395,,,,,,,,,,participant_x_stimulus,-0.02287581699346397,-0.09717804957181216,0.0518115046434104,0.1164,audit,0.1637596897100134,0.1637596897100134,6.938893903907228e-17,0.0,0.0
209,CEAP,arousal,subject,minimal_pair,gpu_mlp,20261007,0.5,0.2179104903547662,0.0934090909090909,18.0,0.1624999999999999,0.0323036197415449,0.0486805555555555,0.1856068706132213,0.0447285353535354,0.0301611164746484,4.0,0.2822175240825398,0.3857904830550973,0.3085576182637826,0.3258911011411415,0.3403674569298316,0.2893866038110866,0.0080271590836982,0.0148486579097657,-0.0068214988260675,0,0.296357084064009,,,,,,,,,,participant_x_stimulus,-0.006821498826067529,-0.07978915851563215,0.08041377346962682,0.255,audit,0.2822175218082862,0.2822175218082862,2.949029909160572e-17,0.0,0.0
210,CEAP,arousal,subject,minimal_pair,gpu_mlp,20261007,0.75,0.3093130577521405,0.1066035353535353,18.0,0.1624999999999999,0.0323036197415449,0.0486805555555555,0.2770094380105956,0.0579229797979798,0.0450140336767217,4.0,0.4333854150406978,0.5499317313722561,0.3931458585866812,0.4257480477306871,0.4459217236896543,0.4441803708953754,0.0049495526365885,0.0148486579097657,-0.0098991052731772,0,0.4434947705222984,,,,,,,,,,participant_x_stimulus,-0.009899105273177167,-0.08569287415593863,0.07391668651252979,0.2234,audit,0.433385412031932,0.433385412031932,3.2959746043559335e-17,0.0,0.0
211,CEAP,arousal,subject,minimal_pair,gpu_mlp,20261007,1.0,0.403503379874291,0.1402335858585858,18.0,0.1624999999999999,0.0323036197415449,0.0486805555555555,0.3711997601327461,0.0915530303030303,0.0603199610215712,4.0,0.6740588788274806,0.7676425819011636,0.5329262334974334,0.6384481101920969,0.5346881735806203,0.6811121371115273,-0.0015863950758296,0.0148486579097657,-0.0164350529855953,0,0.6739765857406391,,,,,,,,,,participant_x_stimulus,-0.016435052985595444,-0.0978987343609333,0.06944940499961369,0.2004,audit,0.674058881611569,0.674058881611569,1.457167719820518e-16,0.0,0.0
212,CEAP,arousal,subject,minimal_pair,linear_logistic,20260829,0.25,0.119349586483356,0.0946169772256728,18.0,0.1609375,0.0281921219437185,0.0344751866490996,0.0911574645396375,0.0601417905765732,0.0146706544493479,1.0,0.1346855685391755,0.1991359787773408,0.1785584761393899,0.1412922836136389,0.1699570636866944,0.1406331909189357,-0.0013960276667301,-0.0242718446601942,0.0228758169934641,1,0.1476989122466979,,,,,,,,,,participant_x_stimulus,0.022875816993464082,-0.03834146251901984,0.09990379996597765,0.5414,audit,0.1346855725990493,0.1346855725990493,1.734723475976807e-17,0.0,0.0
213,CEAP,arousal,subject,minimal_pair,linear_logistic,20260829,0.5,0.2100853021238823,0.0529816801555932,18.0,0.1609375,0.0281921219437185,0.0344751866490996,0.1818931801801638,0.0185064935064936,0.0292734336852451,1.0,0.1146021329398031,0.1713451277930546,0.1604486955167366,0.1067018003461831,0.1454985248381868,0.12724807952829,-0.0161495018719462,-0.0242718446601942,0.008122342788248,0,0.1268057110636382,,,,,,,,,,participant_x_stimulus,0.008122342788247972,-0.05214802781119943,0.07106247749179602,0.347,audit,0.1146021335021737,0.1146021335021737,2.7755575615628914e-17,0.0,0.0
214,CEAP,arousal,subject,minimal_pair,linear_logistic,20260829,0.75,0.2995354276094077,0.1100304285086893,18.0,0.1609375,0.0281921219437185,0.0344751866490996,0.2713433056656892,0.0755552418595897,0.0436693132555718,1.0,0.3287765676658848,0.4389863512110071,0.2908474919697234,0.2487029934990342,0.3456477131964792,0.3456276662966279,0.0065359477124183,-0.0242718446601942,0.0308077923726124,1,0.3420670499044574,,,,,,,,,,participant_x_stimulus,0.030807792372612552,-0.04250013511627912,0.11381988320499642,0.6392,audit,0.3287765733129238,0.3287765733129238,1.5265566588595902e-16,0.0,0.0
215,CEAP,arousal,subject,minimal_pair,linear_logistic,20260829,1.0,0.3915353927546478,0.0603213815170337,18.0,0.1609375,0.0281921219437185,0.0344751866490996,0.3633432708109293,0.0258461948679341,0.0584755576461339,1.0,0.2657547752604798,0.3663697919596418,0.2516474528692838,0.1833891012093406,0.2138999451043333,0.2944887156045968,-0.0114855003490069,-0.0242718446601942,0.0127863443111872,0,0.2800854003808808,,,,,,,,,,participant_x_stimulus,0.012786344311187303,-0.06768642626702785,0.09339690469205379,0.434,audit,0.2657547779371708,0.2657547779371708,1.0234868508263162e-16,0.0,0.0
216,CEAP,arousal,subject,minimal_pair,linear_logistic,20260911,0.25,0.1204462637424511,0.0960813492063492,18.0,0.178125,0.0278798785660538,0.0138640873015873,0.0925663851763973,0.0822172619047619,0.0164883873595457,1.0,0.1426909675309167,0.210042294870276,0.1886550965578403,0.2004974608191565,0.1757868556342881,0.147959341779925,0.0030776064471096,9.518370454986158e-05,0.0029824227425597,0,0.1559700808526232,,,,,,,,,,participant_x_stimulus,0.002982422742559776,-0.08309826981276273,0.09721015337854615,0.3478,heldout,0.142690971839192,0.142690971839192,7.589415207398531e-17,0.0,0.0
217,CEAP,arousal,subject,minimal_pair,linear_logistic,20260911,0.5,0.212209631539652,0.0756035052910052,18.0,0.178125,0.0278798785660538,0.0138640873015873,0.1843297529735982,0.0617394179894178,0.0328337372484221,1.0,0.1631320359757641,0.2374592944568345,0.2023719184140275,0.2008984292913848,0.1998637523453981,0.1750117849467263,0.0098039215686275,9.518370454986158e-05,0.0097087378640776,0,0.1769579100841739,,,,,,,,,,participant_x_stimulus,0.009708737864077666,-0.08942095059901475,0.09583333078771798,0.4212,heldout,0.1631320418487273,0.1631320418487273,6.591949208711867e-17,0.0,0.0
218,CEAP,arousal,subject,minimal_pair,linear_logistic,20260911,0.75,0.3049791707283676,0.1150132275132275,18.0,0.178125,0.0278798785660538,0.0138640873015873,0.2770992921623138,0.1011491402116402,0.0493583114164121,1.0,0.3662338811680157,0.4800203747930875,0.3235260916792014,0.3762148566309774,0.3724450111068234,0.3806140184145117,0.003363157560759,9.518370454986158e-05,0.0032679738562091,0,0.3785594182888757,,,,,,,,,,participant_x_stimulus,0.0032679738562091387,-0.0900413628667593,0.08809082973748442,0.3488,heldout,0.36623388032996,0.36623388032996,3.859759734048396e-17,0.0,0.0
219,CEAP,arousal,subject,minimal_pair,linear_logistic,20260911,1.0,0.3966893341145237,0.0910052910052909,18.0,0.178125,0.0278798785660538,0.0138640873015873,0.3688094555484699,0.0771412037037036,0.0656941842695712,1.0,0.3905246603815068,0.5058345807153827,0.3356850780037745,0.3518994787929922,0.3147275085928355,0.4132451994915403,0.0095183704549781,9.518370454986158e-05,0.0094231867504282,0,0.4021126355994774,,,,,,,,,,participant_x_stimulus,0.009423186750428303,-0.09855849798768758,0.11218713112175462,0.4158,heldout,0.3905246782538367,0.3905246782538367,1.0234868508263162e-16,0.0,0.0
220,CEAP,arousal,subject,minimal_pair,linear_logistic,20260923,0.25,0.1199861831115691,0.0614890400604686,18.0,0.171875,0.0271100301020445,0.020578231292517,0.0928761530095245,0.0409108087679516,0.015963088798512,1.0,0.0879809732849764,0.1335308999333354,0.1430506926769842,0.1329457917615523,0.1109541673690705,0.0916120325535866,-0.0371533726759312,0.0017767624849291,-0.0389301351608602,0,0.0987469808033721,,,,,,,,,,participant_x_stimulus,-0.03893013516086041,-0.11824107561260462,0.03180608134716745,0.0522,audit,0.0879809751307447,0.0879809751307447,2.1510571102112408e-16,0.0,0.0
221,CEAP,arousal,subject,minimal_pair,linear_logistic,20260923,0.5,0.2130982993412224,0.102730536659108,18.0,0.171875,0.0271100301020445,0.020578231292517,0.1859882692391779,0.082152305366591,0.0319667337754837,1.0,0.2269030123899014,0.3192033962440367,0.2411491862110714,0.2688117375552382,0.2752048870989187,0.2381317665941214,0.0148486579097657,0.0017767624849291,0.0130718954248366,0,0.2414184424477135,,,,,,,,,,participant_x_stimulus,0.013071895424836555,-0.0896378668025136,0.10260890834033486,0.4376,audit,0.2269030131454078,0.2269030131454078,4.5102810375396984e-17,0.0,0.0
222,CEAP,arousal,subject,minimal_pair,linear_logistic,20260923,0.75,0.3046453740583869,0.0929138321995464,18.0,0.171875,0.0271100301020445,0.020578231292517,0.2775353439563424,0.0723356009070294,0.0477013872424963,1.0,0.2872913619540953,0.3917102229843563,0.2747493307376637,0.2713792845504982,0.2944078101404168,0.3049560064154419,0.0033631575607588,0.0017767624849291,0.0015863950758297,0,0.3013597723361662,,,,,,,,,,participant_x_stimulus,0.001586395075829694,-0.09586261212825775,0.09346507210284466,0.3178,audit,0.2872913680841131,0.2872913680841131,5.854691731421724e-18,0.0,0.0
223,CEAP,arousal,subject,minimal_pair,linear_logistic,20260923,1.0,0.3990855124232444,0.0982993197278911,18.0,0.171875,0.0271100301020445,0.020578231292517,0.3719754823211999,0.0777210884353741,0.0639332860239562,1.0,0.4153155024434952,0.5315611939500201,0.3433176706120153,0.43849110577853,0.3367292670442155,0.4382272598359767,-0.0177358969477758,0.0017767624849291,-0.0195126594327049,0,0.4260732296156732,,,,,,,,,,participant_x_stimulus,-0.019512659432705082,-0.1374200966209173,0.08050082791596637,0.2154,audit,0.415315508575009,0.415315508575009,1.8041124150158794e-16,0.0,0.0
224,CEAP,arousal,subject,wearable_all,gpu_mlp,20260923,0.25,0.1199861831115691,0.0614890400604686,36.0,0.3078125,0.0271100301020445,0.020578231292517,0.0928761530095245,0.0409108087679516,0.0285884408482442,4.0,0.1710307981562951,0.2478909077078027,0.2832843989449294,0.300472220916651,0.1782119696893915,0.1714068560013655,-0.0309029760771623,-0.0308077923726124,-9.518370454989974e-05,0,0.1850209676163028,,,,,,,,,,participant_x_stimulus,-9.518370454980607e-05,-0.08011696636676788,0.07917073220014566,0.3038,heldout,0.1710307975327602,0.1710307975327602,9.367506770274758e-17,0.0,0.0
225,CEAP,arousal,subject,wearable_all,gpu_mlp,20260923,0.5,0.2130982993412224,0.102730536659108,36.0,0.3078125,0.0271100301020445,0.020578231292517,0.1859882692391779,0.082152305366591,0.0572495141251844,4.0,0.4067370908677183,0.5227283517608383,0.4712277339108857,0.5074786450916544,0.4188149341774093,0.4011776990503027,0.0324893711529918,-0.0308077923726124,0.0632971635256042,1,0.4177902962358528,,,,,,,,,,participant_x_stimulus,0.06329716352560438,-0.02013564663939178,0.15015517845749854,0.8428,heldout,0.4067370854344829,0.4067370854344829,1.8041124150158794e-16,0.0,0.0
226,CEAP,arousal,subject,wearable_all,gpu_mlp,20260923,0.75,0.3046453740583869,0.0929138321995464,36.0,0.3078125,0.0271100301020445,0.020578231292517,0.2775353439563424,0.0723356009070294,0.0854288480615616,4.0,0.5066403651384463,0.6212858960135529,0.5564808334607245,0.5471405154496939,0.4634128005513047,0.5002160227972925,-0.0244622120692937,-0.0308077923726124,0.0063455803033187,0,0.5138342432284281,,,,,,,,,,participant_x_stimulus,0.006345580303318721,-0.0890196781605482,0.09246649425476781,0.3682,heldout,0.5066403672190045,0.5066403672190045,2.0816681711721685e-17,0.0,0.0
227,CEAP,arousal,subject,wearable_all,gpu_mlp,20260923,1.0,0.3990855124232444,0.0982993197278911,36.0,0.3078125,0.0271100301020445,0.020578231292517,0.3719754823211999,0.0777210884353741,0.1144987031519943,4.0,0.6643127923973408,0.7596971831954498,0.6727480082875102,0.7870033558324387,0.5347003937951385,0.65622206683777,0.0405165302366901,-0.0308077923726124,0.0713243226093024,1,0.6646382028782035,,,,,,,,,,participant_x_stimulus,0.0713243226093026,-0.023114971816539764,0.16917223557829855,0.856,heldout,0.6643127904214619,0.6643127904214619,2.0816681711721685e-16,0.0,0.0
228,CEAP,arousal,subject,wearable_all,linear_logistic,20260829,0.25,0.119349586483356,0.0946169772256728,36.0,0.296875,0.0281921219437185,0.0344751866490996,0.0911574645396375,0.0601417905765732,0.0270623722852048,1.0,0.1727711726307308,0.2501773582965091,0.2438641480513675,0.2918822862211609,0.1824892080889522,0.173768779393031,0.0048543689320388,-0.0146582905006663,0.0195126594327051,0,0.1867942321752616,,,,,,,,,,participant_x_stimulus,0.019512659432705137,-0.04304329715669155,0.07930154111236332,0.5006,audit,0.1727711742249396,0.1727711742249396,3.8163916471489756e-17,0.0,0.0
229,CEAP,arousal,subject,wearable_all,linear_logistic,20260829,0.5,0.2100853021238823,0.0529816801555932,36.0,0.296875,0.0281921219437185,0.0344751866490996,0.1818931801801638,0.0185064935064936,0.0539995378659861,1.0,0.1591488074799457,0.2321646876860674,0.2505922309522945,0.2314625312256172,0.168256461584193,0.1663755180598205,-0.0260486071451234,-0.0146582905006663,-0.0113903166444571,0,0.1728822338766197,,,,,,,,,,participant_x_stimulus,-0.01139031664445711,-0.08032610639929771,0.052766062971204494,0.1582,audit,0.1591488050872444,0.1591488050872444,1.0408340855860843e-17,0.0,0.0
230,CEAP,arousal,subject,wearable_all,linear_logistic,20260829,0.75,0.2995354276094077,0.1100304285086893,36.0,0.296875,0.0281921219437185,0.0344751866490996,0.2713433056656892,0.0755552418595897,0.0805550438695014,1.0,0.4380728620704461,0.5546458048807528,0.4577836124841258,0.4819257448207217,0.4058454124254958,0.4395910495811575,0.0030776064471095,-0.0146582905006663,0.0177358969477758,0,0.4480086512751597,,,,,,,,,,participant_x_stimulus,0.017735896947775887,-0.06814459897577763,0.10884921718388783,0.4908,audit,0.4380728621407743,0.4380728621407743,8.673617379884035e-17,0.0,0.0
231,CEAP,arousal,subject,wearable_all,linear_logistic,20260829,1.0,0.3915353927546478,0.0603213815170337,36.0,0.296875,0.0281921219437185,0.0344751866490996,0.3633432708109293,0.0258461948679341,0.1078675335219946,1.0,0.3859483127479197,0.5010177803902247,0.4500070924474354,0.4311482120479161,0.2774069906282213,0.3919222507577687,-0.0130718954248366,-0.0146582905006663,0.0015863950758296,0,0.397681310013327,,,,,,,,,,participant_x_stimulus,0.001586395075829694,-0.07132899332791566,0.07230683881789442,0.282,audit,0.385948303282051,0.385948303282051,9.410874857174178e-17,0.0,0.0
232,CEAP,arousal,subject,wearable_all,linear_logistic,20260911,0.25,0.1204462637424511,0.0960813492063492,36.0,0.3140625,0.0278798785660538,0.0138640873015873,0.0925663851763973,0.0822172619047619,0.0290716303444622,1.0,0.182761970428063,0.2632200170169999,0.2569890392583329,0.3060818359838334,0.1888555564009031,0.1836225140572504,0.0179262643568753,-0.0161495018719461,0.0340757662288214,1,0.1969515815070159,,,,,,,,,,participant_x_stimulus,0.03407576622882158,-0.03495578272268176,0.10557008031755681,0.6532,heldout,0.1827619711651111,0.1827619711651111,1.8041124150158794e-16,0.0,0.0
233,CEAP,arousal,subject,wearable_all,linear_logistic,20260911,0.5,0.212209631539652,0.0756035052910052,36.0,0.3140625,0.0278798785660538,0.0138640873015873,0.1843297529735982,0.0617394179894178,0.0578910630432706,1.0,0.2222153996364502,0.3133818861561477,0.3083872500076596,0.3089857078184934,0.2292554140575226,0.2272896905722591,0.019512659432705,-0.0161495018719461,0.035662161304651,1,0.2367252740425575,,,,,,,,,,participant_x_stimulus,0.035662161304651274,-0.041523346491158006,0.1083288826048374,0.675,heldout,0.2222154023931122,0.2222154023931122,2.7755575615628914e-16,0.0,0.0
234,CEAP,arousal,subject,wearable_all,linear_logistic,20260911,0.75,0.3049791707283676,0.1150132275132275,36.0,0.3140625,0.0278798785660538,0.0138640873015873,0.2770992921623138,0.1011491402116402,0.0870264964447267,1.0,0.4804554293772006,0.5963377335771233,0.4987124505401456,0.5677195984871309,0.4355529181452549,0.4798513795179082,-0.0225902658798147,-0.0161495018719461,-0.0064407640078686,0,0.488735651742662,,,,,,,,,,participant_x_stimulus,-0.006440764007868527,-0.07881240583956242,0.062256340868771055,0.2202,heldout,0.4804554193145307,0.4804554193145307,7.28583859910259e-17,0.0,0.0
235,CEAP,arousal,subject,wearable_all,linear_logistic,20260911,1.0,0.3966893341145237,0.0910052910052909,36.0,0.3140625,0.0278798785660538,0.0138640873015873,0.3688094555484699,0.0771412037037036,0.1158292196331913,1.0,0.5279619095380942,0.6411620269525222,0.5539279957276408,0.6190101545867215,0.3944330612254199,0.5267357667039799,0.0179262643568753,-0.0161495018719461,0.0340757662288214,1,0.5342450093518564,,,,,,,,,,participant_x_stimulus,0.03407576622882158,-0.027637995220720767,0.09479554593563075,0.6848,heldout,0.5279619206226053,0.5279619206226053,1.8041124150158794e-16,0.0,0.0
236,CEAP,arousal,subject,wearable_all,linear_logistic,20260923,0.25,0.1199861831115691,0.0614890400604686,36.0,0.3078125,0.0271100301020445,0.020578231292517,0.0928761530095245,0.0409108087679516,0.0285884408482442,1.0,0.1147742653245475,0.1715859680364568,0.1990055478222398,0.2125560905416844,0.1199351052177902,0.1155555966381065,-0.0111047655308077,0.001871946189479,-0.0129767117202867,0,0.1269857145470876,,,,,,,,,,participant_x_stimulus,-0.012976711720286804,-0.07647607307881117,0.047873193770647034,0.135,audit,0.114774264877713,0.114774264877713,1.0408340855860843e-16,0.0,0.0
237,CEAP,arousal,subject,wearable_all,linear_logistic,20260923,0.5,0.2130982993412224,0.102730536659108,36.0,0.3078125,0.0271100301020445,0.020578231292517,0.1859882692391779,0.082152305366591,0.0572495141251844,1.0,0.3011123222672983,0.4076810977364026,0.3590453745351716,0.3930238450726926,0.3117016027892509,0.3048977165495973,0.0147534742052161,0.001871946189479,0.0128815280157371,0,0.3149592262968581,,,,,,,,,,participant_x_stimulus,0.012881528015737054,-0.05587402619421482,0.08296377677470437,0.4324,audit,0.3011123175288793,0.3011123175288793,4.683753385137379e-17,0.0,0.0
238,CEAP,arousal,subject,wearable_all,linear_logistic,20260923,0.75,0.3046453740583869,0.0929138321995464,36.0,0.3078125,0.0271100301020445,0.020578231292517,0.2775353439563424,0.0723356009070294,0.0854288480615616,1.0,0.3922240658924336,0.5076178467014197,0.4409267273415929,0.4315788763694212,0.351797623075232,0.3945932440505504,0.0016815787803794,0.001871946189479,-0.0001903674090996,0,0.4037575046316934,,,,,,,,,,participant_x_stimulus,-0.00019036740909961214,-0.08512539472430944,0.08215468823909759,0.3,audit,0.3922240678766736,0.3922240678766736,1.214306433183765e-17,0.0,0.0
239,CEAP,arousal,subject,wearable_all,linear_logistic,20260923,1.0,0.3990855124232444,0.0982993197278911,36.0,0.3078125,0.0271100301020445,0.020578231292517,0.3719754823211999,0.0777210884353741,0.1144987031519943,1.0,0.5542943930481217,0.6651843218890089,0.5637380418326918,0.6989746653981334,0.419333273011696,0.5528619600059071,0.022875816993464,0.001871946189479,0.0210038708039849,1,0.5594299351155626,,,,,,,,,,participant_x_stimulus,0.021003870803985025,-0.06522937659174204,0.11250157486647365,0.507,audit,0.5542943908591429,0.5542943908591429,1.249000902703301e-16,0.0,0.0
240,CEAP,valence,subject,cardiovascular,gpu_mlp,20260813,0.25,0.0889430783522299,-0.0237612387612387,18.0,0.2296875,0.0142569083338985,-0.0218725718725718,0.0746861700183314,-0.0018886668886669,0.0171544796760854,4.0,0.0405699163676834,0.0632769906656664,0.1194767223922795,0.1135145109010808,0.0700037463415883,0.0454983306569965,0.0248998998998999,0.0362862862862863,-0.0113863863863864,0,0.0473518984035494,,,,,,,,,,participant_x_stimulus,-0.011386386386386449,-0.08307074643671512,0.06054294621571887,0.1662,audit,0.0405699163831735,0.0405699163831735,4.85722573273506e-17,0.0,0.0
241,CEAP,valence,subject,cardiovascular,gpu_mlp,20260813,0.5,0.1629921309846606,-0.0279836829836829,18.0,0.2296875,0.0142569083338985,-0.0218725718725718,0.148735222650762,-0.006111111111111,0.0341626214525969,4.0,0.0562800638465733,0.0869829590230227,0.1462569093400439,0.1401466771324111,0.1017713185188487,0.0653972920024331,0.0202702702702702,0.0362862862862863,-0.0160160160160161,0,0.0646375651132887,,,,,,,,,,participant_x_stimulus,-0.0160160160160161,-0.08172843363136054,0.05393400304019439,0.1488,audit,0.0562800598895918,0.0562800598895918,0.0,0.0,0.0
242,CEAP,valence,subject,cardiovascular,gpu_mlp,20260813,0.75,0.2384335803245454,-0.0007409257409257,18.0,0.2296875,0.0142569083338985,-0.0218725718725718,0.2241766719906469,0.0211316461316461,0.0514905793478517,4.0,0.1210239778413339,0.1802991308657824,0.2243706282424341,0.1939856136779436,0.1449446338183905,0.1363051940399883,-0.0083833833833834,0.0362862862862863,-0.0446696696696697,0,0.1335099274007561,,,,,,,,,,participant_x_stimulus,-0.04466966966966979,-0.13814845755696295,0.04041516827419398,0.067,audit,0.1210239809610013,0.1210239809610013,9.020562075079397e-17,0.0,0.0
243,CEAP,valence,subject,cardiovascular,gpu_mlp,20260813,1.0,0.3116790829502078,0.0118628593628593,18.0,0.2296875,0.0142569083338985,-0.0218725718725718,0.2974221746163093,0.0337354312354311,0.0683141557321835,4.0,0.2003809411149235,0.2858821329873811,0.2978754383175312,0.277485685170504,0.1800917839239465,0.2203007974084478,0.035035035035035,0.0362862862862863,-0.0012512512512512,0,0.2147768275404033,,,,,,,,,,participant_x_stimulus,-0.0012512512512513618,-0.08840133734047413,0.09375576451420775,0.313,audit,0.2003809453919799,0.2003809453919799,1.6176296413483726e-16,0.0,0.0
244,CEAP,valence,subject,cardiovascular,gpu_mlp,20260911,0.25,0.0922901345956377,-0.0481905521379205,18.0,0.2453125,0.0148346058170748,-0.0143540669856459,0.0774555287785629,-0.0338364851522745,0.0190008094034912,4.0,0.0295285523987985,0.0463543266255069,0.1027959815494634,0.1124379189629887,0.0715643656597871,0.0337594054506096,0.0270270270270269,0.0274024024024024,-0.0003753753753754,0,0.034991220752382,,,,,,,,,,participant_x_stimulus,-0.00037537537537546406,-0.07947100251913071,0.06667020488530392,0.2796,audit,0.0295285512423974,0.0295285512423974,6.407634839389331e-17,0.0,0.0
245,CEAP,valence,subject,cardiovascular,gpu_mlp,20260911,0.5,0.1707184500521909,0.0224415204678362,18.0,0.2453125,0.0148346058170748,-0.0143540669856459,0.1558838442351161,0.0367955874534821,0.0382402555389269,4.0,0.1232954454659017,0.1834509246135618,0.2276893916476707,0.2375170994539107,0.1398818223465011,0.1325741549214555,0.0110110110110109,0.0274024024024024,-0.0163913913913915,0,0.1358758444996866,,,,,,,,,,participant_x_stimulus,-0.016391391391391452,-0.09821740631014109,0.053998316638171666,0.1574,audit,0.1232954425461497,0.1232954425461497,4.85722573273506e-17,0.0,0.0
246,CEAP,valence,subject,cardiovascular,gpu_mlp,20260911,0.75,0.2487942394695739,-0.0212624363940153,18.0,0.2453125,0.0148346058170748,-0.0143540669856459,0.2339596336524991,-0.0069083694083693,0.0573932226303786,4.0,0.100124140374816,0.1509205468304015,0.2115452633691189,0.2060934820398887,0.1501176558420407,0.1153546676751179,0.0160160160160161,0.0274024024024024,-0.0113863863863863,0,0.1116025438091883,,,,,,,,,,participant_x_stimulus,-0.011386386386386338,-0.07632930614054204,0.05780981983989465,0.1596,audit,0.1001241364451834,0.1001241364451834,3.8163916471489756e-17,0.0,0.0
247,CEAP,valence,subject,cardiovascular,gpu_mlp,20260911,1.0,0.3264888240950164,-0.0122038049669628,18.0,0.2453125,0.0148346058170748,-0.0143540669856459,0.3116542182779416,0.0021502620186831,0.0764526754213075,4.0,0.1653939187531401,0.2404556452987325,0.28245016622702,0.3091008874435329,0.1678625370462056,0.1865220461986653,0.0110110110110109,0.0274024024024024,-0.0163913913913915,0,0.1792693929885332,,,,,,,,,,participant_x_stimulus,-0.016391391391391452,-0.09486524928361177,0.06072270330041644,0.1438,audit,0.1653939208317569,0.1653939208317569,4.85722573273506e-17,0.0,0.0
248,CEAP,valence,subject,cardiovascular,gpu_mlp,20261007,0.25,0.0907505519581659,0.0009391534391534,18.0,0.2359375,0.0153315499003969,-0.0066666666666666,0.075419002057769,0.00760582010582,0.0177941707980048,4.0,0.0592149184718742,0.0913638834864035,0.1475884742778089,0.1492925208873675,0.0704825935901369,0.0644237947690743,-0.0295295295295294,-0.0387887887887887,0.0092592592592593,0,0.0678346007484166,,,,,,,,,,participant_x_stimulus,0.0092592592592593,-0.05855859005823731,0.07756324801594018,0.3724,audit,0.0592149176826741,0.0592149176826741,0.0,0.0,0.0
249,CEAP,valence,subject,cardiovascular,gpu_mlp,20261007,0.5,0.1646075191926067,0.016056536056536,18.0,0.2359375,0.0153315499003969,-0.0066666666666666,0.1492759692922098,0.0227232027232026,0.0352197990048807,4.0,0.1070406009180651,0.1607192602314466,0.207597416848459,0.2228072049151593,0.1232836678591246,0.116563387773029,-0.01514014014014,-0.0387887887887887,0.0236486486486487,1,0.1188813451508295,,,,,,,,,,participant_x_stimulus,0.023648648648648685,-0.051205407548695805,0.09518363941460813,0.5214,audit,0.1070405987641769,0.1070405987641769,1.3877787807814457e-17,0.0,0.0
250,CEAP,valence,subject,cardiovascular,gpu_mlp,20261007,0.75,0.2393148677439981,0.0362376512376512,18.0,0.2359375,0.0153315499003969,-0.0066666666666666,0.2239833178436012,0.0429043179043178,0.0528460640537246,4.0,0.1987211582262226,0.2837654627292986,0.2939790160419163,0.2750947960880028,0.2231065644644904,0.21055809046763,-0.0117617617617616,-0.0387887887887887,0.027027027027027,1,0.2131021505655143,,,,,,,,,,participant_x_stimulus,0.027027027027027084,-0.06046992884948849,0.1026179619133472,0.5676,audit,0.1987211581225301,0.1987211581225301,8.326672684688674e-17,0.0,0.0
251,CEAP,valence,subject,cardiovascular,gpu_mlp,20261007,1.0,0.3139176089594213,0.0084093684093684,18.0,0.2359375,0.0153315499003969,-0.0066666666666666,0.2985860590590243,0.015076035076035,0.0704476483092385,4.0,0.1965199865714828,0.2809525776537162,0.2996323465214795,0.3007552716735606,0.1744932057727228,0.2161289390686608,-0.0243993993993993,-0.0387887887887887,0.0143893893893893,0,0.2108798068157695,,,,,,,,,,participant_x_stimulus,0.014389389389389384,-0.07777859065681696,0.10687551312148566,0.4346,audit,0.1965199894972841,0.1965199894972841,8.500145032286355e-17,0.0,0.0
252,CEAP,valence,subject,cardiovascular,linear_logistic,20260911,0.25,0.0922901345956377,-0.0481905521379205,18.0,0.2453125,0.0148346058170748,-0.0143540669856459,0.0774555287785629,-0.0338364851522745,0.0190008094034912,1.0,0.0187623893664414,0.029640826789134,0.0671803828357488,0.0737397482851379,0.0462015150659996,0.0215325995860267,-0.0320320320320319,-0.0434184184184183,0.0113863863863864,0,0.0227045404075814,,,,,,,,,,participant_x_stimulus,0.011386386386386338,-0.030388289829716086,0.060624678898602714,0.3266,heldout,0.0187623886235148,0.0187623886235148,6.245004513516506e-17,0.0,0.0
253,CEAP,valence,subject,cardiovascular,linear_logistic,20260911,0.5,0.1707184500521909,0.0224415204678362,18.0,0.2453125,0.0148346058170748,-0.0143540669856459,0.1558838442351161,0.0367955874534821,0.0382402555389269,1.0,0.0812022835146916,0.1237187932237322,0.1563424367765118,0.1637103251715733,0.0927249653984001,0.0895570965215336,-0.056056056056056,-0.0434184184184183,-0.0126376376376377,0,0.0915246856871573,,,,,,,,,,participant_x_stimulus,-0.0126376376376377,-0.0634710792452097,0.03357121543958781,0.078,heldout,0.0812022814994189,0.0812022814994189,0.0,0.0,0.0
254,CEAP,valence,subject,cardiovascular,linear_logistic,20260911,0.75,0.2487942394695739,-0.0212624363940153,18.0,0.2453125,0.0148346058170748,-0.0143540669856459,0.2339596336524991,-0.0069083694083693,0.0573932226303786,1.0,0.0653519944876827,0.1004770447837109,0.144311832557285,0.140255210886444,0.0999109335855977,0.0764735568231721,-0.0409159159159159,-0.0434184184184183,0.0025025025025023,0,0.0744914180867742,,,,,,,,,,participant_x_stimulus,0.0025025025025023906,-0.04585346970707178,0.056191139575093904,0.2538,heldout,0.0653519918236627,0.0653519918236627,9.063930161978817e-17,0.0,0.0
255,CEAP,valence,subject,cardiovascular,linear_logistic,20260911,1.0,0.3264888240950164,-0.0122038049669628,18.0,0.2453125,0.0148346058170748,-0.0143540669856459,0.3116542182779416,0.0021502620186831,0.0764526754213075,1.0,0.1107438082931953,0.1659344578955561,0.1983508181401531,0.2194520998112744,0.112506692844278,0.1271284442889736,-0.0455455455455455,-0.0434184184184183,-0.0021271271271271,0,0.1227664643952378,,,,,,,,,,participant_x_stimulus,-0.0021271271271272596,-0.05183862242847681,0.05614358549937603,0.1904,heldout,0.1107438097761221,0.1107438097761221,1.5959455978986625e-16,0.0,0.0
256,CEAP,valence,subject,cardiovascular,linear_logistic,20260923,0.25,0.0881614856720154,-0.0148018648018648,18.0,0.2296875,0.0177189592529149,0.0174825174825174,0.0704425264191005,-0.0322843822843822,0.0161797677868871,1.0,0.0289410359452342,0.0454477137795046,0.0834852695283847,0.0819030002208278,0.0441670827936354,0.0324582422963063,0.0286536536536536,0.0206456456456456,0.008008008008008,0,0.0343274346786478,,,,,,,,,,participant_x_stimulus,0.00800800800800805,-0.03669794630259275,0.0532429571263492,0.2866,audit,0.0289410362706459,0.0289410362706459,5.0306980803327406e-17,0.0,0.0
257,CEAP,valence,subject,cardiovascular,linear_logistic,20260923,0.5,0.1588573406641079,-0.1022824397824397,18.0,0.2296875,0.0177189592529149,0.0174825174825174,0.141138381411193,-0.1197649572649571,0.0324177219803833,1.0,0.0112987716159798,0.0179288712378053,0.050645622893805,0.0691237895342047,0.0639129833748757,0.0141009963564502,-0.0092592592592593,0.0206456456456456,-0.0299049049049049,0,0.0139873110792822,,,,,,,,,,participant_x_stimulus,-0.02990490490490494,-0.10218291897326708,0.03505926849320528,0.0584,audit,0.0112987706123209,0.0112987706123209,3.8163916471489756e-17,0.0,0.0
258,CEAP,valence,subject,cardiovascular,linear_logistic,20260923,0.75,0.2287343904870072,-0.0314491064491064,18.0,0.2296875,0.0177189592529149,0.0174825174825174,0.2110154312340923,-0.0489316239316238,0.0484676068615805,1.0,0.0477194131934234,0.0741189409573973,0.1159144155619772,0.0979861511355289,0.0912646544353039,0.0570561051488489,0.011011011011011,0.0206456456456456,-0.0096346346346346,0,0.055256852109664,,,,,,,,,,participant_x_stimulus,-0.009634634634634542,-0.07379724197089672,0.04970307182520617,0.1446,audit,0.0477194105837582,0.0477194105837582,5.724587470723463e-17,0.0,0.0
259,CEAP,valence,subject,cardiovascular,linear_logistic,20260923,1.0,0.300144561231455,-0.0719794094794094,18.0,0.2296875,0.0177189592529149,0.0174825174825174,0.2824256019785401,-0.0894619269619268,0.0648696304544459,1.0,0.0382667983841321,0.0597651097607217,0.105470446451493,0.1051023447582249,0.1046951836477292,0.0484220874870425,-0.0033783783783782,0.0206456456456456,-0.0240240240240238,0,0.044790017962329,,,,,,,,,,participant_x_stimulus,-0.024024024024023927,-0.09015411660075187,0.037983383610844586,0.0696,audit,0.0382667998362607,0.0382667998362607,1.2836953722228372e-16,0.0,0.0
260,CEAP,valence,subject,electrodermal_thermal,gpu_mlp,20260813,0.25,0.0889430783522299,-0.0237612387612387,18.0,0.0562499999999999,0.0142569083338985,-0.0218725718725718,0.0746861700183314,-0.0018886668886669,0.0042010970635311,4.0,0.0287888959827912,0.0452128403544526,0.0785238713744847,0.073168912087051,0.067213113404489,0.0339970376871054,0.010135135135135,0.0193943943943943,-0.0092592592592593,0,0.0341554326897398,,,,,,,,,,participant_x_stimulus,-0.0092592592592593,-0.07738004177808762,0.04755518911406394,0.1464,audit,0.0287888969452213,0.0287888969452213,0.0,0.0,0.0
261,CEAP,valence,subject,electrodermal_thermal,gpu_mlp,20260813,0.5,0.1629921309846606,-0.0279836829836829,18.0,0.0562499999999999,0.0142569083338985,-0.0218725718725718,0.148735222650762,-0.006111111111111,0.0083663562741053,4.0,0.0368187898758338,0.0575522905890498,0.0830853875975665,0.0831312802468481,0.0878716422926216,0.0461853910909218,-0.0117617617617618,0.0193943943943943,-0.0311561561561561,0,0.0431751572120069,,,,,,,,,,participant_x_stimulus,-0.03115615615615619,-0.10192292630672455,0.024283902859315268,0.0364,audit,0.0368187881996785,0.0368187881996785,9.020562075079397e-17,0.0,0.0
262,CEAP,valence,subject,electrodermal_thermal,gpu_mlp,20260813,0.75,0.2384335803245454,-0.0007409257409257,18.0,0.0562499999999999,0.0142569083338985,-0.0218725718725718,0.2241766719906469,0.0211316461316461,0.0126099377994738,4.0,0.0745576747055955,0.1140269118742746,0.113831824428466,0.1075239863879164,0.1144799281357409,0.0941324560075848,0.0354104104104103,0.0193943943943943,0.016016016016016,0,0.0844103233236056,,,,,,,,,,participant_x_stimulus,0.016016016016015988,-0.07490324229001999,0.1058815971016883,0.4624,audit,0.0745576799377408,0.0745576799377408,1.0408340855860843e-17,0.0,0.0
263,CEAP,valence,subject,electrodermal_thermal,gpu_mlp,20260813,1.0,0.3116790829502078,0.0118628593628593,18.0,0.0562499999999999,0.0142569083338985,-0.0218725718725718,0.2974221746163093,0.0337354312354311,0.0167299973221673,4.0,0.1183262404026386,0.1765454803168935,0.137159921725065,0.1493661186526018,0.1329390568672434,0.1510381874958156,0.0017517517517517,0.0193943943943943,-0.0176426426426426,0,0.1306963665876226,,,,,,,,,,participant_x_stimulus,-0.017642642642642647,-0.09689622782170772,0.05598118733614678,0.1446,audit,0.1183262471288893,0.1183262471288893,4.85722573273506e-17,0.0,0.0
264,CEAP,valence,subject,electrodermal_thermal,gpu_mlp,20260911,0.25,0.0922901345956377,-0.0481905521379205,18.0,0.0859375,0.0148346058170748,-0.0143540669856459,0.0774555287785629,-0.0338364851522745,0.0066563345044077,4.0,0.0214166299292937,0.0337810161008818,0.0691448646829494,0.0640792467090008,0.0678972483949606,0.0257594429981954,-0.0252752752752752,-0.0163913913913914,-0.0088838838838837,0,0.0257601987801729,,,,,,,,,,participant_x_stimulus,-0.008883883883883836,-0.07191618923097849,0.057907954230904536,0.1856,audit,0.0214166285854343,0.0214166285854343,1.3704315460216776e-16,0.0,0.0
265,CEAP,valence,subject,electrodermal_thermal,gpu_mlp,20260911,0.5,0.1707184500521909,0.0224415204678362,18.0,0.0859375,0.0148346058170748,-0.0143540669856459,0.1558838442351161,0.0367955874534821,0.0133962678639552,4.0,0.0848494318433992,0.1290074164146153,0.13920877319408,0.1319534728890787,0.1203191992494265,0.0983042037119817,-0.029029029029029,-0.0163913913913914,-0.0126376376376376,0,0.0954148126329776,,,,,,,,,,participant_x_stimulus,-0.012637637637637589,-0.0801009202376008,0.05638441313058121,0.1488,audit,0.0848494290571535,0.0848494290571535,1.0408340855860843e-17,0.0,0.0
266,CEAP,valence,subject,electrodermal_thermal,gpu_mlp,20260911,0.75,0.2487942394695739,-0.0212624363940153,18.0,0.0859375,0.0148346058170748,-0.0143540669856459,0.2339596336524991,-0.0069083694083693,0.0201059060170116,4.0,0.0630212916468521,0.0970236864731349,0.1108125960619927,0.1101645219782018,0.119883292382628,0.0808069837837257,-0.0045045045045044,-0.0163913913913914,0.011886886886887,0,0.0719677240076549,,,,,,,,,,participant_x_stimulus,0.011886886886886994,-0.06174325086176395,0.08865878283977507,0.412,audit,0.0630212878981118,0.0630212878981118,6.938893903907228e-18,0.0,0.0
267,CEAP,valence,subject,electrodermal_thermal,gpu_mlp,20260911,1.0,0.3264888240950164,-0.0122038049669628,18.0,0.0859375,0.0148346058170748,-0.0143540669856459,0.3116542182779416,0.0021502620186831,0.0267827843832606,4.0,0.0990106000637103,0.1493358213004516,0.1341540364514556,0.1650116626876264,0.1248803765645414,0.1288487789433389,-0.037037037037037,-0.0163913913913914,-0.0206456456456456,0,0.1104278217927253,,,,,,,,,,participant_x_stimulus,-0.020645645645645583,-0.09111481998115778,0.04343078173696994,0.0894,audit,0.0990105999267516,0.0990105999267516,1.734723475976807e-17,0.0,0.0
268,CEAP,valence,subject,electrodermal_thermal,linear_logistic,20260813,0.25,0.0889430783522299,-0.0237612387612387,18.0,0.0562499999999999,0.0142569083338985,-0.0218725718725718,0.0746861700183314,-0.0018886668886669,0.0042010970635311,1.0,0.0182873312167505,0.028898442435348,0.0508412639912452,0.0472663507361601,0.0433204190937232,0.0219321505640848,0.0131381381381381,-0.0025025025025025,0.0156406406406406,0,0.022155489839124,,,,,,,,,,participant_x_stimulus,0.015640640640640635,-0.04852963602170348,0.07448862791061396,0.4224,heldout,0.0182873318347175,0.0182873318347175,3.469446951953614e-17,0.0,0.0
269,CEAP,valence,subject,electrodermal_thermal,linear_logistic,20260813,0.5,0.1629921309846606,-0.0279836829836829,18.0,0.0562499999999999,0.0142569083338985,-0.0218725718725718,0.148735222650762,-0.006111111111111,0.0083663562741053,1.0,0.0234588448737602,0.0369577279722434,0.0538887181910255,0.0539070636591436,0.0570847382905198,0.0298762481634773,-0.0037537537537537,-0.0025025025025025,-0.0012512512512512,0,0.0280984751842003,,,,,,,,,,participant_x_stimulus,-0.0012512512512512508,-0.07341510355472565,0.0839768471196292,0.2944,heldout,0.0234588437909959,0.0234588437909959,5.074066167232161e-17,0.0,0.0
270,CEAP,valence,subject,electrodermal_thermal,linear_logistic,20260813,0.75,0.2384335803245454,-0.0007409257409257,18.0,0.0562499999999999,0.0142569083338985,-0.0218725718725718,0.2241766719906469,0.0211316461316461,0.0126099377994738,1.0,0.0481890386616284,0.0748279584579295,0.0747110434344363,0.0703829474551198,0.0751384491895597,0.0621616036589162,0.0063813813813813,-0.0025025025025025,0.0088838838838838,0,0.0557737384827508,,,,,,,,,,participant_x_stimulus,0.008883883883883836,-0.06733866911381482,0.09128554277122015,0.3622,heldout,0.0481890421396882,0.0481890421396882,3.642919299551295e-17,0.0,0.0
271,CEAP,valence,subject,electrodermal_thermal,linear_logistic,20260813,1.0,0.3116790829502078,0.0118628593628593,18.0,0.0562499999999999,0.0142569083338985,-0.0218725718725718,0.2974221746163093,0.0337354312354311,0.0167299973221673,1.0,0.0777790605202673,0.1187348351261595,0.0908438013872828,0.0993813555360327,0.0878835924629131,0.1015724735199465,-0.0176426426426427,-0.0025025025025025,-0.0151401401401402,0,0.0878639353777075,,,,,,,,,,participant_x_stimulus,-0.015140140140140201,-0.09212431367486715,0.06354369968175885,0.1888,heldout,0.0777790651449478,0.0777790651449478,1.734723475976807e-18,0.0,0.0
272,CEAP,valence,subject,electrodermal_thermal,linear_logistic,20260829,0.25,0.0893478225814014,-0.0318741930584035,18.0,0.0625,0.0128497064095322,-0.0081035923141186,0.0764981161718692,-0.0237706007442849,0.0047811322607418,1.0,0.0165041968741136,0.0261081713847145,0.0482840497636836,0.0408434080921705,0.0436158789640829,0.0199085873033036,-0.0291541541541542,-0.0254004004004003,-0.0037537537537539,0,0.0200883105519874,,,,,,,,,,participant_x_stimulus,-0.0037537537537538634,-0.08240466322749854,0.06050546113401652,0.2346,audit,0.0165041972839945,0.0165041972839945,3.642919299551295e-17,0.0,0.0
273,CEAP,valence,subject,electrodermal_thermal,linear_logistic,20260829,0.5,0.1659129229840012,-0.0309761145287461,18.0,0.0625,0.0128497064095322,-0.0081035923141186,0.153063216574469,-0.0228725222146275,0.0095664510359043,1.0,0.0232022897577425,0.0365590706182126,0.0539895678957649,0.052461365012169,0.0580052517589867,0.0296301478356403,-0.0291541541541542,-0.0254004004004003,-0.0037537537537539,0,0.0278052999220233,,,,,,,,,,participant_x_stimulus,-0.0037537537537538634,-0.07120782136917114,0.05286767575889821,0.2042,audit,0.0232022915798526,0.0232022915798526,3.642919299551295e-17,0.0,0.0
274,CEAP,valence,subject,electrodermal_thermal,linear_logistic,20260829,0.75,0.2397078235252815,0.0086428191691349,18.0,0.0625,0.0128497064095322,-0.0081035923141186,0.2268581171157493,0.0167464114832535,0.0141786323197343,1.0,0.0569182719361241,0.0879368899286887,0.0833102934681337,0.0766698767419738,0.0826260999164014,0.0723685799081178,-0.0341591591591592,-0.0254004004004003,-0.0087587587587589,0,0.0653335694142897,,,,,,,,,,participant_x_stimulus,-0.008758758758758867,-0.07018448300659656,0.0465616836212575,0.1522,audit,0.0569182732666377,0.0569182732666377,3.2959746043559335e-17,0.0,0.0
275,CEAP,valence,subject,electrodermal_thermal,linear_logistic,20260829,1.0,0.3184318255266593,-0.0156594136857294,18.0,0.0625,0.0128497064095322,-0.0081035923141186,0.305582119117127,-0.0075558213716108,0.0190988824448204,1.0,0.0552391832691894,0.0854256386235082,0.0754256508767603,0.0946377498393218,0.0783420370895808,0.0745943929796236,-0.0223973973973974,-0.0254004004004003,0.0030030030030029,0,0.063501469099512,,,,,,,,,,participant_x_stimulus,0.0030030030030029353,-0.07476366087794303,0.0755200289189815,0.3002,audit,0.0552391856516529,0.0552391856516529,3.5128150388530344e-17,0.0,0.0
276,CEAP,valence,subject,minimal_pair,gpu_mlp,20260813,0.25,0.0889430783522299,-0.0237612387612387,18.0,0.1671875,0.0142569083338985,-0.0218725718725718,0.0746861700183314,-0.0018886668886669,0.0124865940499397,4.0,0.035869905728841,0.0561001913165924,0.1029353310428774,0.1071153392164967,0.0679152885598216,0.0409973814504454,-0.0046296296296296,-0.0021271271271271,-0.0025025025025025,0,0.0421151238588238,,,,,,,,,,participant_x_stimulus,-0.0025025025025025016,-0.06407852377742529,0.05643906118348232,0.2316,audit,0.0358699062341343,0.0358699062341343,1.734723475976807e-18,0.0,0.0
277,CEAP,valence,subject,minimal_pair,gpu_mlp,20260813,0.5,0.1629921309846606,-0.0279836829836829,18.0,0.1671875,0.0142569083338985,-0.0218725718725718,0.148735222650762,-0.006111111111111,0.0248666700369242,4.0,0.0483487964931586,0.075069065758397,0.1198583882345516,0.1302688882027218,0.0960000723000876,0.0577915244767155,0.0156406406406406,-0.0021271271271271,0.0177677677677677,0,0.0559495105362033,,,,,,,,,,participant_x_stimulus,0.017767767767767784,-0.06410972978919745,0.09234443791210646,0.4736,audit,0.0483487937134849,0.0483487937134849,8.326672684688674e-17,0.0,0.0
278,CEAP,valence,subject,minimal_pair,gpu_mlp,20260813,0.75,0.2384335803245454,-0.0007409257409257,18.0,0.1671875,0.0142569083338985,-0.0218725718725718,0.2241766719906469,0.0211316461316461,0.0374795373484362,4.0,0.1019359401897665,0.1534947466766743,0.1775669537549054,0.1761202921491027,0.1332575593982038,0.1197310821144086,0.0038788788788788,-0.0021271271271271,0.0060060060060059,0,0.1135121778370776,,,,,,,,,,participant_x_stimulus,0.006006006006005982,-0.07113454323261977,0.0801538148894906,0.3584,audit,0.1019359446080027,0.1019359446080027,8.153200337090993e-17,0.0,0.0
279,CEAP,valence,subject,minimal_pair,gpu_mlp,20260813,1.0,0.3116790829502078,0.0118628593628593,18.0,0.1671875,0.0142569083338985,-0.0218725718725718,0.2974221746163093,0.0337354312354311,0.0497252698186642,4.0,0.1667349562895984,0.2422286546905206,0.2294919978387481,0.2470900917718617,0.1617488832441021,0.1934660766517386,0.0156406406406406,-0.0021271271271271,0.0177677677677677,0,0.1806388620932176,,,,,,,,,,participant_x_stimulus,0.017767767767767784,-0.053362534008920194,0.08573792316019534,0.4652,audit,0.1667349630046653,0.1667349630046653,8.326672684688674e-17,0.0,0.0
280,CEAP,valence,subject,minimal_pair,gpu_mlp,20260829,0.25,0.0893478225814014,-0.0318741930584035,18.0,0.1609375,0.0128497064095322,-0.0081035923141186,0.0764981161718692,-0.0237706007442849,0.0123114155714102,4.0,0.0316732814650034,0.0496586183603623,0.0953092353328484,0.067304523375313,0.0682887889126998,0.0366101054257399,-0.0455455455455455,-0.051051051051051,0.0055055055055054,0,0.0374087269927734,,,,,,,,,,participant_x_stimulus,0.0055055055055054924,-0.05355126336216926,0.07161818463355302,0.302,heldout,0.0316732818789018,0.0316732818789018,9.280770596475918e-17,0.0,0.0
281,CEAP,valence,subject,minimal_pair,gpu_mlp,20260829,0.5,0.1659129229840012,-0.0309761145287461,18.0,0.1609375,0.0128497064095322,-0.0081035923141186,0.153063216574469,-0.0228725222146275,0.0246336114174536,4.0,0.0465259878522855,0.0723154210862554,0.1158837515409284,0.0926818919132991,0.0973404295499252,0.0560877328600835,-0.0299049049049048,-0.051051051051051,0.0211461461461461,1,0.0539420669210089,,,,,,,,,,participant_x_stimulus,0.021146146146146183,-0.041759914439171555,0.08620585203170776,0.505,heldout,0.0465259909756898,0.0465259909756898,8.326672684688674e-17,0.0,0.0
282,CEAP,valence,subject,minimal_pair,gpu_mlp,20260829,0.75,0.2397078235252815,0.0086428191691349,18.0,0.1609375,0.0128497064095322,-0.0081035923141186,0.2268581171157493,0.0167464114832535,0.0365099782233159,4.0,0.1153741391258727,0.1724249384347649,0.1870006843351089,0.1386429937193567,0.1434378332355145,0.1340784123633155,-0.0459209209209209,-0.051051051051051,0.00513013013013,0,0.1276128866653704,,,,,,,,,,participant_x_stimulus,0.005130130130130139,-0.07674129959195852,0.08203463237732644,0.3572,heldout,0.1153741402880762,0.1153741402880762,1.3964523981613297e-16,0.0,0.0
283,CEAP,valence,subject,minimal_pair,gpu_mlp,20260829,1.0,0.3184318255266593,-0.0156594136857294,18.0,0.1609375,0.0128497064095322,-0.0081035923141186,0.305582119117127,-0.0075558213716108,0.0491796222954126,4.0,0.1176679952029325,0.1756278799136666,0.1863349345621526,0.1732572623963052,0.1429600185977935,0.1442167235032021,-0.08008008008008,-0.051051051051051,-0.029029029029029,0,0.1300092504657101,,,,,,,,,,participant_x_stimulus,-0.029029029029028985,-0.11983351334929467,0.06795910857617846,0.143,heldout,0.117667998267977,0.117667998267977,1.3877787807814457e-17,0.0,0.0
284,CEAP,valence,subject,minimal_pair,gpu_mlp,20260911,0.25,0.0922901345956377,-0.0481905521379205,18.0,0.178125,0.0148346058170748,-0.0143540669856459,0.0774555287785629,-0.0338364851522745,0.0137967660636815,4.0,0.0257976130848613,0.0405863564549266,0.0871270551853873,0.0926514325026341,0.0691917899835204,0.0301389548964114,-0.0231481481481481,-0.0492992992992992,0.0261511511511511,1,0.0307639129094389,,,,,,,,,,participant_x_stimulus,0.02615115115115113,-0.04318939037621021,0.09909986853599548,0.5588,audit,0.0257976129447657,0.0257976129447657,3.122502256758253e-17,0.0,0.0
285,CEAP,valence,subject,minimal_pair,gpu_mlp,20260911,0.5,0.1707184500521909,0.0224415204678362,18.0,0.178125,0.0148346058170748,-0.0143540669856459,0.1558838442351161,0.0367955874534821,0.02776680975438,4.0,0.1055313186699305,0.1585875230557153,0.1862527834611057,0.2036551872874027,0.1313286558811815,0.1170499464504313,-0.0265265265265264,-0.0492992992992992,0.0227727727727728,1,0.1172955415078895,,,,,,,,,,participant_x_stimulus,0.022772772772772787,-0.05713830543681979,0.09188678860664368,0.498,audit,0.1055313200425332,0.1055313200425332,1.3877787807814457e-17,0.0,0.0
286,CEAP,valence,subject,minimal_pair,gpu_mlp,20260911,0.75,0.2487942394695739,-0.0212624363940153,18.0,0.178125,0.0148346058170748,-0.0143540669856459,0.2339596336524991,-0.0069083694083693,0.0416740597443514,4.0,0.0825617172317539,0.1256926367816376,0.1626136806521531,0.1651678261374362,0.136670179102895,0.0996478788852531,-0.048048048048048,-0.0492992992992992,0.0012512512512512,0,0.0929758820569409,,,,,,,,,,participant_x_stimulus,0.0012512512512512508,-0.07707034181803465,0.07522588931024059,0.3002,audit,0.0825617166449977,0.0825617166449977,5.074066167232161e-17,0.0,0.0
287,CEAP,valence,subject,minimal_pair,gpu_mlp,20260911,1.0,0.3264888240950164,-0.0122038049669628,18.0,0.178125,0.0148346058170748,-0.0143540669856459,0.3116542182779416,0.0021502620186831,0.0555134076307583,4.0,0.1338657786329385,0.1980136709188341,0.2099209986671142,0.2478214187840361,0.1484539096253295,0.1606567677142118,-0.0307807807807807,-0.0492992992992992,0.0185185185185185,0,0.146850156221026,,,,,,,,,,participant_x_stimulus,0.01851851851851849,-0.05151914171874523,0.09316303320229044,0.449,audit,0.1338657854764682,0.1338657854764682,1.0408340855860843e-17,0.0,0.0
288,CEAP,valence,subject,minimal_pair,linear_logistic,20260923,0.25,0.0881614856720154,-0.0148018648018648,18.0,0.171875,0.0177189592529149,0.0174825174825174,0.0704425264191005,-0.0322843822843822,0.0121073092282828,1.0,0.0258354978020243,0.040645053636078,0.0725819766247388,0.0780954473112135,0.0429843145264518,0.0295221791531898,0.0113863863863864,0.0122622622622622,-0.0008758758758757,0,0.0308069864602049,,,,,,,,,,participant_x_stimulus,-0.0008758758758758423,-0.053127937670797105,0.05217512501403689,0.182,audit,0.0258354986946392,0.0258354986946392,1.4224732503009818e-16,0.0,0.0
289,CEAP,valence,subject,minimal_pair,linear_logistic,20260923,0.5,0.1588573406641079,-0.1022824397824397,18.0,0.171875,0.0177189592529149,0.0174825174825174,0.141138381411193,-0.1197649572649571,0.0242581593050487,1.0,0.0097868021850714,0.0155436288991042,0.0415925882028076,0.0645976990822044,0.0605940882253376,0.0125234698483983,-0.0096346346346346,0.0122622622622622,-0.0218968968968968,0,0.0121926102186887,,,,,,,,,,participant_x_stimulus,-0.021896896896896945,-0.08563776407390833,0.04636081419885154,0.104,audit,0.0097868016518557,0.0097868016518557,1.457167719820518e-16,0.0,0.0
290,CEAP,valence,subject,minimal_pair,linear_logistic,20260923,0.75,0.2287343904870072,-0.0314491064491064,18.0,0.171875,0.0177189592529149,0.0174825174825174,0.2110154312340923,-0.0489316239316238,0.0362682772433596,1.0,0.0404319818182832,0.0630669278474778,0.091776660387129,0.0912082557193372,0.0844544262118652,0.0500997275308908,0.0211461461461461,0.0122622622622622,0.0088838838838839,0,0.0471986890618915,,,,,,,,,,participant_x_stimulus,0.008883883883883892,-0.05873406594619155,0.07788596544414754,0.365,audit,0.0404319808775182,0.0404319808775182,8.673617379884035e-18,0.0,0.0
291,CEAP,valence,subject,minimal_pair,linear_logistic,20260923,1.0,0.300144561231455,-0.0719794094794094,18.0,0.171875,0.0177189592529149,0.0174825174825174,0.2824256019785401,-0.0894619269619268,0.0485419003400615,1.0,0.0314845907443273,0.0493682438506997,0.0791835914234695,0.0970934725064401,0.0944989323225129,0.0415359430767176,0.0156406406406406,0.0122622622622622,0.0033783783783784,0,0.0371963841726964,,,,,,,,,,participant_x_stimulus,0.003378378378378344,-0.05632960321381688,0.06478696204721926,0.2766,audit,0.0314845928802575,0.0314845928802575,5.594483210025203e-17,0.0,0.0
292,CEAP,valence,subject,minimal_pair,linear_logistic,20261007,0.25,0.0907505519581659,0.0009391534391534,18.0,0.1624999999999999,0.0153315499003969,-0.0066666666666666,0.075419002057769,0.00760582010582,0.0122555878343874,1.0,0.0328987079842745,0.0515428508465523,0.0819891342215377,0.081767911804818,0.043837659156687,0.0373320287325574,0.0261511511511511,-0.0307807807807807,0.0569319319319318,1,0.0387861847915551,,,,,,,,,,participant_x_stimulus,0.05693193193193197,-0.007149287173524498,0.12133473344147205,0.882,heldout,0.0328987078724121,0.0328987078724121,1.6653345369377348e-16,0.0,0.0
293,CEAP,valence,subject,minimal_pair,linear_logistic,20261007,0.5,0.1646075191926067,0.016056536056536,18.0,0.1624999999999999,0.0153315499003969,-0.0066666666666666,0.1492759692922098,0.0227232027232026,0.024257345009984,1.0,0.0587199712063669,0.0906261044694881,0.111653335735095,0.1251978833806821,0.0756740480515142,0.0678277537891101,0.010135135135135,-0.0307807807807807,0.0409159159159157,1,0.0672960770406628,,,,,,,,,,participant_x_stimulus,0.04091591591591587,-0.013942686235532164,0.10482489969581364,0.7652,heldout,0.0587199705152388,0.0587199705152388,1.6653345369377348e-16,0.0,0.0
294,CEAP,valence,subject,minimal_pair,linear_logistic,20261007,0.75,0.2393148677439981,0.0362376512376512,18.0,0.1624999999999999,0.0153315499003969,-0.0066666666666666,0.2239833178436012,0.0429043179043178,0.0363972891495851,1.0,0.1104975694285197,0.1655883527671495,0.1565692697185152,0.1542827328088688,0.1386172900811259,0.1261531246850108,0.003003003003003,-0.0307807807807807,0.0337837837837837,1,0.1225083836555598,,,,,,,,,,participant_x_stimulus,0.03378378378378383,-0.02891645678319037,0.10397584624588488,0.6722,heldout,0.1104975701351975,0.1104975701351975,1.249000902703301e-16,0.0,0.0
295,CEAP,valence,subject,minimal_pair,linear_logistic,20261007,1.0,0.3139176089594213,0.0084093684093684,18.0,0.1624999999999999,0.0153315499003969,-0.0066666666666666,0.2985860590590243,0.015076035076035,0.0485202345970914,1.0,0.1054832521175664,0.158519573780816,0.150569988874622,0.1621134828831804,0.1023427336831183,0.1265228497090471,0.0168918918918918,-0.0307807807807807,0.0476726726726725,1,0.1172450149568861,,,,,,,,,,participant_x_stimulus,0.04767267267267267,-0.013237346545793116,0.11438597496598958,0.802,heldout,0.1054832549213201,0.1054832549213201,1.6653345369377348e-16,0.0,0.0
296,CEAP,valence,subject,wearable_all,gpu_mlp,20260813,0.25,0.0889430783522299,-0.0237612387612387,36.0,0.2921875,0.0142569083338985,-0.0218725718725718,0.0746861700183314,-0.0018886668886669,0.0218223653022312,4.0,0.0458564739970767,0.0713025477951513,0.1382665533752901,0.170338351285898,0.0721514547859019,0.050455088605166,-0.0206456456456456,-0.0176426426426426,-0.003003003003003,0,0.0532036667833908,,,,,,,,,,participant_x_stimulus,-0.003003003003002991,-0.06594599895179272,0.0645386323332786,0.2504,audit,0.0458564748840992,0.0458564748840992,9.107298248878237e-18,0.0,0.0
297,CEAP,valence,subject,wearable_all,gpu_mlp,20260813,0.5,0.1629921309846606,-0.0279836829836829,36.0,0.2921875,0.0142569083338985,-0.0218725718725718,0.148735222650762,-0.006111111111111,0.0434585728682695,4.0,0.065422951916926,0.1005820356426424,0.1772984050553218,0.2029177146988627,0.1078481243800101,0.0738934819803299,-0.0188938938938939,-0.0176426426426426,-0.0012512512512512,0,0.0745681691352391,,,,,,,,,,participant_x_stimulus,-0.0012512512512512508,-0.0634363666176796,0.0647038822993636,0.255,audit,0.0654229482002373,0.0654229482002373,5.074066167232161e-17,0.0,0.0
298,CEAP,valence,subject,wearable_all,gpu_mlp,20260813,0.75,0.2384335803245454,-0.0007409257409257,36.0,0.2921875,0.0142569083338985,-0.0218725718725718,0.2241766719906469,0.0211316461316461,0.0655016213472671,4.0,0.1431167359360942,0.2106196586339528,0.2793210884006096,0.2828275066350685,0.15747047831072,0.1547908747680424,0.0005005005005004,-0.0176426426426426,0.0181431431431429,0,0.1564091341284232,,,,,,,,,,participant_x_stimulus,0.018143143143143137,-0.056391306780278684,0.09335444793105123,0.487,audit,0.143116740619913,0.143116740619913,2.3592239273284576e-16,0.0,0.0
299,CEAP,valence,subject,wearable_all,gpu_mlp,20260813,1.0,0.3116790829502078,0.0118628593628593,36.0,0.2921875,0.0142569083338985,-0.0218725718725718,0.2974221746163093,0.0337354312354311,0.0869030416457028,4.0,0.2388701116969718,0.3339357941741714,0.3766741302710213,0.3930904900003355,0.2000184811732102,0.2503265018976591,0.0051301301301301,-0.0176426426426426,0.0227727727727727,1,0.2533713210456416,,,,,,,,,,participant_x_stimulus,0.022772772772772787,-0.0486111119389534,0.09030812829732893,0.5428,audit,0.2388701196704793,0.2388701196704793,8.673617379884035e-17,0.0,0.0
300,CEAP,valence,subject,wearable_all,gpu_mlp,20260829,0.25,0.0893478225814014,-0.0318741930584035,36.0,0.296875,0.0128497064095322,-0.0081035923141186,0.0764981161718692,-0.0237706007442849,0.0227103782385236,4.0,0.0414892261815482,0.0646761539081027,0.1320935686384986,0.1500751490846545,0.0730465537726777,0.0459738890905054,0.0037537537537537,-0.0222722722722722,0.0260260260260259,1,0.0483723051284617,,,,,,,,,,participant_x_stimulus,0.026026026026025995,-0.04315563002601266,0.0925206733867526,0.5586,heldout,0.041489225576344,0.041489225576344,9.367506770274758e-17,0.0,0.0
301,CEAP,valence,subject,wearable_all,gpu_mlp,20260829,0.5,0.1659129229840012,-0.0309761145287461,36.0,0.296875,0.0128497064095322,-0.0081035923141186,0.153063216574469,-0.0228725222146275,0.0454406424205454,4.0,0.0649235598703714,0.0998429357704118,0.1787324140472846,0.2000175144157295,0.1108462775776197,0.0734935009622548,-0.0138888888888888,-0.0222722722722722,0.0083833833833834,0,0.0740279001547529,,,,,,,,,,participant_x_stimulus,0.008383383383383403,-0.06062930533662438,0.07688750345259902,0.3396,heldout,0.0649235625293688,0.0649235625293688,3.469446951953614e-18,0.0,0.0
302,CEAP,valence,subject,wearable_all,gpu_mlp,20260829,0.75,0.2397078235252815,0.0086428191691349,36.0,0.296875,0.0128497064095322,-0.0081035923141186,0.2268581171157493,0.0167464114832535,0.067348503518738,4.0,0.1659798549284201,0.2412306366092916,0.3039703765818413,0.3058551365600613,0.1719158192380657,0.1764489542184617,-0.0096346346346346,-0.0222722722722722,0.0126376376376376,0,0.1798678405277182,,,,,,,,,,participant_x_stimulus,0.012637637637637589,-0.08202294595539569,0.10207681450992821,0.4146,heldout,0.1659798529615254,0.1659798529615254,1.0408340855860843e-17,0.0,0.0
303,CEAP,valence,subject,wearable_all,gpu_mlp,20260829,1.0,0.3184318255266593,-0.0156594136857294,36.0,0.296875,0.0128497064095322,-0.0081035923141186,0.305582119117127,-0.0075558213716108,0.0907196916128971,4.0,0.1798257778521286,0.2594015081854048,0.3340831890583159,0.4135635812470371,0.1822131357358084,0.1951074341867042,-0.0147647647647647,-0.0222722722722722,0.0075075075075075,0,0.1939703087647927,,,,,,,,,,participant_x_stimulus,0.007507507507507505,-0.060227119270712136,0.07898924518376578,0.346,heldout,0.1798257797510763,0.1798257797510763,5.204170427930421e-18,0.0,0.0
304,CEAP,valence,subject,wearable_all,gpu_mlp,20260911,0.25,0.0922901345956377,-0.0481905521379205,36.0,0.3140625,0.0148346058170748,-0.0143540669856459,0.0774555287785629,-0.0338364851522745,0.0243258770070174,4.0,0.033885962594184,0.0530588994387181,0.1213618923985504,0.1483840875916139,0.0740696522644654,0.03790342443999,-0.0160160160160159,-0.0096346346346346,-0.0063813813813813,0,0.0398939821669522,,,,,,,,,,participant_x_stimulus,-0.006381381381381335,-0.0675608130171895,0.06363849584013216,0.2078,audit,0.0338859615844156,0.0338859615844156,3.469446951953614e-17,0.0,0.0
305,CEAP,valence,subject,wearable_all,gpu_mlp,20260911,0.5,0.1707184500521909,0.0224415204678362,36.0,0.3140625,0.0148346058170748,-0.0143540669856459,0.1558838442351161,0.0367955874534821,0.0489572698300911,4.0,0.1440728060075463,0.2119151502997613,0.2764025404390444,0.3068100152627799,0.1491117952554594,0.1497349538145693,-0.0412912912912912,-0.0096346346346346,-0.0316566566566566,0,0.1573947293132143,,,,,,,,,,participant_x_stimulus,-0.03165665665665662,-0.10567828994244337,0.05177369527518739,0.1032,audit,0.1440728039724085,0.1440728039724085,2.0816681711721685e-17,0.0,0.0
306,CEAP,valence,subject,wearable_all,gpu_mlp,20260911,0.75,0.2487942394695739,-0.0212624363940153,36.0,0.3140625,0.0148346058170748,-0.0143540669856459,0.2339596336524991,-0.0069083694083693,0.073477947443988,4.0,0.1214555546558143,0.180898582315756,0.2719313053105759,0.283060712168318,0.1649866336310887,0.1334744368119229,-0.0243993993993994,-0.0096346346346346,-0.0147647647647648,0,0.1339596639546849,,,,,,,,,,participant_x_stimulus,-0.014764764764764793,-0.08246393576264381,0.058219320792704816,0.1678,audit,0.1214555506794738,0.1214555506794738,6.938893903907228e-18,0.0,0.0
307,CEAP,valence,subject,wearable_all,gpu_mlp,20260911,1.0,0.3264888240950164,-0.0122038049669628,36.0,0.3140625,0.0148346058170748,-0.0143540669856459,0.3116542182779416,0.0021502620186831,0.097878902927916,4.0,0.2035460993141352,0.2899081904899952,0.3704847129059737,0.4331286839003967,0.1897659426611354,0.2162658536254057,-0.0206456456456456,-0.0096346346346346,-0.011011011011011,0,0.2179678686445383,,,,,,,,,,participant_x_stimulus,-0.011011011011010985,-0.07310636583715677,0.05580770419910549,0.1688,audit,0.2035461031947562,0.2035461031947562,1.5612511283791264e-17,0.0,0.0
308,CEAP,valence,subject,wearable_all,gpu_mlp,20260923,0.25,0.0881614856720154,-0.0148018648018648,36.0,0.3078125,0.0177189592529149,0.0174825174825174,0.0704425264191005,-0.0322843822843822,0.0216830901633793,4.0,0.0526061202466292,0.0814777838384018,0.1510349785605069,0.1874366043034924,0.0709811706988371,0.0569544652357688,0.0455455455455455,0.0341591591591591,0.0113863863863864,0,0.0606221433152215,,,,,,,,,,participant_x_stimulus,0.011386386386386449,-0.0755369234830141,0.09745854102075097,0.4096,heldout,0.0526061209950977,0.0526061209950977,4.85722573273506e-17,0.0,0.0
309,CEAP,valence,subject,wearable_all,gpu_mlp,20260923,0.5,0.1588573406641079,-0.1022824397824397,36.0,0.3078125,0.0177189592529149,0.0174825174825174,0.141138381411193,-0.1197649572649571,0.0434441580281328,4.0,0.0216478590796471,0.0341410827705766,0.1008615986732218,0.1568196612760152,0.1050053842842506,0.0262923781649808,0.0489239239239239,0.0341591591591591,0.0147647647647648,0,0.0260254844719728,,,,,,,,,,participant_x_stimulus,0.014764764764764848,-0.06592225022614003,0.09099531434476371,0.436,heldout,0.0216478573953426,0.0216478573953426,4.85722573273506e-17,0.0,0.0
310,CEAP,valence,subject,wearable_all,gpu_mlp,20260923,0.75,0.2287343904870072,-0.0314491064491064,36.0,0.3078125,0.0177189592529149,0.0174825174825174,0.2110154312340923,-0.0489316239316238,0.064953187426744,4.0,0.0915594224537837,0.1386802900099916,0.2287337295598825,0.2234912174943284,0.1520173618715234,0.1030312200840529,0.0227727727727727,0.0341591591591591,-0.0113863863863863,0,0.1025459589983877,,,,,,,,,,participant_x_stimulus,-0.011386386386386338,-0.11689045801758766,0.09086272586137037,0.2586,heldout,0.0915594186687497,0.0915594186687497,3.8163916471489756e-17,0.0,0.0
311,CEAP,valence,subject,wearable_all,gpu_mlp,20260923,1.0,0.300144561231455,-0.0719794094794094,36.0,0.3078125,0.0177189592529149,0.0174825174825174,0.2824256019785401,-0.0894619269619268,0.0869341306090193,4.0,0.0768104055316671,0.1173210087813611,0.2232104975815699,0.2595963897009612,0.1783148593424358,0.0911380805622907,0.0282782782782783,0.0341591591591591,-0.0058808808808807,0,0.0868263535215753,,,,,,,,,,participant_x_stimulus,-0.00588088088088079,-0.11902338843792676,0.10525884702801701,0.3148,heldout,0.0768104079614147,0.0768104079614147,9.020562075079397e-17,0.0,0.0
312,CEAP,valence,subject,wearable_all,gpu_mlp,20261007,0.25,0.0907505519581659,0.0009391534391534,36.0,0.28125,0.0153315499003969,-0.0066666666666666,0.075419002057769,0.00760582010582,0.0212115943287475,4.0,0.0646157651223888,0.0993871891214116,0.1636024952913508,0.1585457278730973,0.072058958193611,0.0688885469563154,-0.0012512512512512,-0.0265265265265264,0.0252752752752752,1,0.0736947925640141,,,,,,,,,,participant_x_stimulus,0.025275275275275177,-0.05979572664946318,0.11136912535876035,0.5522,audit,0.0646157643927901,0.0646157643927901,2.0816681711721685e-17,0.0,0.0
313,CEAP,valence,subject,wearable_all,gpu_mlp,20261007,0.5,0.1646075191926067,0.016056536056536,36.0,0.28125,0.0153315499003969,-0.0066666666666666,0.1492759692922098,0.0227232027232026,0.041983866363434,4.0,0.1186823284492275,0.1770415927722055,0.2363584060229651,0.2311480167088981,0.1284698285682271,0.1264280055037052,0.0021271271271272,-0.0265265265265264,0.0286536536536536,1,0.1310679724429813,,,,,,,,,,participant_x_stimulus,0.028653653653653688,-0.05831564869731665,0.11403573416173457,0.5808,audit,0.1186823261975789,0.1186823261975789,8.673617379884035e-17,0.0,0.0
314,CEAP,valence,subject,wearable_all,gpu_mlp,20261007,0.75,0.2393148677439981,0.0362376512376512,36.0,0.28125,0.0153315499003969,-0.0066666666666666,0.2239833178436012,0.0429043179043178,0.0629953081435128,4.0,0.2219480890330973,0.3130490570606763,0.3398058697300619,0.2839283065551924,0.2356058905518999,0.2295949348885421,-0.0530530530530529,-0.0265265265265264,-0.0265265265265264,0,0.2364574524700353,,,,,,,,,,participant_x_stimulus,-0.02652652652652654,-0.11448742616921663,0.06356882303953171,0.1508,audit,0.2219480887736463,0.2219480887736463,1.3877787807814457e-16,0.0,0.0
315,CEAP,valence,subject,wearable_all,gpu_mlp,20261007,1.0,0.3139176089594213,0.0084093684093684,36.0,0.28125,0.0153315499003969,-0.0066666666666666,0.2985860590590243,0.015076035076035,0.0839773291103506,4.0,0.2236236134553176,0.3151337675663604,0.3562040720438915,0.3144568497504971,0.1884944520572597,0.2372430565770059,-0.005005005005005,-0.0265265265265264,0.0215215215215214,1,0.2381358318967308,,,,,,,,,,participant_x_stimulus,0.021521521521521425,-0.08331715576350689,0.12070539258420462,0.504,audit,0.2236236192829971,0.2236236192829971,2.42861286636753e-17,0.0,0.0
316,CEAP,valence,subject,wearable_all,linear_logistic,20260923,0.25,0.0881614856720154,-0.0148018648018648,36.0,0.3078125,0.0177189592529149,0.0174825174825174,0.0704425264191005,-0.0322843822843822,0.0216830901633793,1.0,0.0337181759689195,0.0528013673476485,0.1005796930589046,0.1266079436012482,0.0458148087102949,0.0368401012085218,0.0286536536536536,0.0375375375375375,-0.0088838838838839,0,0.0397058287757892,,,,,,,,,,participant_x_stimulus,-0.008883883883883947,-0.07179725132882595,0.05252067949622866,0.1426,audit,0.0337181764582188,0.0337181764582188,4.683753385137379e-17,0.0,0.0
317,CEAP,valence,subject,wearable_all,linear_logistic,20260923,0.5,0.1588573406641079,-0.1022824397824397,36.0,0.3078125,0.0177189592529149,0.0174825174825174,0.141138381411193,-0.1197649572649571,0.0434441580281328,1.0,0.013714406121891,0.0217308404395417,0.0658670011883354,0.1046474562456301,0.0686673869358291,0.0165328517655828,0.0291541541541541,0.0375375375375375,-0.0083833833833834,0,0.0168320855794649,,,,,,,,,,participant_x_stimulus,-0.008383383383383403,-0.07575912456959485,0.053802999481558776,0.1594,audit,0.0137144050461935,0.0137144050461935,3.469446951953614e-18,0.0,0.0
318,CEAP,valence,subject,wearable_all,linear_logistic,20260923,0.75,0.2287343904870072,-0.0314491064491064,36.0,0.3078125,0.0177189592529149,0.0174825174825174,0.2110154312340923,-0.0489316239316238,0.064953187426744,1.0,0.0595648350788079,0.0918852207981127,0.1571261070759149,0.1531673645543111,0.1012509777586375,0.0678409622528429,0.0206456456456456,0.0375375375375375,-0.0168918918918919,0,0.0682151711228796,,,,,,,,,,participant_x_stimulus,-0.01689189189189194,-0.07884695045650005,0.039366284850984756,0.0838,audit,0.0595648325296952,0.0595648325296952,4.163336342344337e-17,0.0,0.0
319,CEAP,valence,subject,wearable_all,linear_logistic,20260923,1.0,0.300144561231455,-0.0719794094794094,36.0,0.3078125,0.0177189592529149,0.0174825174825174,0.2824256019785401,-0.0894619269619268,0.0869341306090193,1.0,0.0496878280194613,0.0770881764349963,0.1529889965082315,0.1805532879138797,0.1200092625026678,0.0591570819941615,0.0387887887887887,0.0375375375375375,0.0012512512512511,0,0.0574215240672081,,,,,,,,,,participant_x_stimulus,0.0012512512512511398,-0.09281562119722367,0.08409592937678091,0.3044,audit,0.0496878296374166,0.0496878296374166,3.968179951296946e-17,0.0,0.0
0,DREAMER,arousal,subject,all,gpu_mlp,20260813,0.25,,0.0225685197155785,,0.4746376811594203,0.0034557760602305,0.0166453546453546,0.0640908557607918,0.0059231650702239,0.030419935161825,4.0,0.1167296901882986,0.1231232946661454,0.0857408931161139,0.1141192166978193,0.1167296901882986,0.1160155652681537,0.028513503900599924,-0.0021933464538922975,0.03070685035449222,1,,0.0675466318210223,,,,,,,,,participant_x_stimulus,0.03070685035449222,-0.037852191273123025,0.10137963481247421,0.62,audit,0.1167296907973611,0.1167296907973611,0.0,0.0,0.0
1,DREAMER,arousal,subject,all,gpu_mlp,20260813,0.5,,0.069341219238278,,0.4746376811594203,0.0034557760602305,0.0166453546453546,0.1279298441272666,0.0526958645929234,0.0607203245676519,4.0,0.3013270236103755,0.3142344491453886,0.4314166842868059,0.4337409344004867,0.3013270236103755,0.3055559085912206,0.027280487515709106,-0.0021933464538922975,0.029473833969601404,1,,0.1313856201874971,,,,,,,,,participant_x_stimulus,0.029473833969601404,-0.04152637990191579,0.10083994865417478,0.6048,audit,0.3013270267146105,0.3013270267146105,0.0,0.0,0.0
2,DREAMER,arousal,subject,all,gpu_mlp,20260813,0.75,,0.0356293477764066,,0.4746376811594203,0.0034557760602305,0.0166453546453546,0.1894091952447771,0.0189839931310519,0.0899007412212529,4.0,0.285698181500273,0.2982218950519825,0.2218102219347024,0.2239017895125695,0.285698181500273,0.354478242766437,0.050885637730301414,-0.0021933464538922975,0.05307898418419371,1,,0.1928649713050076,,,,,,,,,participant_x_stimulus,0.05307898418419371,-0.01681718649342656,0.12906521894037723,0.831,audit,0.2856981837035058,0.2856981837035058,0.0,0.0,0.0
3,DREAMER,arousal,subject,all,gpu_mlp,20260813,1.0,,0.0548835935306523,,0.4746376811594203,0.0034557760602305,0.0166453546453546,0.2559965213612276,0.0382382388852977,0.121505595283771,4.0,0.4655388945622001,0.4806414011270896,0.4510151385704517,0.6199813059518322,0.4302455240303649,0.625616823898911,0.05211865411519223,-0.0021933464538922975,0.05431200056908453,1,,0.2594522974214581,,,,,,,,,participant_x_stimulus,0.05431200056908453,-0.013865709025412797,0.1295837692916392,0.8376,audit,0.4655388922705147,0.4655388922705147,0.0,0.0,0.0
4,DREAMER,arousal,subject,all,gpu_mlp,20260829,0.25,,0.0660975413475413,,0.4770531400966183,0.0040659945590995,0.0368342213342213,0.0608573567168556,0.02926332001332,0.0290321931197559,4.0,0.2024267160169575,0.2123855256176161,0.3395594672421579,0.3606858730224817,0.2024267160169575,0.2036857145401518,0.014725061058022848,0.017487491997249416,-0.002762430939226568,0,,0.0649233512759551,,,,,,,,,participant_x_stimulus,-0.002762430939226568,-0.08348804917186499,0.06566137522459026,0.2662,heldout,0.2024267164889975,0.2024267164889975,0.0,0.0,0.0
5,DREAMER,arousal,subject,all,gpu_mlp,20260829,0.5,,0.0698461538461538,,0.4770531400966183,0.0040659945590995,0.0368342213342213,0.1215232237298377,0.0330119325119325,0.0579730354749829,4.0,0.2944680500864599,0.3072108615106413,0.4450374760817748,0.4457311909045731,0.2944680500864599,0.2982045854486019,0.048763426837075796,0.017487491997249416,0.03127593483982638,1,,0.1255892182889372,,,,,,,,,participant_x_stimulus,0.03127593483982638,-0.031084858207032082,0.08557622730731955,0.6508,heldout,0.2944680530546429,0.2944680530546429,0.0,0.0,0.0
6,DREAMER,arousal,subject,all,gpu_mlp,20260829,0.75,,0.063834249084249,,0.4770531400966183,0.0040659945590995,0.0368342213342213,0.1795548267201017,0.0270000277500277,0.0856571939063287,4.0,0.3668004450827992,0.3809831249959355,0.4600312631684102,0.4551826878606642,0.3668004450827992,0.378688865779735,0.07088658620444366,0.017487491997249416,0.05339909420719424,1,,0.1836208212792012,,,,,,,,,participant_x_stimulus,0.05339909420719424,-0.016901337541639805,0.12134811524301754,0.8222,heldout,0.3668004438637797,0.3668004438637797,0.0,0.0,0.0
7,DREAMER,arousal,subject,all,gpu_mlp,20260829,1.0,,0.0761202686202686,,0.4770531400966183,0.0040659945590995,0.0368342213342213,0.243333275296158,0.0392860472860473,0.116082903070027,4.0,0.5263885007097229,0.5414651445484638,0.6511724110839362,0.6860107916275731,0.5041951708023098,0.5971430249464177,0.06595452066488039,0.017487491997249416,0.048467028667630974,1,,0.2473992698552575,,,,,,,,,participant_x_stimulus,0.048467028667630974,-0.020370231941342354,0.11782905478030438,0.7794,heldout,0.5263884997928169,0.5263884997928169,0.0,0.0,0.0
8,DREAMER,arousal,subject,all,gpu_mlp,20260911,0.25,,0.039999777999778,,0.4806763285024155,0.0048410381751141,0.0244167499167499,0.0637247610889065,0.015583028083028,0.0306309841949091,4.0,0.1485888462600274,0.156418443161846,0.1754906147250055,0.1989342503027504,0.1485888462600274,0.149013957680428,0.00064022004600095,-0.031275934839826436,0.031916154885827386,1,,0.0685657992640206,,,,,,,,,participant_x_stimulus,0.031916154885827386,-0.03723044767975807,0.09988559409976001,0.6344,audit,0.1485888470679227,0.1485888470679227,0.0,0.0,0.0
9,DREAMER,arousal,subject,all,gpu_mlp,20260911,0.5,,0.0334678099678099,,0.4806763285024155,0.0048410381751141,0.0244167499167499,0.1266048790464778,0.00905106005106,0.0608559684305533,4.0,0.1995361663634495,0.2093901026964268,0.1860646863167629,0.1909375893633816,0.1995361663634495,0.2040096558560757,0.02579849666848455,-0.031275934839826436,0.057074431508310985,1,,0.131445917221592,,,,,,,,,participant_x_stimulus,0.057074431508310985,-0.003273069346323605,0.11874061953276394,0.8818,audit,0.1995361705093999,0.1995361705093999,0.0,0.0,0.0
10,DREAMER,arousal,subject,all,gpu_mlp,20260911,0.75,,0.0591943056943056,,0.4806763285024155,0.0048410381751141,0.0244167499167499,0.1875418999391664,0.0347775557775557,0.0901469519031259,4.0,0.3660107371990596,0.3801812133226441,0.4530113157341661,0.4722583515534819,0.3660107371990596,0.3854326903671614,0.012282740141796866,-0.031275934839826436,0.0435586749816233,1,,0.1923829381142806,,,,,,,,,participant_x_stimulus,0.0435586749816233,-0.01864637527614832,0.10919684115797276,0.7722,audit,0.366010735836348,0.366010735836348,0.0,0.0,0.0
11,DREAMER,arousal,subject,all,gpu_mlp,20260911,1.0,,0.0502458097458097,,0.4806763285024155,0.0048410381751141,0.0244167499167499,0.2547349525098659,0.0258290598290598,0.1224450617136795,4.0,0.4504742057759664,0.465513679617492,0.4533872694803977,0.6931111632922529,0.4150467801667319,0.6244794421267176,0.021186541151921867,-0.031275934839826436,0.0524624759917483,1,,0.25957599068498,,,,,,,,,participant_x_stimulus,0.0524624759917483,-0.020583883952349422,0.13162444792687877,0.8006,audit,0.4504742090434672,0.4504742090434672,0.0,0.0,0.0
12,DREAMER,arousal,subject,all,gpu_mlp,20260923,0.25,,0.0050813908313908,,0.4698067632850242,0.0049651738985841,0.026031191031191,0.0574958566305408,-0.0209498001998002,0.0270119423058941,4.0,0.0870320233197676,0.0919683723137018,0.0395436908818792,0.0610289344820879,0.0870320233197676,0.0850826718809181,0.016870983804804007,-0.009200199179569934,0.026071182984373942,1,,0.0624610305291249,,,,,,,,,participant_x_stimulus,0.026071182984373942,-0.04215287324041128,0.09494662266224621,0.5706,heldout,0.0870320220229397,0.0870320220229397,0.0,0.0,0.0
13,DREAMER,arousal,subject,all,gpu_mlp,20260923,0.5,,0.0631631146631146,,0.4698067632850242,0.0049651738985841,0.026031191031191,0.114627088311574,0.0371319236319235,0.0538525813444472,4.0,0.2604427888886638,0.2722814250992627,0.3295099217565881,0.2616983653670039,0.2604427888886638,0.2644563442049246,0.027304199369264648,-0.009200199179569934,0.03650439854883458,1,,0.1195922622101581,,,,,,,,,participant_x_stimulus,0.03650439854883458,-0.033949023485183714,0.10408105831593267,0.6856,heldout,0.2604427889975916,0.2604427889975916,0.0,0.0,0.0
14,DREAMER,arousal,subject,all,gpu_mlp,20260923,0.75,,0.0508797591297591,,0.4698067632850242,0.0049651738985841,0.026031191031191,0.1719910903671788,0.0248485680985681,0.0808025774792664,4.0,0.3057004653759592,0.3187097716291274,0.2883570549421965,0.2874518968567626,0.3057004653759592,0.3199016607616724,0.007967182794679006,-0.009200199179569934,0.01716738197424894,0,,0.176956264265763,,,,,,,,,participant_x_stimulus,0.01716738197424894,-0.053044776804745196,0.08695685286074877,0.4646,heldout,0.3057004681472627,0.3057004681472627,0.0,0.0,0.0
15,DREAMER,arousal,subject,all,gpu_mlp,20260923,1.0,,0.055748667998668,,0.4698067632850242,0.0049651738985841,0.026031191031191,0.2301001243737248,0.0297174769674769,0.1081025946635011,4.0,0.4189536241699869,0.4337714213353733,0.3914895322648465,0.4101675829806537,0.409981028412069,0.5542887027567103,0.015341569250468257,-0.009200199179569934,0.02454176843003819,1,,0.2350652982723089,,,,,,,,,participant_x_stimulus,0.02454176843003819,-0.041951573453843594,0.09208227060735225,0.5654,heldout,0.418953624308241,0.418953624308241,0.0,0.0,0.0
16,DREAMER,arousal,subject,all,gpu_mlp,20261007,0.25,,0.0404920634920634,,0.4975845410628019,0.0047772003444623,0.0351082251082251,0.059804999923114,0.0053838383838382,0.0297580434400035,4.0,0.1501091292054385,0.1580039638184892,0.2488024002996441,0.2494064244610679,0.1501091292054385,0.1504348602288433,0.02086643112892128,-0.0005927963388898672,0.02145922746781115,1,,0.0645822002675763,,,,,,,,,participant_x_stimulus,0.02145922746781115,-0.04452139213681221,0.08607350662350642,0.5026,audit,0.1501091296056234,0.1501091296056234,0.0,0.0,0.0
17,DREAMER,arousal,subject,all,gpu_mlp,20261007,0.5,,0.0506955266955266,,0.4975845410628019,0.0047772003444623,0.0351082251082251,0.1190336895364602,0.0155873015873014,0.0592293237790115,4.0,0.2425528469720166,0.2538574180230185,0.4042861903386911,0.4114093650281892,0.2425528469720166,0.2473811294705462,0.05431200056908447,-0.0005927963388898672,0.05490479690797434,1,,0.1238108898809225,,,,,,,,,participant_x_stimulus,0.05490479690797434,-0.006690093234647065,0.11387463491410016,0.867,audit,0.2425528488543829,0.2425528488543829,0.0,0.0,0.0
18,DREAMER,arousal,subject,all,gpu_mlp,20261007,0.75,,0.0407207792207792,,0.4975845410628019,0.0047772003444623,0.0351082251082251,0.1805882899128791,0.005612554112554,0.0898579413576161,4.0,0.3020209838704941,0.314944734396501,0.3955511185165143,0.373876554612887,0.3020209838704941,0.3331022397113196,0.01474877291157839,-0.0005927963388898672,0.015341569250468257,0,,0.1853654902573414,,,,,,,,,participant_x_stimulus,0.015341569250468257,-0.0507653827778995,0.07624130547046659,0.4406,audit,0.3020209869409901,0.3020209869409901,0.0,0.0,0.0
19,DREAMER,arousal,subject,all,gpu_mlp,20261007,1.0,,0.0453968253968253,,0.4975845410628019,0.0047772003444623,0.0351082251082251,0.2391013461612817,0.0102886002886001,0.1189731335971595,4.0,0.4174610810281094,0.4322653619380414,0.5198208516941416,0.5484386817730372,0.3999966566137536,0.5893067159789981,0.013492044673132086,-0.0005927963388898672,0.014084841012021954,0,,0.2438785465057441,,,,,,,,,participant_x_stimulus,0.014084841012021954,-0.06414116192609072,0.08562611844390629,0.419,audit,0.41746108792061,0.41746108792061,0.0,0.0,0.0
20,DREAMER,arousal,subject,all,linear_logistic,20260813,0.25,,0.0225685197155785,,0.4746376811594203,0.0034557760602305,0.0166453546453546,0.0640908557607918,0.0059231650702239,0.030419935161825,1.0,0.0766820220203571,0.0810834694689991,0.0556804736672069,0.0748912139814969,0.0766820220203571,0.0745355026401797,-0.003995447324117385,-0.0061650819244540855,0.0021696346003367006,0,,0.0675466318210223,,,,,,,,,participant_x_stimulus,0.0021696346003367006,-0.06306836549192667,0.06841236706823105,0.2968,heldout,0.0766820224386031,0.0766820224386031,0.0,0.0,0.0
21,DREAMER,arousal,subject,all,linear_logistic,20260813,0.5,,0.069341219238278,,0.4746376811594203,0.0034557760602305,0.0166453546453546,0.1279298441272666,0.0526958645929234,0.0607203245676519,1.0,0.2132370246316523,0.2235785833476746,0.3229769469828469,0.3249445485589189,0.2132370246316523,0.214614585818649,0.014725061058022848,-0.0061650819244540855,0.020890142982476934,1,,0.1313856201874971,,,,,,,,,participant_x_stimulus,0.020890142982476934,-0.04956962838768959,0.09595137257128952,0.512,heldout,0.213237027105364,0.213237027105364,0.0,0.0,0.0
22,DREAMER,arousal,subject,all,linear_logistic,20260813,0.75,,0.0356293477764066,,0.4746376811594203,0.0034557760602305,0.0166453546453546,0.1894091952447771,0.0189839931310519,0.0899007412212529,1.0,0.2008635833383106,0.2107658115553121,0.1519743415606752,0.153474279898717,0.2008635833383106,0.2182102615780581,0.014725061058022848,-0.0061650819244540855,0.020890142982476934,1,,0.1928649713050076,,,,,,,,,participant_x_stimulus,0.020890142982476934,-0.04148167511448264,0.09061987865716213,0.5078,heldout,0.2008635850712896,0.2008635850712896,0.0,0.0,0.0
23,DREAMER,arousal,subject,all,linear_logistic,20260813,1.0,,0.0548835935306523,,0.4746376811594203,0.0034557760602305,0.0166453546453546,0.2559965213612276,0.0382382388852977,0.121505595283771,1.0,0.3537492298055247,0.3677203252590018,0.3406001515621007,0.5062328885466942,0.3218276018346645,0.4654010228080992,0.014404951035022373,-0.0061650819244540855,0.02057003295947646,1,,0.2594522974214581,,,,,,,,,participant_x_stimulus,0.02057003295947646,-0.051983417198061946,0.09612118005752561,0.499,heldout,0.3537492276999071,0.3537492276999071,0.0,0.0,0.0
24,DREAMER,arousal,subject,all,linear_logistic,20260829,0.25,,0.0660975413475413,,0.4770531400966183,0.0040659945590995,0.0368342213342213,0.0608573567168556,0.02926332001332,0.0290321931197559,1.0,0.1375568637552988,0.1449040831607714,0.2442886597821388,0.2617438422950701,0.1375568637552988,0.1375791495612811,-0.0015294145543357507,0.017191093827804482,-0.018720508382140233,0,,0.0649233512759551,,,,,,,,,participant_x_stimulus,-0.018720508382140233,-0.08507796861231327,0.03910643309354777,0.0932,audit,0.1375568641021579,0.1375568641021579,0.0,0.0,0.0
25,DREAMER,arousal,subject,all,linear_logistic,20260829,0.5,,0.0698461538461538,,0.4770531400966183,0.0040659945590995,0.0368342213342213,0.1215232237298377,0.0330119325119325,0.0579730354749829,1.0,0.207786867662512,0.217937326167157,0.3351923912726501,0.3357103011907551,0.207786867662512,0.2089664850236186,0.02668769117681924,0.017191093827804482,0.009496597349014757,0,,0.1255892182889372,,,,,,,,,participant_x_stimulus,0.009496597349014757,-0.04625829756259918,0.06424992624670262,0.3384,audit,0.207786870014288,0.207786870014288,0.0,0.0,0.0
26,DREAMER,arousal,subject,all,linear_logistic,20260829,0.75,,0.063834249084249,,0.4770531400966183,0.0040659945590995,0.0368342213342213,0.1795548267201017,0.0270000277500277,0.0856571939063287,1.0,0.2668812864352219,0.2789022211692492,0.3488114486068658,0.3442779397392738,0.2668812864352219,0.2725133658359238,0.009223911033125365,0.017191093827804482,-0.007967182794679117,0,,0.1836208212792012,,,,,,,,,participant_x_stimulus,-0.007967182794679117,-0.08188887611031533,0.05609314087778324,0.2062,audit,0.2668812854083113,0.2668812854083113,0.0,0.0,0.0
27,DREAMER,arousal,subject,all,linear_logistic,20260829,1.0,,0.0761202686202686,,0.4770531400966183,0.0040659945590995,0.0368342213342213,0.243333275296158,0.0392860472860473,0.116082903070027,1.0,0.4112297780491558,0.4259746682100888,0.5399510859300207,0.5785926406516605,0.3898946775822562,0.4652320839613166,0.04602470775140488,0.017191093827804482,0.0288336139236004,1,,0.2473992698552575,,,,,,,,,participant_x_stimulus,0.0288336139236004,-0.033914582990109916,0.09274148456752296,0.5854,audit,0.411229777158671,0.411229777158671,0.0,0.0,0.0
28,DREAMER,arousal,subject,all,linear_logistic,20260911,0.25,,0.039999777999778,,0.4806763285024155,0.0048410381751141,0.0244167499167499,0.0637247610889065,0.015583028083028,0.0306309841949091,1.0,0.0988339722418094,0.1043631976858171,0.118026390387943,0.1349941655748544,0.0988339722418094,0.0975179236205976,-0.018400398359139702,-0.032532663078272794,0.014132264719133092,0,,0.0685657992640206,,,,,,,,,participant_x_stimulus,0.014132264719133092,-0.05187170198187232,0.08332162182778115,0.4244,heldout,0.0988339728105845,0.0988339728105845,0.0,0.0,0.0
29,DREAMER,arousal,subject,all,linear_logistic,20260911,0.5,,0.0334678099678099,,0.4806763285024155,0.0048410381751141,0.0244167499167499,0.1266048790464778,0.00905106005106,0.0608559684305533,1.0,0.1354353266031092,0.1426879771896334,0.1256657172518074,0.1291533461107117,0.1354353266031092,0.134180426096636,-0.05581770326986457,-0.032532663078272794,-0.023285040191591777,0,,0.131445917221592,,,,,,,,,participant_x_stimulus,-0.023285040191591777,-0.08920193649828434,0.04891489706933496,0.1088,heldout,0.1354353296425256,0.1354353296425256,0.0,0.0,0.0
30,DREAMER,arousal,subject,all,linear_logistic,20260911,0.75,,0.0591943056943056,,0.4806763285024155,0.0048410381751141,0.0244167499167499,0.1875418999391664,0.0347775557775557,0.0901469519031259,1.0,0.2662162569130581,0.2782186028097934,0.342412443027043,0.3599418122710821,0.2662162569130581,0.2752744026021251,-0.0042918454935622075,-0.032532663078272794,0.028240817584710587,1,,0.1923829381142806,,,,,,,,,participant_x_stimulus,0.028240817584710587,-0.03847422050312161,0.10021853782236573,0.5846,heldout,0.2662162557658799,0.2662162557658799,0.0,0.0,0.0
31,DREAMER,arousal,subject,all,linear_logistic,20260911,1.0,,0.0502458097458097,,0.4806763285024155,0.0048410381751141,0.0244167499167499,0.2547349525098659,0.0258290598290598,0.1224450617136795,1.0,0.3400007378591123,0.3537260623893576,0.3427541257591754,0.5866585057493011,0.3083858031152833,0.4554391683490753,0.03712090674127999,-0.032532663078272794,0.06965356981955279,1,,0.25957599068498,,,,,,,,,participant_x_stimulus,0.06965356981955279,0.00043690337333828345,0.1419875465333461,0.9086,heldout,0.3400007408210846,0.3400007408210846,0.0,0.0,0.0
32,DREAMER,arousal,subject,all,linear_logistic,20260923,0.25,,0.0050813908313908,,0.4698067632850242,0.0049651738985841,0.026031191031191,0.0574958566305408,-0.0209498001998002,0.0270119423058941,1.0,0.0565210614648734,0.059840294493863,0.0252328166337452,0.0392420883564148,0.0565210614648734,0.0536386263541567,0.01748749199724936,0.01716738197424883,0.0003201100230005305,0,,0.0624610305291249,,,,,,,,,participant_x_stimulus,0.0003201100230005305,-0.06554626449942588,0.06363739147782321,0.2606,audit,0.0565210605945307,0.0565210605945307,0.0,0.0,0.0
33,DREAMER,arousal,subject,all,linear_logistic,20260923,0.5,,0.0631631146631146,,0.4698067632850242,0.0049651738985841,0.026031191031191,0.114627088311574,0.0371319236319235,0.0538525813444472,1.0,0.1812050444173288,0.1903690065563043,0.2360509608225148,0.1821727179922159,0.1812050444173287,0.1818920933453442,0.007054276432788664,0.01716738197424883,-0.010113105541460166,0,,0.1195922622101581,,,,,,,,,participant_x_stimulus,-0.010113105541460166,-0.07437464781105518,0.05300402343273162,0.16,audit,0.1812050445012361,0.1812050445012361,0.0,0.0,0.0
34,DREAMER,arousal,subject,all,linear_logistic,20260923,0.75,,0.0508797591297591,,0.4698067632850242,0.0049651738985841,0.026031191031191,0.1719910903671788,0.0248485680985681,0.0808025774792664,1.0,0.2167285348024935,0.2271905274242148,0.2030357509195155,0.2022439953461066,0.2167285348024935,0.2209888786355182,0.03588789035638906,0.01716738197424883,0.018720508382140233,0,,0.176956264265763,,,,,,,,,participant_x_stimulus,0.018720508382140233,-0.05171008389443159,0.09048140458762642,0.4682,audit,0.2167285370190025,0.2167285370190025,0.0,0.0,0.0
35,DREAMER,arousal,subject,all,linear_logistic,20260923,1.0,,0.055748667998668,,0.4698067632850242,0.0049651738985841,0.026031191031191,0.2301001243737248,0.0297174769674769,0.1081025946635011,1.0,0.3118238533386132,0.3249717769985253,0.288002289900095,0.3041086133302447,0.3039454394716424,0.392080161990088,0.009816707372015232,0.01716738197424883,-0.007350674602233598,0,,0.2350652982723089,,,,,,,,,participant_x_stimulus,-0.007350674602233598,-0.07666709516197442,0.06039053276181221,0.1998,audit,0.3118238534604869,0.3118238534604869,0.0,0.0,0.0
36,DREAMER,arousal,subject,all,linear_logistic,20261007,0.25,,0.0404920634920634,,0.4975845410628019,0.0047772003444623,0.0351082251082251,0.059804999923114,0.0053838383838382,0.0297580434400035,1.0,0.0999049234507109,0.1054870465470851,0.1723503445742455,0.1727421281396213,0.0999049234507109,0.0987236542856703,-0.018720508382140233,-0.021186541151921867,0.002466032769781634,0,,0.0645822002675763,,,,,,,,,participant_x_stimulus,0.002466032769781634,-0.06610942743718624,0.07148138098418703,0.295,heldout,0.0999049237327866,0.0999049237327866,0.0,0.0,0.0
37,DREAMER,arousal,subject,all,linear_logistic,20261007,0.5,,0.0506955266955266,,0.4975845410628019,0.0047772003444623,0.0351082251082251,0.1190336895364602,0.0155873015873014,0.0592293237790115,1.0,0.1675250566268185,0.1761460220263452,0.2990788234105974,0.3051954444713688,0.1675250566268185,0.167813337280126,0.0015294145543356397,-0.021186541151921867,0.022715955706257507,1,,0.1238108898809225,,,,,,,,,participant_x_stimulus,0.022715955706257507,-0.03986353492364287,0.08345317058265209,0.5236,heldout,0.1675250580557006,0.1675250580557006,0.0,0.0,0.0
38,DREAMER,arousal,subject,all,linear_logistic,20261007,0.75,,0.0407207792207792,,0.4975845410628019,0.0047772003444623,0.0351082251082251,0.1805882899128791,0.005612554112554,0.0898579413576161,1.0,0.2137901903090654,0.2241509322260643,0.2915045544757106,0.2728604524813958,0.2137901903090654,0.2228339921779431,-0.011346121926351094,-0.021186541151921867,0.009840419225570773,0,,0.1853654902573414,,,,,,,,,participant_x_stimulus,0.009840419225570773,-0.06689279619604349,0.08795160725712772,0.3716,heldout,0.2137901927573128,0.2137901927573128,0.0,0.0,0.0
39,DREAMER,arousal,subject,all,linear_logistic,20261007,1.0,,0.0453968253968253,,0.4975845410628019,0.0047772003444623,0.0351082251082251,0.2391013461612817,0.0102886002886001,0.1189731335971595,1.0,0.3105090102579585,0.323627566393781,0.404987562836416,0.4328649368989762,0.2952511656965674,0.4110575987219238,-0.011666231949351458,-0.021186541151921867,0.00952030920257041,0,,0.2438785465057441,,,,,,,,,participant_x_stimulus,0.00952030920257041,-0.06270972155034542,0.07966167461127031,0.3662,heldout,0.3105090163258621,0.3105090163258621,0.0,0.0,0.0
40,DREAMER,arousal,subject,normalized_asymmetry,gpu_mlp,20260813,0.25,,0.0225685197155785,,0.4746376811594203,0.0034557760602305,0.0166453546453546,0.0640908557607918,0.0059231650702239,0.030419935161825,4.0,0.1167296901882986,0.1231232946661454,0.0857408931161139,0.1141192166978193,0.1167296901882986,0.1160155652681537,0.005252175562563743,0.026391293007374417,-0.021139117444810673,0,,0.0675466318210223,,,,,,,,,participant_x_stimulus,-0.021139117444810673,-0.09217885192483663,0.045957732107490254,0.1112,audit,0.1167296907973611,0.1167296907973611,0.0,0.0,0.0
41,DREAMER,arousal,subject,normalized_asymmetry,gpu_mlp,20260813,0.5,,0.069341219238278,,0.4746376811594203,0.0034557760602305,0.0166453546453546,0.1279298441272666,0.0526958645929234,0.0607203245676519,4.0,0.3013270236103755,0.3142344491453886,0.4314166842868059,0.4337409344004867,0.3013270236103755,0.3055559085912206,0.03776112678728094,0.026391293007374417,0.011369833779906524,0,,0.1313856201874971,,,,,,,,,participant_x_stimulus,0.011369833779906524,-0.06189130572602153,0.08312421832233666,0.407,audit,0.3013270267146105,0.3013270267146105,0.0,0.0,0.0
42,DREAMER,arousal,subject,normalized_asymmetry,gpu_mlp,20260813,0.75,,0.0356293477764066,,0.4746376811594203,0.0034557760602305,0.0166453546453546,0.1894091952447771,0.0189839931310519,0.0899007412212529,4.0,0.285698181500273,0.2982218950519825,0.2218102219347024,0.2239017895125695,0.285698181500273,0.354478242766437,0.04237308230384368,0.026391293007374417,0.015981789296469262,0,,0.1928649713050076,,,,,,,,,participant_x_stimulus,0.015981789296469262,-0.05408186493441462,0.08474864270538088,0.4472,audit,0.2856981837035058,0.2856981837035058,0.0,0.0,0.0
43,DREAMER,arousal,subject,normalized_asymmetry,gpu_mlp,20260813,1.0,,0.0548835935306523,,0.4746376811594203,0.0034557760602305,0.0166453546453546,0.2559965213612276,0.0382382388852977,0.121505595283771,4.0,0.4655388945622001,0.4806414011270896,0.4510151385704517,0.6199813059518322,0.4302455240303649,0.625616823898911,0.06476892798710077,0.026391293007374417,0.03837763497972635,1,,0.2594522974214581,,,,,,,,,participant_x_stimulus,0.03837763497972635,-0.0491631418466568,0.11606296133249995,0.6676,audit,0.4655388922705147,0.4655388922705147,0.0,0.0,0.0
44,DREAMER,arousal,subject,normalized_asymmetry,gpu_mlp,20260829,0.25,,0.0660975413475413,,0.4770531400966183,0.0040659945590995,0.0368342213342213,0.0608573567168556,0.02926332001332,0.0290321931197559,4.0,0.2024267160169575,0.2123855256176161,0.3395594672421579,0.3606858730224817,0.2024267160169575,0.2036857145401518,0.017487491997249416,0.02177933749081168,-0.004291845493562263,0,,0.0649233512759551,,,,,,,,,participant_x_stimulus,-0.004291845493562263,-0.0763891039416194,0.06606389805674552,0.2532,heldout,0.2024267164889975,0.2024267164889975,0.0,0.0,0.0
45,DREAMER,arousal,subject,normalized_asymmetry,gpu_mlp,20260829,0.5,,0.0698461538461538,,0.4770531400966183,0.0040659945590995,0.0368342213342213,0.1215232237298377,0.0330119325119325,0.0579730354749829,4.0,0.2944680500864599,0.3072108615106413,0.4450374760817748,0.4457311909045731,0.2944680500864599,0.2982045854486019,0.02177933749081168,0.02177933749081168,0.0,0,,0.1255892182889372,,,,,,,,,participant_x_stimulus,0.0,-0.06933923233300447,0.06828023847192524,0.2768,heldout,0.2944680530546429,0.2944680530546429,0.0,0.0,0.0
46,DREAMER,arousal,subject,normalized_asymmetry,gpu_mlp,20260829,0.75,,0.063834249084249,,0.4770531400966183,0.0040659945590995,0.0368342213342213,0.1795548267201017,0.0270000277500277,0.0856571939063287,4.0,0.3668004450827992,0.3809831249959355,0.4600312631684102,0.4551826878606642,0.3668004450827992,0.378688865779735,0.03559149218694424,0.02177933749081168,0.013812154696132561,0,,0.1836208212792012,,,,,,,,,participant_x_stimulus,0.013812154696132561,-0.056020171660929916,0.08500959090888498,0.4192,heldout,0.3668004438637797,0.3668004438637797,0.0,0.0,0.0
47,DREAMER,arousal,subject,normalized_asymmetry,gpu_mlp,20260829,1.0,,0.0761202686202686,,0.4770531400966183,0.0040659945590995,0.0368342213342213,0.243333275296158,0.0392860472860473,0.116082903070027,4.0,0.5263885007097229,0.5414651445484638,0.6511724110839362,0.6860107916275731,0.5041951708023098,0.5971430249464177,0.060453370639982906,0.02177933749081168,0.03867403314917123,1,,0.2473992698552575,,,,,,,,,participant_x_stimulus,0.03867403314917123,-0.03757620165124535,0.11468546036630863,0.6672,heldout,0.5263884997928169,0.5263884997928169,0.0,0.0,0.0
48,DREAMER,arousal,subject,normalized_asymmetry,gpu_mlp,20260911,0.25,,0.039999777999778,,0.4806763285024155,0.0048410381751141,0.0244167499167499,0.0637247610889065,0.015583028083028,0.0306309841949091,4.0,0.1485888462600274,0.156418443161846,0.1754906147250055,0.1989342503027504,0.1485888462600274,0.149013957680428,0.014772484765134042,-0.017143670120693344,0.031916154885827386,1,,0.0685657992640206,,,,,,,,,participant_x_stimulus,0.031916154885827386,-0.03133848728612065,0.1058594021946191,0.6218,audit,0.1485888470679227,0.1485888470679227,0.0,0.0,0.0
49,DREAMER,arousal,subject,normalized_asymmetry,gpu_mlp,20260911,0.5,,0.0334678099678099,,0.4806763285024155,0.0048410381751141,0.0244167499167499,0.1266048790464778,0.00905106005106,0.0608559684305533,4.0,0.1995361663634495,0.2093901026964268,0.1860646863167629,0.1909375893633816,0.1995361663634495,0.2040096558560757,0.01938444028169678,-0.017143670120693344,0.036528110402390124,1,,0.131445917221592,,,,,,,,,participant_x_stimulus,0.036528110402390124,-0.040196172799915074,0.11415747683495275,0.6554,audit,0.1995361705093999,0.1995361705093999,0.0,0.0,0.0
50,DREAMER,arousal,subject,normalized_asymmetry,gpu_mlp,20260911,0.75,,0.0591943056943056,,0.4806763285024155,0.0048410381751141,0.0244167499167499,0.1875418999391664,0.0347775557775557,0.0901469519031259,4.0,0.3660107371990596,0.3801812133226441,0.4530113157341661,0.4722583515534819,0.3660107371990596,0.3854326903671614,0.02337988760581411,-0.017143670120693344,0.04052355772650745,1,,0.1923829381142806,,,,,,,,,participant_x_stimulus,0.04052355772650745,-0.049250515457242725,0.13626076951622962,0.6474,audit,0.366010735836348,0.366010735836348,0.0,0.0,0.0
51,DREAMER,arousal,subject,normalized_asymmetry,gpu_mlp,20260911,1.0,,0.0502458097458097,,0.4806763285024155,0.0048410381751141,0.0244167499167499,0.2547349525098659,0.0258290598290598,0.1224450617136795,4.0,0.4504742057759664,0.465513679617492,0.4533872694803977,0.6931111632922529,0.4150467801667319,0.6244794421267176,0.0353425177246105,-0.017143670120693344,0.052486187845303844,1,,0.25957599068498,,,,,,,,,participant_x_stimulus,0.052486187845303844,-0.017563784681260585,0.12542642876505838,0.8058,audit,0.4504742090434672,0.4504742090434672,0.0,0.0,0.0
52,DREAMER,arousal,subject,normalized_asymmetry,gpu_mlp,20260923,0.25,,0.0050813908313908,,0.4698067632850242,0.0049651738985841,0.026031191031191,0.0574958566305408,-0.0209498001998002,0.0270119423058941,4.0,0.0870320233197676,0.0919683723137018,0.0395436908818792,0.0610289344820879,0.0870320233197676,0.0850826718809181,0.04449529319706924,0.058283736039646206,-0.013788442842576965,0,,0.0624610305291249,,,,,,,,,participant_x_stimulus,-0.013788442842576965,-0.07804628163576126,0.04759848425164786,0.134,heldout,0.0870320220229397,0.0870320220229397,0.0,0.0,0.0
53,DREAMER,arousal,subject,normalized_asymmetry,gpu_mlp,20260923,0.5,,0.0631631146631146,,0.4698067632850242,0.0049651738985841,0.026031191031191,0.114627088311574,0.0371319236319235,0.0538525813444472,4.0,0.2604427888886638,0.2722814250992627,0.3295099217565881,0.2616983653670039,0.2604427888886638,0.2644563442049246,0.04878713869063145,0.058283736039646206,-0.009496597349014757,0,,0.1195922622101581,,,,,,,,,participant_x_stimulus,-0.009496597349014757,-0.08420479912310838,0.06134597603231666,0.1986,heldout,0.2604427889975916,0.2604427889975916,0.0,0.0,0.0
54,DREAMER,arousal,subject,normalized_asymmetry,gpu_mlp,20260923,0.75,,0.0508797591297591,,0.4698067632850242,0.0049651738985841,0.026031191031191,0.1719910903671788,0.0248485680985681,0.0808025774792664,4.0,0.3057004653759592,0.3187097716291274,0.2883570549421965,0.2874518968567626,0.3057004653759592,0.3199016607616724,0.030683138500936624,0.058283736039646206,-0.02760059753870958,0,,0.176956264265763,,,,,,,,,participant_x_stimulus,-0.02760059753870958,-0.09732594769448041,0.04097965909168122,0.0784,heldout,0.3057004681472627,0.3057004681472627,0.0,0.0,0.0
55,DREAMER,arousal,subject,normalized_asymmetry,gpu_mlp,20260923,1.0,,0.055748667998668,,0.4698067632850242,0.0049651738985841,0.026031191031191,0.2301001243737248,0.0297174769674769,0.1081025946635011,4.0,0.4189536241699869,0.4337714213353733,0.3914895322648465,0.4101675829806537,0.409981028412069,0.5542887027567103,0.06198278519431866,0.058283736039646206,0.0036990491546724513,0,,0.2350652982723089,,,,,,,,,participant_x_stimulus,0.0036990491546724513,-0.06611160989850759,0.07319758012890813,0.2888,heldout,0.418953624308241,0.418953624308241,0.0,0.0,0.0
56,DREAMER,arousal,subject,normalized_asymmetry,gpu_mlp,20261007,0.25,,0.0404920634920634,,0.4975845410628019,0.0047772003444623,0.0351082251082251,0.059804999923114,0.0053838383838382,0.0297580434400035,4.0,0.1501091292054385,0.1580039638184892,0.2488024002996441,0.2494064244610679,0.1501091292054385,0.1504348602288433,0.008607402840680012,0.016574585635359074,-0.007967182794679062,0,,0.0645822002675763,,,,,,,,,participant_x_stimulus,-0.007967182794679062,-0.07848385497927665,0.06371494736522433,0.2046,audit,0.1501091296056234,0.1501091296056234,0.0,0.0,0.0
57,DREAMER,arousal,subject,normalized_asymmetry,gpu_mlp,20261007,0.5,,0.0506955266955266,,0.4975845410628019,0.0047772003444623,0.0351082251082251,0.1190336895364602,0.0155873015873014,0.0592293237790115,4.0,0.2425528469720166,0.2538574180230185,0.4042861903386911,0.4114093650281892,0.2425528469720166,0.2473811294705462,0.03282906124771767,0.016574585635359074,0.0162544756123586,0,,0.1238108898809225,,,,,,,,,participant_x_stimulus,0.0162544756123586,-0.04874887121841311,0.08392106648534535,0.4356,audit,0.2425528488543829,0.2425528488543829,0.0,0.0,0.0
58,DREAMER,arousal,subject,normalized_asymmetry,gpu_mlp,20261007,0.75,,0.0407207792207792,,0.4975845410628019,0.0047772003444623,0.0351082251082251,0.1805882899128791,0.005612554112554,0.0898579413576161,4.0,0.3020209838704941,0.314944734396501,0.3955511185165143,0.373876554612887,0.3020209838704941,0.3331022397113196,0.024885590306594207,0.016574585635359074,0.008311004671235134,0,,0.1853654902573414,,,,,,,,,participant_x_stimulus,0.008311004671235134,-0.07287454232573509,0.08826359920203683,0.387,audit,0.3020209869409901,0.3020209869409901,0.0,0.0,0.0
59,DREAMER,arousal,subject,normalized_asymmetry,gpu_mlp,20261007,1.0,,0.0453968253968253,,0.4975845410628019,0.0047772003444623,0.0351082251082251,0.2391013461612817,0.0102886002886001,0.1189731335971595,4.0,0.4174610810281094,0.4322653619380414,0.5198208516941416,0.5484386817730372,0.3999966566137536,0.5893067159789981,0.03376567946316367,0.016574585635359074,0.017191093827804593,0,,0.2438785465057441,,,,,,,,,participant_x_stimulus,0.017191093827804593,-0.05625159693881869,0.09382371250540011,0.4472,audit,0.41746108792061,0.41746108792061,0.0,0.0,0.0
60,DREAMER,arousal,subject,normalized_asymmetry,linear_logistic,20260813,0.25,,0.0225685197155785,,0.4746376811594203,0.0034557760602305,0.0166453546453546,0.0640908557607918,0.0059231650702239,0.030419935161825,1.0,0.0766820220203571,0.0810834694689991,0.0556804736672069,0.0748912139814969,0.0766820220203571,0.0745355026401797,-0.021162829298366215,0.0030588291086713904,-0.024221658407037605,0,,0.0675466318210223,,,,,,,,,participant_x_stimulus,-0.024221658407037605,-0.09048322476446628,0.04325674362480635,0.0874,heldout,0.0766820224386031,0.0766820224386031,0.0,0.0,0.0
61,DREAMER,arousal,subject,normalized_asymmetry,linear_logistic,20260813,0.5,,0.069341219238278,,0.4746376811594203,0.0034557760602305,0.0166453546453546,0.1279298441272666,0.0526958645929234,0.0607203245676519,1.0,0.2132370246316523,0.2235785833476746,0.3229769469828469,0.3249445485589189,0.2132370246316523,0.214614585818649,-0.019929812913475453,0.0030588291086713904,-0.022988642022146843,0,,0.1313856201874971,,,,,,,,,participant_x_stimulus,-0.022988642022146843,-0.08575433921068906,0.0404706728644669,0.0894,heldout,0.213237027105364,0.213237027105364,0.0,0.0,0.0
62,DREAMER,arousal,subject,normalized_asymmetry,linear_logistic,20260813,0.75,,0.0356293477764066,,0.4746376811594203,0.0034557760602305,0.0166453546453546,0.1894091952447771,0.0189839931310519,0.0899007412212529,1.0,0.2008635833383106,0.2107658115553121,0.1519743415606752,0.153474279898717,0.2008635833383106,0.2182102615780581,0.019040618405140708,0.0030588291086713904,0.015981789296469318,0,,0.1928649713050076,,,,,,,,,participant_x_stimulus,0.015981789296469318,-0.049757755175232884,0.08643679935485114,0.4332,heldout,0.2008635850712896,0.2008635850712896,0.0,0.0,0.0
63,DREAMER,arousal,subject,normalized_asymmetry,linear_logistic,20260813,1.0,,0.0548835935306523,,0.4746376811594203,0.0034557760602305,0.0166453546453546,0.2559965213612276,0.0382382388852977,0.121505595283771,1.0,0.3537492298055247,0.3677203252590018,0.3406001515621007,0.5062328885466942,0.3218276018346645,0.4654010228080992,0.019657126597586116,0.0030588291086713904,0.016598297488914726,0,,0.2594522974214581,,,,,,,,,participant_x_stimulus,0.016598297488914726,-0.057925117667764425,0.08976149503141631,0.4354,heldout,0.3537492276999071,0.3537492276999071,0.0,0.0,0.0
64,DREAMER,arousal,subject,normalized_asymmetry,linear_logistic,20260829,0.25,,0.0660975413475413,,0.4770531400966183,0.0040659945590995,0.0368342213342213,0.0608573567168556,0.02926332001332,0.0290321931197559,1.0,0.1375568637552988,0.1449040831607714,0.2442886597821388,0.2617438422950701,0.1375568637552988,0.1375791495612811,-0.03529509401749931,-0.015365281104023909,-0.019929812913475398,0,,0.0649233512759551,,,,,,,,,participant_x_stimulus,-0.019929812913475398,-0.09307691007852555,0.04600646048784254,0.1124,audit,0.1375568641021579,0.1375568641021579,0.0,0.0,0.0
65,DREAMER,arousal,subject,normalized_asymmetry,linear_logistic,20260829,0.5,,0.0698461538461538,,0.4770531400966183,0.0040659945590995,0.0368342213342213,0.1215232237298377,0.0330119325119325,0.0579730354749829,1.0,0.207786867662512,0.217937326167157,0.3351923912726501,0.3357103011907551,0.207786867662512,0.2089664850236186,-0.0055248618784530246,-0.015365281104023909,0.009840419225570884,0,,0.1255892182889372,,,,,,,,,participant_x_stimulus,0.009840419225570884,-0.06468069739639759,0.08675468061119315,0.3688,audit,0.207786870014288,0.207786870014288,0.0,0.0,0.0
66,DREAMER,arousal,subject,normalized_asymmetry,linear_logistic,20260829,0.75,,0.063834249084249,,0.4770531400966183,0.0040659945590995,0.0368342213342213,0.1795548267201017,0.0270000277500277,0.0856571939063287,1.0,0.2668812864352219,0.2789022211692492,0.3488114486068658,0.3442779397392738,0.2668812864352219,0.2725133658359238,0.03189244303227179,-0.015365281104023909,0.0472577241362957,1,,0.1836208212792012,,,,,,,,,participant_x_stimulus,0.0472577241362957,-0.022422279184684157,0.11949032191187137,0.7628,audit,0.2668812854083113,0.2668812854083113,0.0,0.0,0.0
67,DREAMER,arousal,subject,normalized_asymmetry,linear_logistic,20260829,1.0,,0.0761202686202686,,0.4770531400966183,0.0040659945590995,0.0368342213342213,0.243333275296158,0.0392860472860473,0.116082903070027,1.0,0.4112297780491558,0.4259746682100888,0.5399510859300207,0.5785926406516605,0.3898946775822562,0.4652320839613166,0.00520475185545255,-0.015365281104023909,0.02057003295947646,1,,0.2473992698552575,,,,,,,,,participant_x_stimulus,0.02057003295947646,-0.06792345903813839,0.1032041098922491,0.4776,audit,0.411229777158671,0.411229777158671,0.0,0.0,0.0
68,DREAMER,arousal,subject,normalized_asymmetry,linear_logistic,20260911,0.25,,0.039999777999778,,0.4806763285024155,0.0048410381751141,0.0244167499167499,0.0637247610889065,0.015583028083028,0.0306309841949091,1.0,0.0988339722418094,0.1043631976858171,0.118026390387943,0.1349941655748544,0.0988339722418094,0.0975179236205976,0.03929054134161669,0.020866431128921392,0.0184241102126953,0,,0.0685657992640206,,,,,,,,,participant_x_stimulus,0.0184241102126953,-0.03945300923660398,0.07686786763370035,0.4638,heldout,0.0988339728105845,0.0988339728105845,0.0,0.0,0.0
69,DREAMER,arousal,subject,normalized_asymmetry,linear_logistic,20260911,0.5,,0.0334678099678099,,0.4806763285024155,0.0048410381751141,0.0244167499167499,0.1266048790464778,0.00905106005106,0.0608559684305533,1.0,0.1354353266031092,0.1426879771896334,0.1256657172518074,0.1291533461107117,0.1354353266031092,0.134180426096636,0.049747468759632985,0.020866431128921392,0.028881037630711592,1,,0.131445917221592,,,,,,,,,participant_x_stimulus,0.028881037630711592,-0.04740173816680908,0.10775300990790128,0.5854,heldout,0.1354353296425256,0.1354353296425256,0.0,0.0,0.0
70,DREAMER,arousal,subject,normalized_asymmetry,linear_logistic,20260911,0.75,,0.0591943056943056,,0.4806763285024155,0.0048410381751141,0.0244167499167499,0.1875418999391664,0.0347775557775557,0.0901469519031259,1.0,0.2662162569130581,0.2782186028097934,0.342412443027043,0.3599418122710821,0.2662162569130581,0.2752744026021251,0.04146017594195339,0.020866431128921392,0.020593744813032,1,,0.1923829381142806,,,,,,,,,participant_x_stimulus,0.020593744813032,-0.058134916704148054,0.10094190202653397,0.4878,heldout,0.2662162557658799,0.2662162557658799,0.0,0.0,0.0
71,DREAMER,arousal,subject,normalized_asymmetry,linear_logistic,20260911,1.0,,0.0502458097458097,,0.4806763285024155,0.0048410381751141,0.0244167499167499,0.2547349525098659,0.0258290598290598,0.1224450617136795,1.0,0.3400007378591123,0.3537260623893576,0.3427541257591754,0.5866585057493011,0.3083858031152833,0.4554391683490753,0.03534251772461061,0.020866431128921392,0.01447608659568922,0,,0.25957599068498,,,,,,,,,participant_x_stimulus,0.01447608659568922,-0.07183263711631298,0.09389998130500311,0.435,heldout,0.3400007408210846,0.3400007408210846,0.0,0.0,0.0
72,DREAMER,arousal,subject,normalized_asymmetry,linear_logistic,20260923,0.25,,0.0050813908313908,,0.4698067632850242,0.0049651738985841,0.026031191031191,0.0574958566305408,-0.0209498001998002,0.0270119423058941,1.0,0.0565210614648734,0.059840294493863,0.0252328166337452,0.0392420883564148,0.0565210614648734,0.0536386263541567,0.029130012093045277,0.01867308467502904,0.010456927418016237,0,,0.0624610305291249,,,,,,,,,participant_x_stimulus,0.010456927418016237,-0.05093907695263624,0.07379918824881312,0.3664,audit,0.0565210605945307,0.0565210605945307,0.0,0.0,0.0
73,DREAMER,arousal,subject,normalized_asymmetry,linear_logistic,20260923,0.5,,0.0631631146631146,,0.4698067632850242,0.0049651738985841,0.026031191031191,0.114627088311574,0.0371319236319235,0.0538525813444472,1.0,0.1812050444173288,0.1903690065563043,0.2360509608225148,0.1821727179922159,0.1812050444173287,0.1818920933453442,0.0413890403812866,0.01867308467502904,0.022715955706257562,1,,0.1195922622101581,,,,,,,,,participant_x_stimulus,0.022715955706257562,-0.03881257073953748,0.0882103871554136,0.5226,audit,0.1812050445012361,0.1812050445012361,0.0,0.0,0.0
74,DREAMER,arousal,subject,normalized_asymmetry,linear_logistic,20260923,0.75,,0.0508797591297591,,0.4698067632850242,0.0049651738985841,0.026031191031191,0.1719910903671788,0.0248485680985681,0.0808025774792664,1.0,0.2167285348024935,0.2271905274242148,0.2030357509195155,0.2022439953461066,0.2167285348024935,0.2209888786355182,0.043855073151068236,0.01867308467502904,0.025181988476039197,1,,0.176956264265763,,,,,,,,,participant_x_stimulus,0.025181988476039197,-0.04362992169335484,0.10262803360819814,0.5364,audit,0.2167285370190025,0.2167285370190025,0.0,0.0,0.0
75,DREAMER,arousal,subject,normalized_asymmetry,linear_logistic,20260923,1.0,,0.055748667998668,,0.4698067632850242,0.0049651738985841,0.026031191031191,0.2301001243737248,0.0297174769674769,0.1081025946635011,1.0,0.3118238533386132,0.3249717769985253,0.288002289900095,0.3041086133302447,0.3039454394716424,0.392080161990088,0.03588789035638912,0.01867308467502904,0.01721480568136008,0,,0.2350652982723089,,,,,,,,,participant_x_stimulus,0.01721480568136008,-0.054840322211384775,0.09513683244585974,0.4458,audit,0.3118238534604869,0.3118238534604869,0.0,0.0,0.0
76,DREAMER,arousal,subject,normalized_asymmetry,linear_logistic,20261007,0.25,,0.0404920634920634,,0.4975845410628019,0.0047772003444623,0.0351082251082251,0.059804999923114,0.0053838383838382,0.0297580434400035,1.0,0.0999049234507109,0.1054870465470851,0.1723503445742455,0.1727421281396213,0.0999049234507109,0.0987236542856703,-0.009816707372015343,0.0027387190856709154,-0.012555426457686258,0,,0.0645822002675763,,,,,,,,,participant_x_stimulus,-0.012555426457686258,-0.0798671217635274,0.05689489962533116,0.1618,heldout,0.0999049237327866,0.0999049237327866,0.0,0.0,0.0
77,DREAMER,arousal,subject,normalized_asymmetry,linear_logistic,20261007,0.5,,0.0506955266955266,,0.4975845410628019,0.0047772003444623,0.0351082251082251,0.1190336895364602,0.0155873015873014,0.0592293237790115,1.0,0.1675250566268185,0.1761460220263452,0.2990788234105974,0.3051954444713688,0.1675250566268185,0.167813337280126,-0.02454176843003819,0.0027387190856709154,-0.027280487515709106,0,,0.1238108898809225,,,,,,,,,participant_x_stimulus,-0.027280487515709106,-0.1008577398955822,0.04542965749278661,0.086,heldout,0.1675250580557006,0.1675250580557006,0.0,0.0,0.0
78,DREAMER,arousal,subject,normalized_asymmetry,linear_logistic,20261007,0.75,,0.0407207792207792,,0.4975845410628019,0.0047772003444623,0.0351082251082251,0.1805882899128791,0.005612554112554,0.0898579413576161,1.0,0.2137901903090654,0.2241509322260643,0.2915045544757106,0.2728604524813958,0.2137901903090654,0.2228339921779431,0.004932065539563157,0.0027387190856709154,0.002193346453892242,0,,0.1853654902573414,,,,,,,,,participant_x_stimulus,0.002193346453892242,-0.07000584080815316,0.07676725238561623,0.3092,heldout,0.2137901927573128,0.2137901927573128,0.0,0.0,0.0
79,DREAMER,arousal,subject,normalized_asymmetry,linear_logistic,20261007,1.0,,0.0453968253968253,,0.4975845410628019,0.0047772003444623,0.0351082251082251,0.2391013461612817,0.0102886002886001,0.1189731335971595,1.0,0.3105090102579585,0.323627566393781,0.404987562836416,0.4328649368989762,0.2952511656965674,0.4110575987219238,0.0021696346003367006,0.0027387190856709154,-0.0005690844853342147,0,,0.2438785465057441,,,,,,,,,participant_x_stimulus,-0.0005690844853342147,-0.07729140371084213,0.07435511797666547,0.285,heldout,0.3105090163258621,0.3105090163258621,0.0,0.0,0.0
80,DREAMER,arousal,subject,relative_power,gpu_mlp,20260813,0.25,,0.0225685197155785,,0.4746376811594203,0.0034557760602305,0.0166453546453546,0.0640908557607918,0.0059231650702239,0.030419935161825,4.0,0.1167296901882986,0.1231232946661454,0.0857408931161139,0.1141192166978193,0.1167296901882986,0.1160155652681537,0.01810400018969477,0.013468332819576545,0.004635667370118224,0,,0.0675466318210223,,,,,,,,,participant_x_stimulus,0.004635667370118224,-0.06167777637019753,0.07298393156379446,0.3188,audit,0.1167296907973611,0.1167296907973611,0.0,0.0,0.0
81,DREAMER,arousal,subject,relative_power,gpu_mlp,20260813,0.5,,0.069341219238278,,0.4746376811594203,0.0034557760602305,0.0166453546453546,0.1279298441272666,0.0526958645929234,0.0607203245676519,4.0,0.3013270236103755,0.3142344491453886,0.4314166842868059,0.4337409344004867,0.3013270236103755,0.3055559085912206,0.0027624309392265123,0.013468332819576545,-0.010705901880350033,0,,0.1313856201874971,,,,,,,,,participant_x_stimulus,-0.010705901880350033,-0.07379279062151908,0.05178192099556322,0.173,audit,0.3013270267146105,0.3013270267146105,0.0,0.0,0.0
82,DREAMER,arousal,subject,relative_power,gpu_mlp,20260813,0.75,,0.0356293477764066,,0.4746376811594203,0.0034557760602305,0.0166453546453546,0.1894091952447771,0.0189839931310519,0.0899007412212529,4.0,0.285698181500273,0.2982218950519825,0.2218102219347024,0.2239017895125695,0.285698181500273,0.354478242766437,0.05093306143741255,0.013468332819576545,0.03746472861783601,1,,0.1928649713050076,,,,,,,,,participant_x_stimulus,0.03746472861783601,-0.03510372824966907,0.10913933832198372,0.6926,audit,0.2856981837035058,0.2856981837035058,0.0,0.0,0.0
83,DREAMER,arousal,subject,relative_power,gpu_mlp,20260813,1.0,,0.0548835935306523,,0.4746376811594203,0.0034557760602305,0.0166453546453546,0.2559965213612276,0.0382382388852977,0.121505595283771,4.0,0.4655388945622001,0.4806414011270896,0.4510151385704517,0.6199813059518322,0.4302455240303649,0.625616823898911,0.037120906741279935,0.013468332819576545,0.02365257392170339,1,,0.2594522974214581,,,,,,,,,participant_x_stimulus,0.02365257392170339,-0.04588179690763354,0.09322095699608322,0.5416,audit,0.4655388922705147,0.4655388922705147,0.0,0.0,0.0
84,DREAMER,arousal,subject,relative_power,gpu_mlp,20260829,0.25,,0.0660975413475413,,0.4770531400966183,0.0040659945590995,0.0368342213342213,0.0608573567168556,0.02926332001332,0.0290321931197559,4.0,0.2024267160169575,0.2123855256176161,0.3395594672421579,0.3606858730224817,0.2024267160169575,0.2036857145401518,0.030659426647381083,0.08280179261612886,-0.05214236596874777,0,,0.0649233512759551,,,,,,,,,participant_x_stimulus,-0.05214236596874777,-0.1198317714035511,0.0020824662642553245,0.004,heldout,0.2024267164889975,0.2024267164889975,0.0,0.0,0.0
85,DREAMER,arousal,subject,relative_power,gpu_mlp,20260829,0.5,,0.0698461538461538,,0.4770531400966183,0.0040659945590995,0.0368342213342213,0.1215232237298377,0.0330119325119325,0.0579730354749829,4.0,0.2944680500864599,0.3072108615106413,0.4450374760817748,0.4457311909045731,0.2944680500864599,0.2982045854486019,0.05734711782420032,0.08280179261612886,-0.025454674791928533,0,,0.1255892182889372,,,,,,,,,participant_x_stimulus,-0.025454674791928533,-0.09079846255481243,0.03302394421771166,0.0648,heldout,0.2944680530546429,0.2944680530546429,0.0,0.0,0.0
86,DREAMER,arousal,subject,relative_power,gpu_mlp,20260829,0.75,,0.063834249084249,,0.4770531400966183,0.0040659945590995,0.0368342213342213,0.1795548267201017,0.0270000277500277,0.0856571939063287,4.0,0.3668004450827992,0.3809831249959355,0.4600312631684102,0.4551826878606642,0.3668004450827992,0.378688865779735,0.05858013420909114,0.08280179261612886,-0.024221658407037716,0,,0.1836208212792012,,,,,,,,,participant_x_stimulus,-0.024221658407037716,-0.10023411735892296,0.047398621775209905,0.1006,heldout,0.3668004438637797,0.3668004438637797,0.0,0.0,0.0
87,DREAMER,arousal,subject,relative_power,gpu_mlp,20260829,1.0,,0.0761202686202686,,0.4770531400966183,0.0040659945590995,0.0368342213342213,0.243333275296158,0.0392860472860473,0.116082903070027,4.0,0.5263885007097229,0.5414651445484638,0.6511724110839362,0.6860107916275731,0.5041951708023098,0.5971430249464177,0.0723685770516681,0.08280179261612886,-0.010433215564460752,0,,0.2473992698552575,,,,,,,,,participant_x_stimulus,-0.010433215564460752,-0.08070491272956133,0.05273756114765989,0.1602,heldout,0.5263884997928169,0.5263884997928169,0.0,0.0,0.0
88,DREAMER,arousal,subject,relative_power,gpu_mlp,20260911,0.25,,0.039999777999778,,0.4806763285024155,0.0048410381751141,0.0244167499167499,0.0637247610889065,0.015583028083028,0.0306309841949091,4.0,0.1485888462600274,0.156418443161846,0.1754906147250055,0.1989342503027504,0.1485888462600274,0.149013957680428,0.021779337490811623,0.014725061058022848,0.007054276432788775,0,,0.0685657992640206,,,,,,,,,participant_x_stimulus,0.007054276432788775,-0.06163902888074517,0.07236840836703773,0.3528,audit,0.1485888470679227,0.1485888470679227,0.0,0.0,0.0
89,DREAMER,arousal,subject,relative_power,gpu_mlp,20260911,0.5,,0.0334678099678099,,0.4806763285024155,0.0048410381751141,0.0244167499167499,0.1266048790464778,0.00905106005106,0.0608559684305533,4.0,0.1995361663634495,0.2093901026964268,0.1860646863167629,0.1909375893633816,0.1995361663634495,0.2040096558560757,0.029426410262490266,0.014725061058022848,0.014701349204467418,0,,0.131445917221592,,,,,,,,,participant_x_stimulus,0.014701349204467418,-0.0511117409914732,0.07263052836060521,0.438,audit,0.1995361705093999,0.1995361705093999,0.0,0.0,0.0
90,DREAMER,arousal,subject,relative_power,gpu_mlp,20260911,0.75,,0.0591943056943056,,0.4806763285024155,0.0048410381751141,0.0244167499167499,0.1875418999391664,0.0347775557775557,0.0901469519031259,4.0,0.3660107371990596,0.3801812133226441,0.4530113157341661,0.4722583515534819,0.3660107371990596,0.3854326903671614,-0.010729613733905574,0.014725061058022848,-0.025454674791928422,0,,0.1923829381142806,,,,,,,,,participant_x_stimulus,-0.025454674791928422,-0.09391283858567476,0.03858654685318467,0.0744,audit,0.366010735836348,0.366010735836348,0.0,0.0,0.0
91,DREAMER,arousal,subject,relative_power,gpu_mlp,20260911,1.0,,0.0502458097458097,,0.4806763285024155,0.0048410381751141,0.0244167499167499,0.2547349525098659,0.0258290598290598,0.1224450617136795,4.0,0.4504742057759664,0.465513679617492,0.4533872694803977,0.6931111632922529,0.4150467801667319,0.6244794421267176,0.03036302847793615,0.014725061058022848,0.0156379674199133,0,,0.25957599068498,,,,,,,,,participant_x_stimulus,0.0156379674199133,-0.054968297574669124,0.0849243536591528,0.4426,audit,0.4504742090434672,0.4504742090434672,0.0,0.0,0.0
92,DREAMER,arousal,subject,relative_power,gpu_mlp,20260923,0.25,,0.0050813908313908,,0.4698067632850242,0.0049651738985841,0.026031191031191,0.0574958566305408,-0.0209498001998002,0.0270119423058941,4.0,0.0870320233197676,0.0919683723137018,0.0395436908818792,0.0610289344820879,0.0870320233197676,0.0850826718809181,0.024541768430038136,0.0006165081924454086,0.023925260237592727,1,,0.0624610305291249,,,,,,,,,participant_x_stimulus,0.023925260237592727,-0.035236945562064644,0.08441492859274145,0.5434,heldout,0.0870320220229397,0.0870320220229397,0.0,0.0,0.0
93,DREAMER,arousal,subject,relative_power,gpu_mlp,20260923,0.5,,0.0631631146631146,,0.4698067632850242,0.0049651738985841,0.026031191031191,0.114627088311574,0.0371319236319235,0.0538525813444472,4.0,0.2604427888886638,0.2722814250992627,0.3295099217565881,0.2616983653670039,0.2604427888886638,0.2644563442049246,0.018400398359139702,0.0006165081924454086,0.017783890166694294,0,,0.1195922622101581,,,,,,,,,participant_x_stimulus,0.017783890166694294,-0.04926877124235034,0.08544166553765518,0.4666,heldout,0.2604427889975916,0.2604427889975916,0.0,0.0,0.0
94,DREAMER,arousal,subject,relative_power,gpu_mlp,20260923,0.75,,0.0508797591297591,,0.4698067632850242,0.0049651738985841,0.026031191031191,0.1719910903671788,0.0248485680985681,0.0808025774792664,4.0,0.3057004653759592,0.3187097716291274,0.2883570549421965,0.2874518968567626,0.3057004653759592,0.3199016607616724,0.016550873781803588,0.0006165081924454086,0.01593436558935818,0,,0.176956264265763,,,,,,,,,participant_x_stimulus,0.01593436558935818,-0.05555792571976781,0.09163243249058722,0.4402,heldout,0.3057004681472627,0.3057004681472627,0.0,0.0,0.0
95,DREAMER,arousal,subject,relative_power,gpu_mlp,20260923,1.0,,0.055748667998668,,0.4698067632850242,0.0049651738985841,0.026031191031191,0.2301001243737248,0.0297174769674769,0.1081025946635011,4.0,0.4189536241699869,0.4337714213353733,0.3914895322648465,0.4101675829806537,0.409981028412069,0.5542887027567103,0.0398833376805065,0.0006165081924454086,0.039266829488061095,1,,0.2350652982723089,,,,,,,,,participant_x_stimulus,0.039266829488061095,-0.02598717175424099,0.10709704943001266,0.6936,heldout,0.418953624308241,0.418953624308241,0.0,0.0,0.0
96,DREAMER,arousal,subject,relative_power,gpu_mlp,20261007,0.25,,0.0404920634920634,,0.4975845410628019,0.0047772003444623,0.0351082251082251,0.059804999923114,0.0053838383838382,0.0297580434400035,4.0,0.1501091292054385,0.1580039638184892,0.2488024002996441,0.2494064244610679,0.1501091292054385,0.1504348602288433,0.008583690987124526,-0.01931330472102999,0.027896995708154515,1,,0.0645822002675763,,,,,,,,,participant_x_stimulus,0.027896995708154515,-0.03182606194168329,0.08724848981946702,0.5878,audit,0.1501091296056234,0.1501091296056234,0.0,0.0,0.0
97,DREAMER,arousal,subject,relative_power,gpu_mlp,20261007,0.5,,0.0506955266955266,,0.4975845410628019,0.0047772003444623,0.0351082251082251,0.1190336895364602,0.0155873015873014,0.0592293237790115,4.0,0.2425528469720166,0.2538574180230185,0.4042861903386911,0.4114093650281892,0.2425528469720166,0.2473811294705462,-0.01410855286557755,-0.01931330472102999,0.005204751855452439,0,,0.1238108898809225,,,,,,,,,participant_x_stimulus,0.005204751855452439,-0.06238382402807474,0.06684949919581411,0.323,audit,0.2425528488543829,0.2425528488543829,0.0,0.0,0.0
98,DREAMER,arousal,subject,relative_power,gpu_mlp,20261007,0.75,,0.0407207792207792,,0.4975845410628019,0.0047772003444623,0.0351082251082251,0.1805882899128791,0.005612554112554,0.0898579413576161,4.0,0.3020209838704941,0.314944734396501,0.3955511185165143,0.373876554612887,0.3020209838704941,0.3331022397113196,-0.04782680862162991,-0.01931330472102999,-0.028513503900599924,0,,0.1853654902573414,,,,,,,,,participant_x_stimulus,-0.028513503900599924,-0.0982396885752678,0.037399645894765826,0.0706,audit,0.3020209869409901,0.3020209869409901,0.0,0.0,0.0
99,DREAMER,arousal,subject,relative_power,gpu_mlp,20261007,1.0,,0.0453968253968253,,0.4975845410628019,0.0047772003444623,0.0351082251082251,0.2391013461612817,0.0102886002886001,0.1189731335971595,4.0,0.4174610810281094,0.4322653619380414,0.5198208516941416,0.5484386817730372,0.3999966566137536,0.5893067159789981,-0.005501150024897483,-0.01931330472102999,0.013812154696132506,0,,0.2438785465057441,,,,,,,,,participant_x_stimulus,0.013812154696132506,-0.05643155435100198,0.08347740210592747,0.405,audit,0.41746108792061,0.41746108792061,0.0,0.0,0.0
100,DREAMER,arousal,subject,relative_power,linear_logistic,20260813,0.25,,0.0225685197155785,,0.4746376811594203,0.0034557760602305,0.0166453546453546,0.0640908557607918,0.0059231650702239,0.030419935161825,1.0,0.0766820220203571,0.0810834694689991,0.0556804736672069,0.0748912139814969,0.0766820220203571,0.0745355026401797,0.03068313850093657,0.011026011903350452,0.019657126597586116,0,,0.0675466318210223,,,,,,,,,participant_x_stimulus,0.019657126597586116,-0.039955859817564485,0.07986993379890915,0.4836,heldout,0.0766820224386031,0.0766820224386031,0.0,0.0,0.0
101,DREAMER,arousal,subject,relative_power,linear_logistic,20260813,0.5,,0.069341219238278,,0.4746376811594203,0.0034557760602305,0.0166453546453546,0.1279298441272666,0.0526958645929234,0.0607203245676519,1.0,0.2132370246316523,0.2235785833476746,0.3229769469828469,0.3249445485589189,0.2132370246316523,0.214614585818649,0.01657458563535913,0.011026011903350452,0.005548573732008677,0,,0.1313856201874971,,,,,,,,,participant_x_stimulus,0.005548573732008677,-0.055363099090754986,0.06733809821307651,0.3082,heldout,0.213237027105364,0.213237027105364,0.0,0.0,0.0
102,DREAMER,arousal,subject,relative_power,linear_logistic,20260813,0.75,,0.0356293477764066,,0.4746376811594203,0.0034557760602305,0.0166453546453546,0.1894091952447771,0.0189839931310519,0.0899007412212529,1.0,0.2008635833383106,0.2107658115553121,0.1519743415606752,0.153474279898717,0.2008635833383106,0.2182102615780581,0.029746520285490685,0.011026011903350452,0.018720508382140233,0,,0.1928649713050076,,,,,,,,,participant_x_stimulus,0.018720508382140233,-0.04922009212896228,0.08276085946708917,0.4868,heldout,0.2008635850712896,0.2008635850712896,0.0,0.0,0.0
103,DREAMER,arousal,subject,relative_power,linear_logistic,20260813,1.0,,0.0548835935306523,,0.4746376811594203,0.0034557760602305,0.0166453546453546,0.2559965213612276,0.0382382388852977,0.121505595283771,1.0,0.3537492298055247,0.3677203252590018,0.3406001515621007,0.5062328885466942,0.3218276018346645,0.4654010228080992,0.023628862068147904,0.011026011903350452,0.012602850164797452,0,,0.2594522974214581,,,,,,,,,participant_x_stimulus,0.012602850164797452,-0.061414390709251164,0.08675638642162073,0.407,heldout,0.3537492276999071,0.3537492276999071,0.0,0.0,0.0
104,DREAMER,arousal,subject,relative_power,linear_logistic,20260829,0.25,,0.0660975413475413,,0.4770531400966183,0.0040659945590995,0.0368342213342213,0.0608573567168556,0.02926332001332,0.0290321931197559,1.0,0.1375568637552988,0.1449040831607714,0.2442886597821388,0.2617438422950701,0.1375568637552988,0.1375791495612811,0.013195646503687153,0.02116282929836616,-0.007967182794679006,0,,0.0649233512759551,,,,,,,,,participant_x_stimulus,-0.007967182794679006,-0.0556641936302185,0.03524574451148509,0.0986,audit,0.1375568641021579,0.1375568641021579,0.0,0.0,0.0
105,DREAMER,arousal,subject,relative_power,linear_logistic,20260829,0.5,,0.0698461538461538,,0.4770531400966183,0.0040659945590995,0.0368342213342213,0.1215232237298377,0.0330119325119325,0.0579730354749829,1.0,0.207786867662512,0.217937326167157,0.3351923912726501,0.3357103011907551,0.207786867662512,0.2089664850236186,0.028833613923600454,0.02116282929836616,0.007670784625234295,0,,0.1255892182889372,,,,,,,,,participant_x_stimulus,0.007670784625234295,-0.03485231585800648,0.050726245157420614,0.2666,audit,0.207786870014288,0.207786870014288,0.0,0.0,0.0
106,DREAMER,arousal,subject,relative_power,linear_logistic,20260829,0.75,,0.063834249084249,,0.4770531400966183,0.0040659945590995,0.0368342213342213,0.1795548267201017,0.0270000277500277,0.0856571939063287,1.0,0.2668812864352219,0.2789022211692492,0.3488114486068658,0.3442779397392738,0.2668812864352219,0.2725133658359238,0.025158276622483544,0.02116282929836616,0.003995447324117385,0,,0.1836208212792012,,,,,,,,,participant_x_stimulus,0.003995447324117385,-0.06304673478007317,0.07123094238340849,0.3016,audit,0.2668812854083113,0.2668812854083113,0.0,0.0,0.0
107,DREAMER,arousal,subject,relative_power,linear_logistic,20260829,1.0,,0.0761202686202686,,0.4770531400966183,0.0040659945590995,0.0368342213342213,0.243333275296158,0.0392860472860473,0.116082903070027,1.0,0.4112297780491558,0.4259746682100888,0.5399510859300207,0.5785926406516605,0.3898946775822562,0.4652320839613166,0.02177933749081168,0.02116282929836616,0.0006165081924455196,0,,0.2473992698552575,,,,,,,,,participant_x_stimulus,0.0006165081924455196,-0.059964642953127624,0.060443973354995184,0.2452,audit,0.411229777158671,0.411229777158671,0.0,0.0,0.0
108,DREAMER,arousal,subject,relative_power,linear_logistic,20260911,0.25,,0.039999777999778,,0.4806763285024155,0.0048410381751141,0.0244167499167499,0.0637247610889065,0.015583028083028,0.0306309841949091,1.0,0.0988339722418094,0.1043631976858171,0.118026390387943,0.1349941655748544,0.0988339722418094,0.0975179236205976,0.029450122116045807,-0.0042918454935623185,0.033741967609608126,1,,0.0685657992640206,,,,,,,,,participant_x_stimulus,0.033741967609608126,-0.022395797120407224,0.09092088099569079,0.6968,heldout,0.0988339728105845,0.0988339728105845,0.0,0.0,0.0
109,DREAMER,arousal,subject,relative_power,linear_logistic,20260911,0.5,,0.0334678099678099,,0.4806763285024155,0.0048410381751141,0.0244167499167499,0.1266048790464778,0.00905106005106,0.0608559684305533,1.0,0.1354353266031092,0.1426879771896334,0.1256657172518074,0.1291533461107117,0.1354353266031092,0.134180426096636,0.011962630118796336,-0.0042918454935623185,0.016254475612358654,0,,0.131445917221592,,,,,,,,,participant_x_stimulus,0.016254475612358654,-0.04264662014320493,0.08245884869247663,0.4286,heldout,0.1354353296425256,0.1354353296425256,0.0,0.0,0.0
110,DREAMER,arousal,subject,relative_power,linear_logistic,20260911,0.75,,0.0591943056943056,,0.4806763285024155,0.0048410381751141,0.0244167499167499,0.1875418999391664,0.0347775557775557,0.0901469519031259,1.0,0.2662162569130581,0.2782186028097934,0.342412443027043,0.3599418122710821,0.2662162569130581,0.2752744026021251,-0.003058829108671446,-0.0042918454935623185,0.0012330163848908726,0,,0.1923829381142806,,,,,,,,,participant_x_stimulus,0.0012330163848908726,-0.05452700098976493,0.06195332985371348,0.249,heldout,0.2662162557658799,0.2662162557658799,0.0,0.0,0.0
111,DREAMER,arousal,subject,relative_power,linear_logistic,20260911,1.0,,0.0502458097458097,,0.4806763285024155,0.0048410381751141,0.0244167499167499,0.2547349525098659,0.0258290598290598,0.1224450617136795,1.0,0.3400007378591123,0.3537260623893576,0.3427541257591754,0.5866585057493011,0.3083858031152833,0.4554391683490753,0.014404951035022373,-0.0042918454935623185,0.01869679652858469,0,,0.25957599068498,,,,,,,,,participant_x_stimulus,0.01869679652858469,-0.0390106001868844,0.08097418714314682,0.4622,heldout,0.3400007408210846,0.3400007408210846,0.0,0.0,0.0
112,DREAMER,arousal,subject,relative_power,linear_logistic,20260923,0.25,,0.0050813908313908,,0.4698067632850242,0.0049651738985841,0.026031191031191,0.0574958566305408,-0.0209498001998002,0.0270119423058941,1.0,0.0565210614648734,0.059840294493863,0.0252328166337452,0.0392420883564148,0.0565210614648734,0.0536386263541567,0.021139117444810673,0.021755625637256082,-0.0006165081924454086,0,,0.0624610305291249,,,,,,,,,participant_x_stimulus,-0.0006165081924454086,-0.055748550593852995,0.05420040562748907,0.2194,audit,0.0565210605945307,0.0565210605945307,0.0,0.0,0.0
113,DREAMER,arousal,subject,relative_power,linear_logistic,20260923,0.5,,0.0631631146631146,,0.4698067632850242,0.0049651738985841,0.026031191031191,0.114627088311574,0.0371319236319235,0.0538525813444472,1.0,0.1812050444173288,0.1903690065563043,0.2360509608225148,0.1821727179922159,0.1812050444173287,0.1818920933453442,0.0355677803333887,0.021755625637256082,0.013812154696132617,0,,0.1195922622101581,,,,,,,,,participant_x_stimulus,0.013812154696132617,-0.038463779911398883,0.06755840517580508,0.3942,audit,0.1812050445012361,0.1812050445012361,0.0,0.0,0.0
114,DREAMER,arousal,subject,relative_power,linear_logistic,20260923,0.75,,0.0508797591297591,,0.4698067632850242,0.0049651738985841,0.026031191031191,0.1719910903671788,0.0248485680985681,0.0808025774792664,1.0,0.2167285348024935,0.2271905274242148,0.2030357509195155,0.2022439953461066,0.2167285348024935,0.2209888786355182,0.03771370308016986,0.021755625637256082,0.015958077442913776,0,,0.176956264265763,,,,,,,,,participant_x_stimulus,0.015958077442913776,-0.04633635748177766,0.07869191002100698,0.436,audit,0.2167285370190025,0.2167285370190025,0.0,0.0,0.0
115,DREAMER,arousal,subject,relative_power,linear_logistic,20260923,1.0,,0.055748667998668,,0.4698067632850242,0.0049651738985841,0.026031191031191,0.2301001243737248,0.0297174769674769,0.1081025946635011,1.0,0.3118238533386132,0.3249717769985253,0.288002289900095,0.3041086133302447,0.3039454394716424,0.392080161990088,0.06410499608754416,0.021755625637256082,0.04234937045028808,1,,0.2350652982723089,,,,,,,,,participant_x_stimulus,0.04234937045028808,-0.01646707379259169,0.09914601445198058,0.7638,audit,0.3118238534604869,0.3118238534604869,0.0,0.0,0.0
116,DREAMER,arousal,subject,relative_power,linear_logistic,20261007,0.25,,0.0404920634920634,,0.4975845410628019,0.0047772003444623,0.0351082251082251,0.059804999923114,0.0053838383838382,0.0297580434400035,1.0,0.0999049234507109,0.1054870465470851,0.1723503445742455,0.1727421281396213,0.0999049234507109,0.0987236542856703,-0.0015294145543357507,-0.03803381310317028,0.03650439854883453,1,,0.0645822002675763,,,,,,,,,participant_x_stimulus,0.03650439854883453,-0.017433506110683082,0.09182609636336563,0.7164,heldout,0.0999049237327866,0.0999049237327866,0.0,0.0,0.0
117,DREAMER,arousal,subject,relative_power,linear_logistic,20261007,0.5,,0.0506955266955266,,0.4975845410628019,0.0047772003444623,0.0351082251082251,0.1190336895364602,0.0155873015873014,0.0592293237790115,1.0,0.1675250566268185,0.1761460220263452,0.2990788234105974,0.3051954444713688,0.1675250566268185,0.167813337280126,0.004611955516562682,-0.03803381310317028,0.04264576861973296,1,,0.1238108898809225,,,,,,,,,participant_x_stimulus,0.04264576861973296,-0.02173408572562039,0.09961782172322271,0.757,heldout,0.1675250580557006,0.1675250580557006,0.0,0.0,0.0
118,DREAMER,arousal,subject,relative_power,linear_logistic,20261007,0.75,,0.0407207792207792,,0.4975845410628019,0.0047772003444623,0.0351082251082251,0.1805882899128791,0.005612554112554,0.0898579413576161,1.0,0.2137901903090654,0.2241509322260643,0.2915045544757106,0.2728604524813958,0.2137901903090654,0.2228339921779431,-0.03433476394849788,-0.03803381310317028,0.003699049154672396,0,,0.1853654902573414,,,,,,,,,participant_x_stimulus,0.003699049154672396,-0.06340873781591654,0.07030554413795471,0.3036,heldout,0.2137901927573128,0.2137901927573128,0.0,0.0,0.0
119,DREAMER,arousal,subject,relative_power,linear_logistic,20261007,1.0,,0.0453968253968253,,0.4975845410628019,0.0047772003444623,0.0351082251082251,0.2391013461612817,0.0102886002886001,0.1189731335971595,1.0,0.3105090102579585,0.323627566393781,0.404987562836416,0.4328649368989762,0.2952511656965674,0.4110575987219238,-0.014701349204467418,-0.03803381310317028,0.02333246389870286,1,,0.2438785465057441,,,,,,,,,participant_x_stimulus,0.02333246389870286,-0.03753218436613679,0.08906696457415816,0.5204,heldout,0.3105090163258621,0.3105090163258621,0.0,0.0,0.0
120,DREAMER,valence,subject,all,gpu_mlp,20260813,0.25,,0.0128304473304473,,0.4746376811594203,0.0014898682002842,-0.0061831501831501,0.0511727755875582,0.0190135975135974,0.02428852754337,4.0,0.093865246021122,0.0991470772784636,0.0573113416576971,0.0918887861394888,0.093865246021122,0.0924207892564007,-0.01808716056021309,-0.01501967589763642,-0.0030674846625766694,0,,0.0526626437878424,,,,,,,,,participant_x_stimulus,-0.0030674846625766694,-0.06872751656919718,0.06915438547730444,0.2416,audit,0.0938652474755572,0.0938652474755572,0.0,0.0,0.0
121,DREAMER,valence,subject,all,gpu_mlp,20260813,0.5,,0.0349673104673104,,0.4746376811594203,0.0014898682002842,-0.0061831501831501,0.1023289128356194,0.0411504606504605,0.0485691579038628,4.0,0.1742025164756463,0.1830915315038395,0.1534362678614527,0.1516003107496588,0.1742025164756463,0.1762939752114892,-0.02282892968005279,-0.01501967589763642,-0.00780925378241637,0,,0.1038187810359036,,,,,,,,,participant_x_stimulus,-0.00780925378241637,-0.08561944980174303,0.07221303489059205,0.2494,audit,0.1742025184261099,0.1742025184261099,0.0,0.0,0.0
122,DREAMER,valence,subject,all,gpu_mlp,20260813,0.75,,0.0347770007770007,,0.4746376811594203,0.0014898682002842,-0.0061831501831501,0.1507642312571493,0.0409601509601508,0.0715583851256759,4.0,0.2298958363608769,0.2407980404529418,0.1858361622146261,0.1772916785970906,0.2298958363608769,0.2386321414395597,-0.0005988316671962091,-0.01501967589763642,0.01442084423044021,0,,0.1522540994574335,,,,,,,,,participant_x_stimulus,0.01442084423044021,-0.05265936804935336,0.0823636673390865,0.4364,audit,0.2298958381633485,0.2298958381633485,0.0,0.0,0.0
123,DREAMER,valence,subject,all,gpu_mlp,20260813,1.0,,0.0535906315906315,,0.4746376811594203,0.0014898682002842,-0.0061831501831501,0.2044559275917163,0.0597737817737816,0.0970424873714306,4.0,0.3703729033758154,0.3846098101412517,0.3778268453093262,0.4496907201802373,0.3703729033758155,0.446835124109127,-0.013944223107569709,-0.01501967589763642,0.001075452790066711,0,,0.2059457957920006,,,,,,,,,participant_x_stimulus,0.001075452790066711,-0.06252820733934641,0.07284329514950509,0.2816,audit,0.3703729004003491,0.3703729004003491,0.0,0.0,0.0
124,DREAMER,valence,subject,all,gpu_mlp,20260829,0.25,,0.0373006535947712,,0.4770531400966183,0.0021633658913786,0.0115686274509803,0.0526402691737363,0.0257320261437909,0.0251122057048621,4.0,0.1329872083793061,0.1401300115344974,0.1418049491808932,0.1468583133004024,0.132987208379306,0.1329301915762276,0.022865592843350435,0.022865592843350435,0.0,0,,0.0548036350651149,,,,,,,,,participant_x_stimulus,0.0,-0.06242671059444547,0.06144448211416591,0.2426,heldout,0.1329872089162801,0.1329872089162801,0.0,0.0,0.0
125,DREAMER,valence,subject,all,gpu_mlp,20260829,0.5,,0.0175270350564468,,0.4770531400966183,0.0021633658913786,0.0115686274509803,0.1052183824947969,0.0059584076054664,0.0501947597650299,4.0,0.1420073389507458,0.1495510444931376,0.0919614733715593,0.1201305675208573,0.1420073389507458,0.1425503780334062,0.03051597291814334,0.022865592843350435,0.007650380074792906,0,,0.1073817483861755,,,,,,,,,participant_x_stimulus,0.007650380074792906,-0.04987180717289448,0.0659055719152092,0.3244,heldout,0.1420073435852238,0.1420073435852238,0.0,0.0,0.0
126,DREAMER,valence,subject,all,gpu_mlp,20260829,0.75,,0.0428983532807062,,0.4770531400966183,0.0021633658913786,0.0115686274509803,0.1540485544069695,0.0313297258297259,0.0734893466071895,4.0,0.2585273054532653,0.2703106962549212,0.2529896492306376,0.251454107352366,0.2585273054532653,0.2683390642944063,0.010595654193043758,0.022865592843350435,-0.012269938650306678,0,,0.1562119202983481,,,,,,,,,participant_x_stimulus,-0.012269938650306678,-0.07727435883134604,0.05819571483880279,0.1662,heldout,0.2585273066303781,0.2585273066303781,0.0,0.0,0.0
127,DREAMER,valence,subject,all,gpu_mlp,20260829,1.0,,0.0311827094474153,,0.4770531400966183,0.0021633658913786,0.0115686274509803,0.2105824793469894,0.019614081996435,0.1004590330218125,4.0,0.3047817066276617,0.317769810645706,0.2233257515303333,0.2489533628481602,0.3047817066276616,0.4427471702207027,0.037885268740986966,0.022865592843350435,0.01501967589763653,0,,0.212745845238368,,,,,,,,,participant_x_stimulus,0.01501967589763653,-0.046430648770183325,0.0784908033907413,0.4228,heldout,0.3047817041704811,0.3047817041704811,0.0,0.0,0.0
128,DREAMER,valence,subject,all,gpu_mlp,20260911,0.25,,0.0328189033189033,,0.4806763285024155,0.0025877880966839,0.020563492063492,0.0531533726182291,0.0122554112554113,0.0255495679976511,4.0,0.1263840314448096,0.1332266696732329,0.1331037408896115,0.13673259776152,0.1263840314448096,0.1260779551311404,-0.03509886833035947,-0.03924180578300296,0.0041429374526434914,0,,0.055741160714913,,,,,,,,,participant_x_stimulus,0.0041429374526434914,-0.0578872935846448,0.0679853789508342,0.3078,audit,0.126384031354473,0.126384031354473,0.0,0.0,0.0
129,DREAMER,valence,subject,all,gpu_mlp,20260911,0.5,,0.0402712842712842,,0.4806763285024155,0.0025877880966839,0.020563492063492,0.1059606285148812,0.0197077922077922,0.0509327658803414,4.0,0.1924138858156711,0.2020048544251911,0.2104516015721417,0.2243018199917594,0.1924138858156711,0.1953387708170889,-0.05426148168063938,-0.03924180578300296,-0.01501967589763642,0,,0.1085484166115652,,,,,,,,,participant_x_stimulus,-0.01501967589763642,-0.07611764241009951,0.045879074372351135,0.1176,audit,0.1924138880075653,0.1924138880075653,0.0,0.0,0.0
130,DREAMER,valence,subject,all,gpu_mlp,20260911,0.75,,0.034090909090909,,0.4806763285024155,0.0025877880966839,0.020563492063492,0.1568041460352298,0.013527417027417,0.0753720412101708,4.0,0.2386692963734573,0.2498525727536952,0.2143990009096046,0.2105009241315655,0.2386692963734573,0.2494527956605674,-0.05226944980812942,-0.03924180578300296,-0.013027644025126461,0,,0.1593919341319137,,,,,,,,,participant_x_stimulus,-0.013027644025126461,-0.07470973078161477,0.0454344619065523,0.13,audit,0.2386692985592047,0.2386692985592047,0.0,0.0,0.0
131,DREAMER,valence,subject,all,gpu_mlp,20260911,1.0,,0.0339062049062049,,0.4806763285024155,0.0025877880966839,0.020563492063492,0.2128705240418826,0.0133427128427128,0.1023218219428373,4.0,0.3197018771809825,0.3330212300368813,0.2649011159266282,0.3120189493996562,0.3197018771809825,0.463629630151734,-0.046892185857795754,-0.03924180578300296,-0.007650380074792795,0,,0.2154583121385665,,,,,,,,,participant_x_stimulus,-0.007650380074792795,-0.07383457981050014,0.05740511529147624,0.197,audit,0.3197018802996172,0.3197018802996172,0.0,0.0,0.0
132,DREAMER,valence,subject,all,gpu_mlp,20260923,0.25,,0.0321193251193251,,0.4698067632850242,0.0019263106941665,0.0086178821178821,0.0493663558824463,0.023501443001443,0.0231926478723087,4.0,0.1200468188057588,0.1265960724954086,0.0996221785059236,0.0772151428188455,0.1200468188057588,0.1196141192984345,0.05457922909588642,0.03310683645784962,0.021472392638036797,1,,0.0512926665766129,,,,,,,,,participant_x_stimulus,0.021472392638036797,-0.04552187556400895,0.08898179568350315,0.5046,heldout,0.1200468190570645,0.1200468190570645,0.0,0.0,0.0
133,DREAMER,valence,subject,all,gpu_mlp,20260923,0.5,,0.0468802586302586,,0.4698067632850242,0.0019263106941665,0.0086178821178821,0.0988892760999542,0.0382623765123765,0.0464588507281186,4.0,0.1965489214731557,0.2062933515603242,0.197148316544021,0.1969747195145944,0.1965489214731557,0.1993229531936395,0.020238066140346622,0.03310683645784962,-0.012868770317502998,0,,0.1008155867941208,,,,,,,,,participant_x_stimulus,-0.012868770317502998,-0.07983460184186697,0.05171103477478027,0.148,heldout,0.1965489228718896,0.1965489228718896,0.0,0.0,0.0
134,DREAMER,valence,subject,all,gpu_mlp,20260923,0.75,,0.0635444832944832,,0.4698067632850242,0.0019263106941665,0.0086178821178821,0.146167155284488,0.0549266011766011,0.0686703181227848,4.0,0.3077139840011211,0.3207693910111607,0.3669342451841039,0.3088070724413633,0.3077139840011211,0.3144846345002375,0.04171045877838342,0.03310683645784962,0.0086036223205338,0,,0.1480934659786545,,,,,,,,,participant_x_stimulus,0.0086036223205338,-0.06437095850706101,0.06884453017264598,0.3684,heldout,0.3077139822224734,0.3077139822224734,0.0,0.0,0.0
135,DREAMER,valence,subject,all,gpu_mlp,20260923,1.0,,0.0454012654012654,,0.4698067632850242,0.0019263106941665,0.0086178821178821,0.1976969978388198,0.0367833832833833,0.0928793866658223,4.0,0.3274367078534151,0.3409168175547751,0.2711357775508653,0.2458305810716735,0.3274367078534151,0.4035828964855587,0.03450003666316326,0.03310683645784962,0.0013932002053136383,0,,0.1996233085329863,,,,,,,,,participant_x_stimulus,0.0013932002053136383,-0.08236197009682655,0.07995683327317231,0.3336,heldout,0.3274367121586566,0.3274367121586566,0.0,0.0,0.0
136,DREAMER,valence,subject,all,gpu_mlp,20261007,0.25,,0.0457089577089576,,0.4975845410628019,0.0019436919880703,0.007523199023199,0.0482410292138252,0.0381857586857586,0.0240039903817584,4.0,0.1494717333205619,0.1573392500570091,0.2746519359103697,0.304155561233017,0.1494717333205619,0.1497567167335242,-0.06039645100579272,-0.023146677095299717,-0.037249773910493,0,,0.0501847212018955,,,,,,,,,participant_x_stimulus,-0.037249773910493,-0.09411153513938189,0.0226778586395084,0.0294,audit,0.1494717340530996,0.1494717340530996,0.0,0.0,0.0
137,DREAMER,valence,subject,all,gpu_mlp,20261007,0.5,,0.0070402375402375,,0.4975845410628019,0.0019436919880703,0.007523199023199,0.0965456197854634,-0.0004829614829615,0.0480396079125735,4.0,0.1215222539639027,0.1281402747028637,0.1023308006680504,0.1480460640801252,0.1215222539639027,0.120759127109084,-0.053503776305819595,-0.023146677095299717,-0.030357099210519878,0,,0.0984893117735337,,,,,,,,,participant_x_stimulus,-0.030357099210519878,-0.09643573146313429,0.03779462622478603,0.0682,audit,0.1215222575038794,0.1215222575038794,0.0,0.0,0.0
138,DREAMER,valence,subject,all,gpu_mlp,20261007,0.75,,0.0120996225996225,,0.4975845410628019,0.0019436919880703,0.007523199023199,0.1421593066913038,0.0045764235764235,0.0707362733777985,4.0,0.1732146276585928,0.1820643463493865,0.151169069910696,0.1860562833820102,0.1732146276585928,0.1807064165756756,-0.028487277882335738,-0.023146677095299717,-0.005340600787036021,0,,0.1441029986793741,,,,,,,,,participant_x_stimulus,-0.005340600787036021,-0.06869883667677641,0.05576651999726891,0.1896,audit,0.1732146313222388,0.1732146313222388,0.0,0.0,0.0
139,DREAMER,valence,subject,all,gpu_mlp,20261007,1.0,,0.0303971583971583,,0.4975845410628019,0.0019436919880703,0.007523199023199,0.1931068522661495,0.0228739593739593,0.0960869844609342,4.0,0.2881509058392709,0.3007368690734267,0.3215563776387204,0.2752056608357562,0.288150905839271,0.3854670417022161,-0.034341162955539795,-0.023146677095299717,-0.011194485860240078,0,,0.1950505442542198,,,,,,,,,participant_x_stimulus,-0.011194485860240078,-0.07494571041315794,0.04925148431211708,0.1372,audit,0.2881509068068885,0.2881509068068885,0.0,0.0,0.0
140,DREAMER,valence,subject,all,linear_logistic,20260813,0.25,,0.0128304473304473,,0.4746376811594203,0.0014898682002842,-0.0061831501831501,0.0511727755875582,0.0190135975135974,0.02428852754337,1.0,0.0611191201653481,0.0646898627491309,0.0368168324280653,0.0597866802468447,0.0611191201653481,0.0587922393023162,-0.002749737247329631,-0.00721042211522005,0.004460684867890419,0,,0.0526626437878424,,,,,,,,,participant_x_stimulus,0.004460684867890419,-0.052237164974212644,0.062261256575584414,0.2874,heldout,0.0611191211466086,0.0611191211466086,0.0,0.0,0.0
141,DREAMER,valence,subject,all,linear_logistic,20260813,0.5,,0.0349673104673104,,0.4746376811594203,0.0014898682002842,-0.0061831501831501,0.1023289128356194,0.0411504606504605,0.0485691579038628,1.0,0.1170500299931945,0.1234587266782519,0.1022977167290205,0.1009566200084875,0.1170500299931945,0.1153661764729222,-0.0239043824701195,-0.00721042211522005,-0.01669396035489945,0,,0.1038187810359036,,,,,,,,,participant_x_stimulus,-0.01669396035489945,-0.0806853048503399,0.04700613692402834,0.1236,heldout,0.1170500313944505,0.1170500313944505,0.0,0.0,0.0
142,DREAMER,valence,subject,all,linear_logistic,20260813,0.75,,0.0347770007770007,,0.4746376811594203,0.0014898682002842,-0.0061831501831501,0.1507642312571493,0.0409601509601508,0.0715583851256759,1.0,0.1579666753711173,0.1661939576375878,0.1254999369572369,0.1192720792424429,0.1579666753711173,0.1579850198847197,-0.003348568914525951,-0.00721042211522005,0.0038618532006940987,0,,0.1522540994574335,,,,,,,,,participant_x_stimulus,0.0038618532006940987,-0.06246362049132585,0.06682202108204363,0.3112,heldout,0.1579666767253166,0.1579666767253166,0.0,0.0,0.0
143,DREAMER,valence,subject,all,linear_logistic,20260813,1.0,,0.0535906315906315,,0.4746376811594203,0.0014898682002842,-0.0061831501831501,0.2044559275917163,0.0597737817737816,0.0970424873714306,1.0,0.2698953827127743,0.2819998547948281,0.2763112687535263,0.3392907605130562,0.2698953827127743,0.3059781415063886,-0.010717864737369576,-0.00721042211522005,-0.003507442622149526,0,,0.2059457957920006,,,,,,,,,participant_x_stimulus,-0.003507442622149526,-0.061944070458412166,0.054892259743064636,0.2062,heldout,0.2698953801984982,0.2698953801984982,0.0,0.0,0.0
144,DREAMER,valence,subject,all,linear_logistic,20260829,0.25,,0.0373006535947712,,0.4770531400966183,0.0021633658913786,0.0115686274509803,0.0526402691737363,0.0257320261437909,0.0251122057048621,1.0,0.0879170792866389,0.0928985220807785,0.0941120255147725,0.0976164696000169,0.0879170792866388,0.086523404171816,-0.012868770317502942,-0.005059516535086683,-0.007809253782416259,0,,0.0548036350651149,,,,,,,,,participant_x_stimulus,-0.007809253782416259,-0.070017409324646,0.05347470100969076,0.1844,audit,0.0879170796600828,0.0879170796600828,0.0,0.0,0.0
145,DREAMER,valence,subject,all,linear_logistic,20260829,0.5,,0.0175270350564468,,0.4770531400966183,0.0021633658913786,0.0115686274509803,0.1052183824947969,0.0059584076054664,0.0501947597650299,1.0,0.0942124164750836,0.0995116362934369,0.0598629424869326,0.0790205088049239,0.0942124164750836,0.0914414819985839,0.005218390242710147,-0.005059516535086683,0.01027790677779683,0,,0.1073817483861755,,,,,,,,,participant_x_stimulus,0.01027790677779683,-0.06119465511292219,0.07992731519043444,0.4068,audit,0.0942124197210272,0.0942124197210272,0.0,0.0,0.0
146,DREAMER,valence,subject,all,linear_logistic,20260829,0.75,,0.0428983532807062,,0.4770531400966183,0.0021633658913786,0.0115686274509803,0.1540485544069695,0.0313297258297259,0.0734893466071895,1.0,0.1797307044465386,0.1888373016878063,0.1755516213152485,0.1743065495073966,0.1797307044465386,0.1810564298938728,-0.009960159362549792,-0.005059516535086683,-0.004900642827463109,0,,0.1562119202983481,,,,,,,,,participant_x_stimulus,-0.004900642827463109,-0.07814516294747591,0.06618373654782762,0.2426,audit,0.1797307053518443,0.1797307053518443,0.0,0.0,0.0
147,DREAMER,valence,subject,all,linear_logistic,20260829,1.0,,0.0311827094474153,,0.4770531400966183,0.0021633658913786,0.0115686274509803,0.2105824793469894,0.019614081996435,0.1004590330218125,1.0,0.21599398764166,0.2264307735580018,0.1531065932617124,0.1723963453369174,0.2159939876416599,0.2602700673055262,0.008127001197663353,-0.005059516535086683,0.013186517732750036,0,,0.212745845238368,,,,,,,,,participant_x_stimulus,0.013186517732750036,-0.05843564178794622,0.08265168368816371,0.4348,audit,0.2159939856779016,0.2159939856779016,0.0,0.0,0.0
148,DREAMER,valence,subject,all,linear_logistic,20260911,0.25,,0.0328189033189033,,0.4806763285024155,0.0025877880966839,0.020563492063492,0.0531533726182291,0.0122554112554113,0.0255495679976511,1.0,0.0833366559574443,0.088083630644852,0.0880370664608805,0.0905256671079377,0.0833366559574443,0.081760757233448,-0.03724977391049289,0.011194485860240078,-0.04844425977073297,0,,0.055741160714913,,,,,,,,,participant_x_stimulus,-0.04844425977073297,-0.11458019930869341,0.01470968197099859,0.0158,heldout,0.0833366558949419,0.0833366558949419,0.0,0.0,0.0
149,DREAMER,valence,subject,all,linear_logistic,20260911,0.5,,0.0402712842712842,,0.4806763285024155,0.0025877880966839,0.020563492063492,0.1059606285148812,0.0197077922077922,0.0509327658803414,1.0,0.1302288301469507,0.1372469287089326,0.1435323187533854,0.1537734133732399,0.1302288301469507,0.1290640544389353,-0.02115464522278976,0.011194485860240078,-0.032349131083029836,0,,0.1085484166115652,,,,,,,,,participant_x_stimulus,-0.032349131083029836,-0.09451210852712393,0.028798298817127928,0.0436,heldout,0.130228831744692,0.130228831744692,0.0,0.0,0.0
150,DREAMER,valence,subject,all,linear_logistic,20260911,0.75,,0.034090909090909,,0.4806763285024155,0.0025877880966839,0.020563492063492,0.1568041460352298,0.013527417027417,0.0753720412101708,1.0,0.1645817672060015,0.1730827600161206,0.1464573581865817,0.143509172712843,0.1645817672060015,0.1651896695362956,-0.04876200718597995,0.011194485860240078,-0.05995649304622003,0,,0.1593919341319137,,,,,,,,,participant_x_stimulus,-0.05995649304622003,-0.13277722746133805,0.009113049879670135,0.0122,heldout,0.1645817688599263,0.1645817688599263,0.0,0.0,0.0
151,DREAMER,valence,subject,all,linear_logistic,20260911,1.0,,0.0339062049062049,,0.4806763285024155,0.0025877880966839,0.020563492063492,0.2128705240418826,0.0133427128427128,0.1023218219428373,1.0,0.2279930821197548,0.2388330383044359,0.1847186601572316,0.2217955258127302,0.2279930821197548,0.2793690078234861,-0.0191626133502798,0.011194485860240078,-0.030357099210519878,0,,0.2154583121385665,,,,,,,,,participant_x_stimulus,-0.030357099210519878,-0.10023476779460908,0.04051140984520313,0.0792,heldout,0.2279930846436011,0.2279930846436011,0.0,0.0,0.0
152,DREAMER,valence,subject,all,linear_logistic,20260923,0.25,,0.0321193251193251,,0.4698067632850242,0.0019263106941665,0.0086178821178821,0.0493663558824463,0.023501443001443,0.0231926478723087,1.0,0.0789628478236719,0.0834833758562053,0.0650412584207073,0.0499573820313533,0.0789628478236719,0.0773385352325998,0.030955930877716087,-0.0035441057854471714,0.03450003666316326,1,,0.0512926665766129,,,,,,,,,participant_x_stimulus,0.03450003666316326,-0.026544385915622113,0.10641792453825469,0.6448,audit,0.0789628479966902,0.0789628479966902,0.0,0.0,0.0
153,DREAMER,valence,subject,all,linear_logistic,20260923,0.5,,0.0468802586302586,,0.4698067632850242,0.0019263106941665,0.0086178821178821,0.0988892760999542,0.0382623765123765,0.0464588507281186,1.0,0.1332479851466816,0.1404025223123695,0.1337426505718103,0.133559445806191,0.1332479851466816,0.1323960183851961,-0.010436780485420238,-0.0035441057854471714,-0.006892674699973067,0,,0.1008155867941208,,,,,,,,,participant_x_stimulus,-0.006892674699973067,-0.06250121966004371,0.048626071959733945,0.1678,audit,0.133247986169646,0.133247986169646,0.0,0.0,0.0
154,DREAMER,valence,subject,all,linear_logistic,20260923,0.75,,0.0635444832944832,,0.4698067632850242,0.0019263106941665,0.0086178821178821,0.146167155284488,0.0549266011766011,0.0686703181227848,1.0,0.2183403223511209,0.2288573879586069,0.2670889572043939,0.2192164620878603,0.2183403223511209,0.2204937633212023,0.031872509960159334,-0.0035441057854471714,0.035416615745606506,1,,0.1480934659786545,,,,,,,,,participant_x_stimulus,0.035416615745606506,-0.026316035352647305,0.0980123817920684,0.6848,audit,0.2183403209261407,0.2183403209261407,0.0,0.0,0.0
155,DREAMER,valence,subject,all,linear_logistic,20260923,1.0,,0.0454012654012654,,0.4698067632850242,0.0019263106941665,0.0086178821178821,0.1976969978388198,0.0367833832833833,0.0928793866658223,1.0,0.2342732026611657,0.2453168642800043,0.1895527862101251,0.1700164807597774,0.2342732026611657,0.2618722481632083,0.023146677095299828,-0.0035441057854471714,0.026690782880747,1,,0.1996233085329863,,,,,,,,,participant_x_stimulus,0.026690782880747,-0.0374986351467669,0.09283577147871255,0.565,audit,0.2342732061681471,0.2342732061681471,0.0,0.0,0.0
156,DREAMER,valence,subject,all,linear_logistic,20261007,0.25,,0.0457089577089576,,0.4975845410628019,0.0019436919880703,0.007523199023199,0.0482410292138252,0.0381857586857586,0.0240039903817584,1.0,0.0994557590350597,0.1050157128759511,0.1922900757211732,0.2154937086952478,0.0994557590350597,0.0985787077527176,-0.00780925378241637,0.028206193630386456,-0.036015447412802826,0,,0.0501847212018955,,,,,,,,,participant_x_stimulus,-0.036015447412802826,-0.09903120249509811,0.023121893545612688,0.03,heldout,0.0994557595511399,0.0994557595511399,0.0,0.0,0.0
157,DREAMER,valence,subject,all,linear_logistic,20261007,0.5,,0.0070402375402375,,0.4975845410628019,0.0019436919880703,0.007523199023199,0.0965456197854634,-0.0004829614829615,0.0480396079125735,1.0,0.0799792349144793,0.0845526048234693,0.0668795006333751,0.0984519238304702,0.0799792349144793,0.0767134783869386,0.022071224305233117,0.028206193630386456,-0.006134969325153339,0,,0.0984893117735337,,,,,,,,,participant_x_stimulus,-0.006134969325153339,-0.08247136864811182,0.07120949812233446,0.2238,heldout,0.079979237354473,0.079979237354473,0.0,0.0,0.0
158,DREAMER,valence,subject,all,linear_logistic,20261007,0.75,,0.0120996225996225,,0.4975845410628019,0.0019436919880703,0.007523199023199,0.1421593066913038,0.0045764235764235,0.0707362733777985,1.0,0.1163405873367224,0.1227158385479921,0.1006962697921902,0.1256063322292704,0.1163405873367224,0.1119448531578201,0.040952753403563635,0.028206193630386456,0.01274655977317718,0,,0.1441029986793741,,,,,,,,,participant_x_stimulus,0.01274655977317718,-0.06605132818222045,0.08974951840937136,0.397,heldout,0.1163405899667016,0.1163405899667016,0.0,0.0,0.0
159,DREAMER,valence,subject,all,linear_logistic,20261007,1.0,,0.0303971583971583,,0.4975845410628019,0.0019436919880703,0.007523199023199,0.1931068522661495,0.0228739593739593,0.0960869844609342,1.0,0.2027947718632387,0.2127668566806912,0.2295808566632949,0.1926464080327145,0.2027947718632387,0.2285133456606284,0.049837459976046716,0.028206193630386456,0.02163126634566026,1,,0.1950505442542198,,,,,,,,,participant_x_stimulus,0.02163126634566026,-0.04635705277323723,0.09211046136915674,0.4968,heldout,0.2027947726258842,0.2027947726258842,0.0,0.0,0.0
160,DREAMER,valence,subject,normalized_asymmetry,gpu_mlp,20260813,0.25,,0.0128304473304473,,0.4746376811594203,0.0014898682002842,-0.0061831501831501,0.0511727755875582,0.0190135975135974,0.02428852754337,4.0,0.093865246021122,0.0991470772784636,0.0573113416576971,0.0918887861394888,0.093865246021122,0.0924207892564007,0.022670055972429326,0.02342776134724911,-0.0007577053748197837,0,,0.0526626437878424,,,,,,,,,participant_x_stimulus,-0.0007577053748197837,-0.06658932939171791,0.07046433929353951,0.2726,audit,0.0938652474755572,0.0938652474755572,0.0,0.0,0.0
161,DREAMER,valence,subject,normalized_asymmetry,gpu_mlp,20260813,0.5,,0.0349673104673104,,0.4746376811594203,0.0014898682002842,-0.0061831501831501,0.1023289128356194,0.0411504606504605,0.0485691579038628,4.0,0.1742025164756463,0.1830915315038395,0.1534362678614527,0.1516003107496588,0.1742025164756463,0.1762939752114892,0.011316696404565785,0.02342776134724911,-0.012111064942683325,0,,0.1038187810359036,,,,,,,,,participant_x_stimulus,-0.012111064942683325,-0.07355416808277368,0.055725040938705166,0.1594,audit,0.1742025184261099,0.1742025184261099,0.0,0.0,0.0
162,DREAMER,valence,subject,normalized_asymmetry,gpu_mlp,20260813,0.75,,0.0347770007770007,,0.4746376811594203,0.0014898682002842,-0.0061831501831501,0.1507642312571493,0.0409601509601508,0.0715583851256759,4.0,0.2298958363608769,0.2407980404529418,0.1858361622146261,0.1772916785970906,0.2298958363608769,0.2386321414395597,0.027729572507515954,0.02342776134724911,0.004301811160266844,0,,0.1522540994574335,,,,,,,,,participant_x_stimulus,0.004301811160266844,-0.06140506835654378,0.07798427417874332,0.336,audit,0.2298958381633485,0.2298958381633485,0.0,0.0,0.0
163,DREAMER,valence,subject,normalized_asymmetry,gpu_mlp,20260813,1.0,,0.0535906315906315,,0.4746376811594203,0.0014898682002842,-0.0061831501831501,0.2044559275917163,0.0597737817737816,0.0970424873714306,4.0,0.3703729033758154,0.3846098101412517,0.3778268453093262,0.4496907201802373,0.3703729033758155,0.446835124109127,0.03171363625253587,0.02342776134724911,0.00828587490528676,0,,0.2059457957920006,,,,,,,,,participant_x_stimulus,0.00828587490528676,-0.05743795176967978,0.08422554675489634,0.3714,audit,0.3703729004003491,0.3703729004003491,0.0,0.0,0.0
164,DREAMER,valence,subject,normalized_asymmetry,gpu_mlp,20260829,0.25,,0.0373006535947712,,0.4770531400966183,0.0021633658913786,0.0115686274509803,0.0526402691737363,0.0257320261437909,0.0251122057048621,4.0,0.1329872083793061,0.1401300115344974,0.1418049491808932,0.1468583133004024,0.132987208379306,0.1329301915762276,0.00780925378241637,-0.021313518930413333,0.029122772712829703,1,,0.0548036350651149,,,,,,,,,participant_x_stimulus,0.029122772712829703,-0.04166811881586909,0.09893167652189731,0.607,heldout,0.1329872089162801,0.1329872089162801,0.0,0.0,0.0
165,DREAMER,valence,subject,normalized_asymmetry,gpu_mlp,20260829,0.5,,0.0175270350564468,,0.4770531400966183,0.0021633658913786,0.0115686274509803,0.1052183824947969,0.0059584076054664,0.0501947597650299,4.0,0.1420073389507458,0.1495510444931376,0.0919614733715593,0.1201305675208573,0.1420073389507458,0.1425503780334062,-0.023146677095299828,-0.021313518930413333,-0.0018331581648864947,0,,0.1073817483861755,,,,,,,,,participant_x_stimulus,-0.0018331581648864947,-0.06597821954637766,0.06158378589898347,0.2514,heldout,0.1420073435852238,0.1420073435852238,0.0,0.0,0.0
166,DREAMER,valence,subject,normalized_asymmetry,gpu_mlp,20260829,0.75,,0.0428983532807062,,0.4770531400966183,0.0021633658913786,0.0115686274509803,0.1540485544069695,0.0313297258297259,0.0734893466071895,4.0,0.2585273054532653,0.2703106962549212,0.2529896492306376,0.251454107352366,0.2585273054532653,0.2683390642944063,-0.005499474494659373,-0.021313518930413333,0.01581404443575396,0,,0.1562119202983481,,,,,,,,,participant_x_stimulus,0.01581404443575396,-0.04335347888991237,0.08093072492629287,0.4442,heldout,0.2585273066303781,0.2585273066303781,0.0,0.0,0.0
167,DREAMER,valence,subject,normalized_asymmetry,gpu_mlp,20260829,1.0,,0.0311827094474153,,0.4770531400966183,0.0021633658913786,0.0115686274509803,0.2105824793469894,0.019614081996435,0.1004590330218125,4.0,0.3047817066276617,0.317769810645706,0.2233257515303333,0.2489533628481602,0.3047817066276616,0.4427471702207027,-0.003825190037396342,-0.021313518930413333,0.01748832889301699,0,,0.212745845238368,,,,,,,,,participant_x_stimulus,0.01748832889301699,-0.060518520325422286,0.09456342589110132,0.4734,heldout,0.3047817041704811,0.3047817041704811,0.0,0.0,0.0
168,DREAMER,valence,subject,normalized_asymmetry,gpu_mlp,20260911,0.25,,0.0328189033189033,,0.4806763285024155,0.0025877880966839,0.020563492063492,0.0531533726182291,0.0122554112554113,0.0255495679976511,4.0,0.1263840314448096,0.1332266696732329,0.1331037408896115,0.13673259776152,0.1263840314448096,0.1260779551311404,0.0009165790824432474,0.025456456383056714,-0.024539877300613466,0,,0.055741160714913,,,,,,,,,participant_x_stimulus,-0.024539877300613466,-0.08157418444752693,0.032125037815421795,0.0562,audit,0.126384031354473,0.126384031354473,0.0,0.0,0.0
169,DREAMER,valence,subject,normalized_asymmetry,gpu_mlp,20260911,0.5,,0.0402712842712842,,0.4806763285024155,0.0025877880966839,0.020563492063492,0.1059606285148812,0.0197077922077922,0.0509327658803414,4.0,0.1924138858156711,0.2020048544251911,0.2104516015721417,0.2243018199917594,0.1924138858156711,0.1953387708170889,-0.003825190037396453,0.025456456383056714,-0.029281646420453167,0,,0.1085484166115652,,,,,,,,,participant_x_stimulus,-0.029281646420453167,-0.10233727246522903,0.04236913742497561,0.087,audit,0.1924138880075653,0.1924138880075653,0.0,0.0,0.0
170,DREAMER,valence,subject,normalized_asymmetry,gpu_mlp,20260911,0.75,,0.034090909090909,,0.4806763285024155,0.0025877880966839,0.020563492063492,0.1568041460352298,0.013527417027417,0.0753720412101708,4.0,0.2386692963734573,0.2498525727536952,0.2143990009096046,0.2105009241315655,0.2386692963734573,0.2494527956605674,0.012269938650306789,0.025456456383056714,-0.013186517732749925,0,,0.1593919341319137,,,,,,,,,participant_x_stimulus,-0.013186517732749925,-0.0832456886768341,0.056535515189170646,0.1726,audit,0.2386692985592047,0.2386692985592047,0.0,0.0,0.0
171,DREAMER,valence,subject,normalized_asymmetry,gpu_mlp,20260911,1.0,,0.0339062049062049,,0.4806763285024155,0.0025877880966839,0.020563492063492,0.2128705240418826,0.0133427128427128,0.1023218219428373,4.0,0.3197018771809825,0.3330212300368813,0.2649011159266282,0.3120189493996562,0.3197018771809825,0.463629630151734,0.03390120499596705,0.025456456383056714,0.008444748612910336,0,,0.2154583121385665,,,,,,,,,participant_x_stimulus,0.008444748612910336,-0.0640119794756174,0.07851956710219375,0.372,audit,0.3197018802996172,0.3197018802996172,0.0,0.0,0.0
172,DREAMER,valence,subject,normalized_asymmetry,gpu_mlp,20260923,0.25,,0.0321193251193251,,0.4698067632850242,0.0019263106941665,0.0086178821178821,0.0493663558824463,0.023501443001443,0.0231926478723087,4.0,0.1200468188057588,0.1265960724954086,0.0996221785059236,0.0772151428188455,0.1200468188057588,0.1196141192984345,-0.01008236990687561,-0.042150416737956165,0.032068046831080554,1,,0.0512926665766129,,,,,,,,,participant_x_stimulus,0.032068046831080554,-0.04038528427481651,0.10467772856354711,0.626,heldout,0.1200468190570645,0.1200468190570645,0.0,0.0,0.0
173,DREAMER,valence,subject,normalized_asymmetry,gpu_mlp,20260923,0.5,,0.0468802586302586,,0.4698067632850242,0.0019263106941665,0.0086178821178821,0.0988892760999542,0.0382623765123765,0.0464588507281186,4.0,0.1965489214731557,0.2062933515603242,0.197148316544021,0.1969747195145944,0.1965489214731557,0.1993229531936395,-0.006416053577102621,-0.042150416737956165,0.035734363160853544,1,,0.1008155867941208,,,,,,,,,participant_x_stimulus,0.035734363160853544,-0.03857982428744435,0.10960258841514554,0.6594,heldout,0.1965489228718896,0.1965489228718896,0.0,0.0,0.0
174,DREAMER,valence,subject,normalized_asymmetry,gpu_mlp,20260923,0.75,,0.0635444832944832,,0.4698067632850242,0.0019263106941665,0.0086178821178821,0.146167155284488,0.0549266011766011,0.0686703181227848,4.0,0.3077139840011211,0.3207693910111607,0.3669342451841039,0.3088070724413633,0.3077139840011211,0.3144846345002375,-0.003348568914525951,-0.042150416737956165,0.03880184782343021,1,,0.1480934659786545,,,,,,,,,participant_x_stimulus,0.03880184782343021,-0.03176077418029308,0.11427420377731314,0.682,heldout,0.3077139822224734,0.3077139822224734,0.0,0.0,0.0
175,DREAMER,valence,subject,normalized_asymmetry,gpu_mlp,20260923,1.0,,0.0454012654012654,,0.4698067632850242,0.0019263106941665,0.0086178821178821,0.1976969978388198,0.0367833832833833,0.0928793866658223,4.0,0.3274367078534151,0.3409168175547751,0.2711357775508653,0.2458305810716735,0.3274367078534151,0.4035828964855587,-0.001515410749639512,-0.042150416737956165,0.04063500598831665,1,,0.1996233085329863,,,,,,,,,participant_x_stimulus,0.04063500598831665,-0.02526452001184225,0.11019727159291505,0.7194,heldout,0.3274367121586566,0.3274367121586566,0.0,0.0,0.0
176,DREAMER,valence,subject,normalized_asymmetry,gpu_mlp,20261007,0.25,,0.0457089577089576,,0.4975845410628019,0.0019436919880703,0.007523199023199,0.0482410292138252,0.0381857586857586,0.0240039903817584,4.0,0.1494717333205619,0.1573392500570091,0.2746519359103697,0.304155561233017,0.1494717333205619,0.1497567167335242,-0.013186517732750036,0.00967907511060051,-0.022865592843350546,0,,0.0501847212018955,,,,,,,,,participant_x_stimulus,-0.022865592843350546,-0.0886301476508379,0.0465186118148267,0.1004,audit,0.1494717340530996,0.1494717340530996,0.0,0.0,0.0
177,DREAMER,valence,subject,normalized_asymmetry,gpu_mlp,20261007,0.5,,0.0070402375402375,,0.4975845410628019,0.0019436919880703,0.007523199023199,0.0965456197854634,-0.0004829614829615,0.0480396079125735,4.0,0.1215222539639027,0.1281402747028637,0.1023308006680504,0.1480460640801252,0.1215222539639027,0.120759127109084,-0.014103096815193228,0.00967907511060051,-0.023782171925793738,0,,0.0984893117735337,,,,,,,,,participant_x_stimulus,-0.023782171925793738,-0.09457078538835048,0.04242865098640318,0.0926,audit,0.1215222575038794,0.1215222575038794,0.0,0.0,0.0
178,DREAMER,valence,subject,normalized_asymmetry,gpu_mlp,20261007,0.75,,0.0120996225996225,,0.4975845410628019,0.0019436919880703,0.007523199023199,0.1421593066913038,0.0045764235764235,0.0707362733777985,4.0,0.1732146276585928,0.1820643463493865,0.151169069910696,0.1860562833820102,0.1732146276585928,0.1807064165756756,-0.028206193630386456,0.00967907511060051,-0.037885268740986966,0,,0.1441029986793741,,,,,,,,,participant_x_stimulus,-0.037885268740986966,-0.10555362030863762,0.030253166006877986,0.0472,audit,0.1732146313222388,0.1732146313222388,0.0,0.0,0.0
179,DREAMER,valence,subject,normalized_asymmetry,gpu_mlp,20261007,1.0,,0.0303971583971583,,0.4975845410628019,0.0019436919880703,0.007523199023199,0.1931068522661495,0.0228739593739593,0.0960869844609342,4.0,0.2881509058392709,0.3007368690734267,0.3215563776387204,0.2752056608357562,0.288150905839271,0.3854670417022161,-0.032666878498276763,0.00967907511060051,-0.042345953608877274,0,,0.1950505442542198,,,,,,,,,participant_x_stimulus,-0.042345953608877274,-0.10986944008618593,0.026160659175366096,0.037,audit,0.2881509068068885,0.2881509068068885,0.0,0.0,0.0
180,DREAMER,valence,subject,normalized_asymmetry,linear_logistic,20260813,0.25,,0.0128304473304473,,0.4746376811594203,0.0014898682002842,-0.0061831501831501,0.0511727755875582,0.0190135975135974,0.02428852754337,1.0,0.0611191201653481,0.0646898627491309,0.0368168324280653,0.0597866802468447,0.0611191201653481,0.0587922393023162,0.0019920318725099584,-0.011194485860239967,0.013186517732749925,0,,0.0526626437878424,,,,,,,,,participant_x_stimulus,0.013186517732749925,-0.05045744050294161,0.0792669355869292,0.4208,heldout,0.0611191211466086,0.0611191211466086,0.0,0.0,0.0
181,DREAMER,valence,subject,normalized_asymmetry,linear_logistic,20260813,0.5,,0.0349673104673104,,0.4746376811594203,0.0014898682002842,-0.0061831501831501,0.1023289128356194,0.0411504606504605,0.0485691579038628,1.0,0.1170500299931945,0.1234587266782519,0.1022977167290205,0.1009566200084875,0.1170500299931945,0.1153661764729222,-0.025615330090680177,-0.011194485860239967,-0.01442084423044021,0,,0.1038187810359036,,,,,,,,,participant_x_stimulus,-0.01442084423044021,-0.0771798623725772,0.04673752468079328,0.1296,heldout,0.1170500313944505,0.1170500313944505,0.0,0.0,0.0
182,DREAMER,valence,subject,normalized_asymmetry,linear_logistic,20260813,0.75,,0.0347770007770007,,0.4746376811594203,0.0014898682002842,-0.0061831501831501,0.1507642312571493,0.0409601509601508,0.0715583851256759,1.0,0.1579666753711173,0.1661939576375878,0.1254999369572369,0.1192720792424429,0.1579666753711173,0.1579850198847197,-0.02728961454794321,-0.011194485860239967,-0.016095128687703242,0,,0.1522540994574335,,,,,,,,,participant_x_stimulus,-0.016095128687703242,-0.07284101918339729,0.04077497450634831,0.1006,heldout,0.1579666767253166,0.1579666767253166,0.0,0.0,0.0
183,DREAMER,valence,subject,normalized_asymmetry,linear_logistic,20260813,1.0,,0.0535906315906315,,0.4746376811594203,0.0014898682002842,-0.0061831501831501,0.2044559275917163,0.0597737817737816,0.0970424873714306,1.0,0.2698953827127743,0.2819998547948281,0.2763112687535263,0.3392907605130562,0.2698953827127743,0.3059781415063886,-0.015178549605259883,-0.011194485860239967,-0.003984063745019917,0,,0.2059457957920006,,,,,,,,,participant_x_stimulus,-0.003984063745019917,-0.06721560843288898,0.05666461968794454,0.222,heldout,0.2698953801984982,0.2698953801984982,0.0,0.0,0.0
184,DREAMER,valence,subject,normalized_asymmetry,linear_logistic,20260829,0.25,,0.0373006535947712,,0.4770531400966183,0.0021633658913786,0.0115686274509803,0.0526402691737363,0.0257320261437909,0.0251122057048621,1.0,0.0879170792866389,0.0928985220807785,0.0941120255147725,0.0976164696000169,0.0879170792866388,0.086523404171816,0.0003177474152469828,0.019321487057903375,-0.019003739642656392,0,,0.0548036350651149,,,,,,,,,participant_x_stimulus,-0.019003739642656392,-0.07875197473913431,0.04591560419648873,0.105,audit,0.0879170796600828,0.0879170796600828,0.0,0.0,0.0
185,DREAMER,valence,subject,normalized_asymmetry,linear_logistic,20260829,0.5,,0.0175270350564468,,0.4770531400966183,0.0021633658913786,0.0115686274509803,0.1052183824947969,0.0059584076054664,0.0501947597650299,1.0,0.0942124164750836,0.0995116362934369,0.0598629424869326,0.0790205088049239,0.0942124164750836,0.0914414819985839,0.03190917312345709,0.019321487057903375,0.012587686065553716,0,,0.1073817483861755,,,,,,,,,participant_x_stimulus,0.012587686065553716,-0.057975024357438086,0.08451730366796255,0.4136,audit,0.0942124197210272,0.0942124197210272,0.0,0.0,0.0
186,DREAMER,valence,subject,normalized_asymmetry,linear_logistic,20260829,0.75,,0.0428983532807062,,0.4770531400966183,0.0021633658913786,0.0115686274509803,0.1540485544069695,0.0313297258297259,0.0734893466071895,1.0,0.1797307044465386,0.1888373016878063,0.1755516213152485,0.1743065495073966,0.1797307044465386,0.1810564298938728,0.0329846259135238,0.019321487057903375,0.013663138855620427,0,,0.1562119202983481,,,,,,,,,participant_x_stimulus,0.013663138855620427,-0.054307931754738095,0.08680964615195985,0.4202,audit,0.1797307053518443,0.1797307053518443,0.0,0.0,0.0
187,DREAMER,valence,subject,normalized_asymmetry,linear_logistic,20260829,1.0,,0.0311827094474153,,0.4770531400966183,0.0021633658913786,0.0115686274509803,0.2105824793469894,0.019614081996435,0.1004590330218125,1.0,0.21599398764166,0.2264307735580018,0.1531065932617124,0.1723963453369174,0.2159939876416599,0.2602700673055262,0.03864297411580664,0.019321487057903375,0.019321487057903264,0,,0.212745845238368,,,,,,,,,participant_x_stimulus,0.019321487057903264,-0.044432579260319474,0.08503078706562518,0.4792,audit,0.2159939856779016,0.2159939856779016,0.0,0.0,0.0
188,DREAMER,valence,subject,normalized_asymmetry,linear_logistic,20260911,0.25,,0.0328189033189033,,0.4806763285024155,0.0025877880966839,0.020563492063492,0.0531533726182291,0.0122554112554113,0.0255495679976511,1.0,0.0833366559574443,0.088083630644852,0.0880370664608805,0.0905256671079377,0.0833366559574443,0.081760757233448,0.029281646420453167,0.024063256177743075,0.0052183902427100914,0,,0.055741160714913,,,,,,,,,participant_x_stimulus,0.0052183902427100914,-0.06013425281271338,0.06797110717743635,0.3156,heldout,0.0833366558949419,0.0833366558949419,0.0,0.0,0.0
189,DREAMER,valence,subject,normalized_asymmetry,linear_logistic,20260911,0.5,,0.0402712842712842,,0.4806763285024155,0.0025877880966839,0.020563492063492,0.1059606285148812,0.0197077922077922,0.0509327658803414,1.0,0.1302288301469507,0.1372469287089326,0.1435323187533854,0.1537734133732399,0.1302288301469507,0.1290640544389353,0.019321487057903375,0.024063256177743075,-0.0047417691198397005,0,,0.1085484166115652,,,,,,,,,participant_x_stimulus,-0.0047417691198397005,-0.06633281148970127,0.053285344969481216,0.2004,heldout,0.130228831744692,0.130228831744692,0.0,0.0,0.0
190,DREAMER,valence,subject,normalized_asymmetry,linear_logistic,20260911,0.75,,0.034090909090909,,0.4806763285024155,0.0025877880966839,0.020563492063492,0.1568041460352298,0.013527417027417,0.0753720412101708,1.0,0.1645817672060015,0.1730827600161206,0.1464573581865817,0.143509172712843,0.1645817672060015,0.1651896695362956,0.034341162955539795,0.024063256177743075,0.01027790677779672,0,,0.1593919341319137,,,,,,,,,participant_x_stimulus,0.01027790677779672,-0.05513958092778921,0.07637026272714137,0.3814,heldout,0.1645817688599263,0.1645817688599263,0.0,0.0,0.0
191,DREAMER,valence,subject,normalized_asymmetry,linear_logistic,20260911,1.0,,0.0339062049062049,,0.4806763285024155,0.0025877880966839,0.020563492063492,0.2128705240418826,0.0133427128427128,0.1023218219428373,1.0,0.2279930821197548,0.2388330383044359,0.1847186601572316,0.2217955258127302,0.2279930821197548,0.2793690078234861,0.022706719135727083,0.024063256177743075,-0.0013565370420159928,0,,0.2154583121385665,,,,,,,,,participant_x_stimulus,-0.0013565370420159928,-0.06257557533681393,0.0605194123461842,0.2376,heldout,0.2279930846436011,0.2279930846436011,0.0,0.0,0.0
192,DREAMER,valence,subject,normalized_asymmetry,linear_logistic,20260923,0.25,,0.0321193251193251,,0.4698067632850242,0.0019263106941665,0.0086178821178821,0.0493663558824463,0.023501443001443,0.0231926478723087,1.0,0.0789628478236719,0.0834833758562053,0.0650412584207073,0.0499573820313533,0.0789628478236719,0.0773385352325998,0.020238066140346622,0.019920318725099584,0.0003177474152470383,0,,0.0512926665766129,,,,,,,,,participant_x_stimulus,0.0003177474152470383,-0.058844259940087795,0.05787134319543837,0.2334,audit,0.0789628479966902,0.0789628479966902,0.0,0.0,0.0
193,DREAMER,valence,subject,normalized_asymmetry,linear_logistic,20260923,0.5,,0.0468802586302586,,0.4698067632850242,0.0019263106941665,0.0086178821178821,0.0988892760999542,0.0382623765123765,0.0464588507281186,1.0,0.1332479851466816,0.1404025223123695,0.1337426505718103,0.133559445806191,0.1332479851466816,0.1323960183851961,0.04123383765551292,0.019920318725099584,0.021313518930413333,1,,0.1008155867941208,,,,,,,,,participant_x_stimulus,0.021313518930413333,-0.040281938109546896,0.08583077341318131,0.5038,audit,0.133247986169646,0.133247986169646,0.0,0.0,0.0
194,DREAMER,valence,subject,normalized_asymmetry,linear_logistic,20260923,0.75,,0.0635444832944832,,0.4698067632850242,0.0019263106941665,0.0086178821178821,0.146167155284488,0.0549266011766011,0.0686703181227848,1.0,0.2183403223511209,0.2288573879586069,0.2670889572043939,0.2192164620878603,0.2183403223511209,0.2204937633212023,0.03816635299293625,0.019920318725099584,0.018246034267836664,0,,0.1480934659786545,,,,,,,,,participant_x_stimulus,0.018246034267836664,-0.043215110152959826,0.07850662898272275,0.4708,audit,0.2183403209261407,0.2183403209261407,0.0,0.0,0.0
195,DREAMER,valence,subject,normalized_asymmetry,linear_logistic,20260923,1.0,,0.0454012654012654,,0.4698067632850242,0.0019263106941665,0.0086178821178821,0.1976969978388198,0.0367833832833833,0.0928793866658223,1.0,0.2342732026611657,0.2453168642800043,0.1895527862101251,0.1700164807597774,0.2342732026611657,0.2618722481632083,0.032666878498276875,0.019920318725099584,0.01274655977317729,0,,0.1996233085329863,,,,,,,,,participant_x_stimulus,0.01274655977317729,-0.046899907756596804,0.07626544795930386,0.3962,audit,0.2342732061681471,0.2342732061681471,0.0,0.0,0.0
196,DREAMER,valence,subject,normalized_asymmetry,linear_logistic,20261007,0.25,,0.0457089577089576,,0.4975845410628019,0.0019436919880703,0.007523199023199,0.0482410292138252,0.0381857586857586,0.0240039903817584,1.0,0.0994557590350597,0.1050157128759511,0.1922900757211732,0.2154937086952478,0.0994557590350597,0.0985787077527176,0.00534060078703591,0.018844865935032873,-0.013504265147996963,0,,0.0501847212018955,,,,,,,,,participant_x_stimulus,-0.013504265147996963,-0.07763440925627947,0.05375265590846538,0.1466,heldout,0.0994557595511399,0.0994557595511399,0.0,0.0,0.0
197,DREAMER,valence,subject,normalized_asymmetry,linear_logistic,20261007,0.5,,0.0070402375402375,,0.4975845410628019,0.0019436919880703,0.007523199023199,0.0965456197854634,-0.0004829614829615,0.0480396079125735,1.0,0.0799792349144793,0.0845526048234693,0.0668795006333751,0.0984519238304702,0.0799792349144793,0.0767134783869386,0.003666316329772934,0.018844865935032873,-0.015178549605259939,0,,0.0984893117735337,,,,,,,,,participant_x_stimulus,-0.015178549605259939,-0.0801954174414277,0.04668974792584772,0.133,heldout,0.079979237354473,0.079979237354473,0.0,0.0,0.0
198,DREAMER,valence,subject,normalized_asymmetry,linear_logistic,20261007,0.75,,0.0120996225996225,,0.4975845410628019,0.0019436919880703,0.007523199023199,0.1421593066913038,0.0045764235764235,0.0707362733777985,1.0,0.1163405873367224,0.1227158385479921,0.1006962697921902,0.1256063322292704,0.1163405873367224,0.1119448531578201,-0.015814044435753905,0.018844865935032873,-0.03465891037078678,0,,0.1441029986793741,,,,,,,,,participant_x_stimulus,-0.03465891037078678,-0.09999766424298286,0.033612195309251476,0.0546,heldout,0.1163405899667016,0.1163405899667016,0.0,0.0,0.0
199,DREAMER,valence,subject,normalized_asymmetry,linear_logistic,20261007,1.0,,0.0303971583971583,,0.4975845410628019,0.0019436919880703,0.007523199023199,0.1931068522661495,0.0228739593739593,0.0960869844609342,1.0,0.2027947718632387,0.2127668566806912,0.2295808566632949,0.1926464080327145,0.2027947718632387,0.2285133456606284,-0.00967907511060051,0.018844865935032873,-0.028523941045633383,0,,0.1950505442542198,,,,,,,,,participant_x_stimulus,-0.028523941045633383,-0.09548612348735333,0.0396780055016279,0.0784,heldout,0.2027947726258842,0.2027947726258842,0.0,0.0,0.0
200,DREAMER,valence,subject,relative_power,gpu_mlp,20260813,0.25,,0.0128304473304473,,0.4746376811594203,0.0014898682002842,-0.0061831501831501,0.0511727755875582,0.0190135975135974,0.02428852754337,4.0,0.093865246021122,0.0991470772784636,0.0573113416576971,0.0918887861394888,0.093865246021122,0.0924207892564007,0.03143255200058659,0.0180871605602132,0.013345391440373389,0,,0.0526626437878424,,,,,,,,,participant_x_stimulus,0.013345391440373389,-0.06042679315432906,0.08520017694681879,0.4242,audit,0.0938652474755572,0.0938652474755572,0.0,0.0,0.0
201,DREAMER,valence,subject,relative_power,gpu_mlp,20260813,0.5,,0.0349673104673104,,0.4746376811594203,0.0014898682002842,-0.0061831501831501,0.1023289128356194,0.0411504606504605,0.0485691579038628,4.0,0.1742025164756463,0.1830915315038395,0.1534362678614527,0.1516003107496588,0.1742025164756463,0.1762939752114892,0.0024686529953804603,0.0180871605602132,-0.01561850756483274,0,,0.1038187810359036,,,,,,,,,participant_x_stimulus,-0.01561850756483274,-0.08366709016263485,0.05549275092780587,0.1502,audit,0.1742025184261099,0.1742025184261099,0.0,0.0,0.0
202,DREAMER,valence,subject,relative_power,gpu_mlp,20260813,0.75,,0.0347770007770007,,0.4746376811594203,0.0014898682002842,-0.0061831501831501,0.1507642312571493,0.0409601509601508,0.0715583851256759,4.0,0.2298958363608769,0.2407980404529418,0.1858361622146261,0.1772916785970906,0.2298958363608769,0.2386321414395597,0.016254002395326705,0.0180871605602132,-0.0018331581648864947,0,,0.1522540994574335,,,,,,,,,participant_x_stimulus,-0.0018331581648864947,-0.05839102659374475,0.05562826357781885,0.2158,audit,0.2298958381633485,0.2298958381633485,0.0,0.0,0.0
203,DREAMER,valence,subject,relative_power,gpu_mlp,20260813,1.0,,0.0535906315906315,,0.4746376811594203,0.0014898682002842,-0.0061831501831501,0.2044559275917163,0.0597737817737816,0.0970424873714306,4.0,0.3703729033758154,0.3846098101412517,0.3778268453093262,0.4496907201802373,0.3703729033758155,0.446835124109127,0.013663138855620538,0.0180871605602132,-0.004424021704592662,0,,0.2059457957920006,,,,,,,,,participant_x_stimulus,-0.004424021704592662,-0.06397820841521025,0.062031256686895984,0.2116,audit,0.3703729004003491,0.3703729004003491,0.0,0.0,0.0
204,DREAMER,valence,subject,relative_power,gpu_mlp,20260829,0.25,,0.0373006535947712,,0.4770531400966183,0.0021633658913786,0.0115686274509803,0.0526402691737363,0.0257320261437909,0.0251122057048621,4.0,0.1329872083793061,0.1401300115344974,0.1418049491808932,0.1468583133004024,0.132987208379306,0.1329301915762276,-0.01748832889301688,-0.03266687849827682,0.015178549605259939,0,,0.0548036350651149,,,,,,,,,participant_x_stimulus,0.015178549605259939,-0.06229368671774864,0.09058018401265144,0.4464,heldout,0.1329872089162801,0.1329872089162801,0.0,0.0,0.0
205,DREAMER,valence,subject,relative_power,gpu_mlp,20260829,0.5,,0.0175270350564468,,0.4770531400966183,0.0021633658913786,0.0115686274509803,0.1052183824947969,0.0059584076054664,0.0501947597650299,4.0,0.1420073389507458,0.1495510444931376,0.0919614733715593,0.1201305675208573,0.1420073389507458,0.1425503780334062,-0.0052183902427100914,-0.03266687849827682,0.027448488255566728,1,,0.1073817483861755,,,,,,,,,participant_x_stimulus,0.027448488255566728,-0.036338149849325416,0.09175656735897056,0.5958,heldout,0.1420073435852238,0.1420073435852238,0.0,0.0,0.0
206,DREAMER,valence,subject,relative_power,gpu_mlp,20260829,0.75,,0.0428983532807062,,0.4770531400966183,0.0021633658913786,0.0115686274509803,0.1540485544069695,0.0313297258297259,0.0734893466071895,4.0,0.2585273054532653,0.2703106962549212,0.2529896492306376,0.251454107352366,0.2585273054532653,0.2683390642944063,-0.01442084423044021,-0.03266687849827682,0.01824603426783661,0,,0.1562119202983481,,,,,,,,,participant_x_stimulus,0.01824603426783661,-0.05551753640174865,0.08820149097591634,0.4974,heldout,0.2585273066303781,0.2585273066303781,0.0,0.0,0.0
207,DREAMER,valence,subject,relative_power,gpu_mlp,20260829,1.0,,0.0311827094474153,,0.4770531400966183,0.0021633658913786,0.0115686274509803,0.2105824793469894,0.019614081996435,0.1004590330218125,4.0,0.3047817066276617,0.317769810645706,0.2233257515303333,0.2489533628481602,0.3047817066276616,0.4427471702207027,-0.019639234473150302,-0.03266687849827682,0.013027644025126517,0,,0.212745845238368,,,,,,,,,participant_x_stimulus,0.013027644025126517,-0.06430688537657261,0.09293016772717212,0.4352,heldout,0.3047817041704811,0.3047817041704811,0.0,0.0,0.0
208,DREAMER,valence,subject,relative_power,gpu_mlp,20260911,0.25,,0.0328189033189033,,0.4806763285024155,0.0025877880966839,0.020563492063492,0.0531533726182291,0.0122554112554113,0.0255495679976511,4.0,0.1263840314448096,0.1332266696732329,0.1331037408896115,0.13673259776152,0.1263840314448096,0.1260779551311404,-0.0029086109549532613,-0.017928286852589737,0.015019675897636475,0,,0.055741160714913,,,,,,,,,participant_x_stimulus,0.015019675897636475,-0.05479986909776926,0.08480326905846584,0.4358,audit,0.126384031354473,0.126384031354473,0.0,0.0,0.0
209,DREAMER,valence,subject,relative_power,gpu_mlp,20260911,0.5,,0.0402712842712842,,0.4806763285024155,0.0025877880966839,0.020563492063492,0.1059606285148812,0.0197077922077922,0.0509327658803414,4.0,0.1924138858156711,0.2020048544251911,0.2104516015721417,0.2243018199917594,0.1924138858156711,0.1953387708170889,0.0086036223205338,-0.017928286852589737,0.026531909173123536,1,,0.1085484166115652,,,,,,,,,participant_x_stimulus,0.026531909173123536,-0.04739017505198717,0.1048777321353554,0.5502,audit,0.1924138880075653,0.1924138880075653,0.0,0.0,0.0
210,DREAMER,valence,subject,relative_power,gpu_mlp,20260911,0.75,,0.034090909090909,,0.4806763285024155,0.0025877880966839,0.020563492063492,0.1568041460352298,0.013527417027417,0.0753720412101708,4.0,0.2386692963734573,0.2498525727536952,0.2143990009096046,0.2105009241315655,0.2386692963734573,0.2494527956605674,-0.0009165790824433029,-0.017928286852589737,0.017011707770146434,0,,0.1593919341319137,,,,,,,,,participant_x_stimulus,0.017011707770146434,-0.05489353351294994,0.0863310920074582,0.4568,audit,0.2386692985592047,0.2386692985592047,0.0,0.0,0.0
211,DREAMER,valence,subject,relative_power,gpu_mlp,20260911,1.0,,0.0339062049062049,,0.4806763285024155,0.0025877880966839,0.020563492063492,0.2128705240418826,0.0133427128427128,0.1023218219428373,4.0,0.3197018771809825,0.3330212300368813,0.2649011159266282,0.3120189493996562,0.3197018771809825,0.463629630151734,0.003544105785447116,-0.017928286852589737,0.021472392638036852,1,,0.2154583121385665,,,,,,,,,participant_x_stimulus,0.021472392638036852,-0.0475422341376543,0.08888379782438277,0.5002,audit,0.3197018802996172,0.3197018802996172,0.0,0.0,0.0
212,DREAMER,valence,subject,relative_power,gpu_mlp,20260923,0.25,,0.0321193251193251,,0.4698067632850242,0.0019263106941665,0.0086178821178821,0.0493663558824463,0.023501443001443,0.0231926478723087,4.0,0.1200468188057588,0.1265960724954086,0.0996221785059236,0.0772151428188455,0.1200468188057588,0.1196141192984345,0.03462224720748902,0.054261481680639434,-0.019639234473150413,0,,0.0512926665766129,,,,,,,,,participant_x_stimulus,-0.019639234473150413,-0.09868688564747571,0.0563199420459568,0.1524,heldout,0.1200468190570645,0.1200468190570645,0.0,0.0,0.0
213,DREAMER,valence,subject,relative_power,gpu_mlp,20260923,0.5,,0.0468802586302586,,0.4698067632850242,0.0019263106941665,0.0086178821178821,0.0988892760999542,0.0382623765123765,0.0464588507281186,4.0,0.1965489214731557,0.2062933515603242,0.197148316544021,0.1969747195145944,0.1965489214731557,0.1993229531936395,0.04641556473492531,0.054261481680639434,-0.007845916945714126,0,,0.1008155867941208,,,,,,,,,participant_x_stimulus,-0.007845916945714126,-0.07415780704468489,0.0640987945720553,0.211,heldout,0.1965489228718896,0.1965489228718896,0.0,0.0,0.0
214,DREAMER,valence,subject,relative_power,gpu_mlp,20260923,0.75,,0.0635444832944832,,0.4698067632850242,0.0019263106941665,0.0086178821178821,0.146167155284488,0.0549266011766011,0.0686703181227848,4.0,0.3077139840011211,0.3207693910111607,0.3669342451841039,0.3088070724413633,0.3077139840011211,0.3144846345002375,0.07278860020042527,0.054261481680639434,0.018527118519785835,0,,0.1480934659786545,,,,,,,,,participant_x_stimulus,0.018527118519785835,-0.04840593496337533,0.09054447133094072,0.4914,heldout,0.3077139822224734,0.3077139822224734,0.0,0.0,0.0
215,DREAMER,valence,subject,relative_power,gpu_mlp,20260923,1.0,,0.0454012654012654,,0.4698067632850242,0.0019263106941665,0.0086178821178821,0.1976969978388198,0.0367833832833833,0.0928793866658223,4.0,0.3274367078534151,0.3409168175547751,0.2711357775508653,0.2458305810716735,0.3274367078534151,0.4035828964855587,0.061752988047808766,0.054261481680639434,0.007491506367169332,0,,0.1996233085329863,,,,,,,,,participant_x_stimulus,0.007491506367169332,-0.05581406988203525,0.07205891180783494,0.333,heldout,0.3274367121586566,0.3274367121586566,0.0,0.0,0.0
216,DREAMER,valence,subject,relative_power,gpu_mlp,20261007,0.25,,0.0457089577089576,,0.4975845410628019,0.0019436919880703,0.007523199023199,0.0482410292138252,0.0381857586857586,0.0240039903817584,4.0,0.1494717333205619,0.1573392500570091,0.2746519359103697,0.304155561233017,0.1494717333205619,0.1497567167335242,-0.005340600787035854,-0.008725832864859506,0.003385232077823652,0,,0.0501847212018955,,,,,,,,,participant_x_stimulus,0.003385232077823652,-0.06624786369502544,0.07361162547022103,0.3188,audit,0.1494717340530996,0.1494717340530996,0.0,0.0,0.0
217,DREAMER,valence,subject,relative_power,gpu_mlp,20261007,0.5,,0.0070402375402375,,0.4975845410628019,0.0019436919880703,0.007523199023199,0.0965456197854634,-0.0004829614829615,0.0480396079125735,4.0,0.1215222539639027,0.1281402747028637,0.1023308006680504,0.1480460640801252,0.1215222539639027,0.120759127109084,-0.03525774203798304,-0.008725832864859506,-0.026531909173123536,0,,0.0984893117735337,,,,,,,,,participant_x_stimulus,-0.026531909173123536,-0.09834154322743416,0.03788592880591749,0.085,audit,0.1215222575038794,0.1215222575038794,0.0,0.0,0.0
218,DREAMER,valence,subject,relative_power,gpu_mlp,20261007,0.75,,0.0120996225996225,,0.4975845410628019,0.0019436919880703,0.007523199023199,0.1421593066913038,0.0045764235764235,0.0707362733777985,4.0,0.1732146276585928,0.1820643463493865,0.151169069910696,0.1860562833820102,0.1732146276585928,0.1807064165756756,-0.02697186713269617,-0.008725832864859506,-0.018246034267836664,0,,0.1441029986793741,,,,,,,,,participant_x_stimulus,-0.018246034267836664,-0.09336115587502718,0.05096182068809859,0.1358,audit,0.1732146313222388,0.1732146313222388,0.0,0.0,0.0
219,DREAMER,valence,subject,relative_power,gpu_mlp,20261007,1.0,,0.0303971583971583,,0.4975845410628019,0.0019436919880703,0.007523199023199,0.1931068522661495,0.0228739593739593,0.0960869844609342,4.0,0.2881509058392709,0.3007368690734267,0.3215563776387204,0.2752056608357562,0.288150905839271,0.3854670417022161,-0.009801285654926273,-0.008725832864859506,-0.0010754527900667665,0,,0.1950505442542198,,,,,,,,,participant_x_stimulus,-0.0010754527900667665,-0.07412497252225876,0.06590773388743386,0.2572,audit,0.2881509068068885,0.2881509068068885,0.0,0.0,0.0
220,DREAMER,valence,subject,relative_power,linear_logistic,20260813,0.25,,0.0128304473304473,,0.4746376811594203,0.0014898682002842,-0.0061831501831501,0.0511727755875582,0.0190135975135974,0.02428852754337,1.0,0.0611191201653481,0.0646898627491309,0.0368168324280653,0.0597866802468447,0.0611191201653481,0.0587922393023162,0.007687043238090552,-0.025737540635005995,0.03342458387309655,1,,0.0526626437878424,,,,,,,,,participant_x_stimulus,0.03342458387309655,-0.03875974742695689,0.10144644044339657,0.655,heldout,0.0611191211466086,0.0611191211466086,0.0,0.0,0.0
221,DREAMER,valence,subject,relative_power,linear_logistic,20260813,0.5,,0.0349673104673104,,0.4746376811594203,0.0014898682002842,-0.0061831501831501,0.1023289128356194,0.0411504606504605,0.0485691579038628,1.0,0.1170500299931945,0.1234587266782519,0.1022977167290205,0.1009566200084875,0.1170500299931945,0.1153661764729222,0.0017109476205606766,-0.025737540635005995,0.027448488255566672,1,,0.1038187810359036,,,,,,,,,participant_x_stimulus,0.027448488255566672,-0.03457287335768342,0.0900734206661581,0.5902,heldout,0.1170500313944505,0.1170500313944505,0.0,0.0,0.0
222,DREAMER,valence,subject,relative_power,linear_logistic,20260813,0.75,,0.0347770007770007,,0.4746376811594203,0.0014898682002842,-0.0061831501831501,0.1507642312571493,0.0409601509601508,0.0715583851256759,1.0,0.1579666753711173,0.1661939576375878,0.1254999369572369,0.1192720792424429,0.1579666753711173,0.1579850198847197,0.02469875100823693,-0.025737540635005995,0.050436291643242925,1,,0.1522540994574335,,,,,,,,,participant_x_stimulus,0.050436291643242925,-0.01952389124780893,0.11887632310390471,0.8082,heldout,0.1579666767253166,0.1579666767253166,0.0,0.0,0.0
223,DREAMER,valence,subject,relative_power,linear_logistic,20260813,1.0,,0.0535906315906315,,0.4746376811594203,0.0014898682002842,-0.0061831501831501,0.2044559275917163,0.0597737817737816,0.0970424873714306,1.0,0.2698953827127743,0.2819998547948281,0.2763112687535263,0.3392907605130562,0.2698953827127743,0.3059781415063886,0.029917141250947132,-0.025737540635005995,0.05565468188595313,1,,0.2059457957920006,,,,,,,,,participant_x_stimulus,0.05565468188595313,-0.012145925010554493,0.12727333903312682,0.8442,heldout,0.2698953801984982,0.2698953801984982,0.0,0.0,0.0
224,DREAMER,valence,subject,relative_power,linear_logistic,20260829,0.25,,0.0373006535947712,,0.4770531400966183,0.0021633658913786,0.0115686274509803,0.0526402691737363,0.0257320261437909,0.0251122057048621,1.0,0.0879170792866389,0.0928985220807785,0.0941120255147725,0.0976164696000169,0.0879170792866388,0.086523404171816,-0.0003177474152469828,-0.021154645222789814,0.02083689780754283,1,,0.0548036350651149,,,,,,,,,participant_x_stimulus,0.02083689780754283,-0.044399903435260055,0.08174366969615221,0.509,audit,0.0879170796600828,0.0879170796600828,0.0,0.0,0.0
225,DREAMER,valence,subject,relative_power,linear_logistic,20260829,0.5,,0.0175270350564468,,0.4770531400966183,0.0021633658913786,0.0115686274509803,0.1052183824947969,0.0059584076054664,0.0501947597650299,1.0,0.0942124164750836,0.0995116362934369,0.0598629424869326,0.0790205088049239,0.0942124164750836,0.0914414819985839,-0.006452716740400377,-0.021154645222789814,0.014701928482389437,0,,0.1073817483861755,,,,,,,,,participant_x_stimulus,0.014701928482389437,-0.04178602965548634,0.0692307859659195,0.426,audit,0.0942124197210272,0.0942124197210272,0.0,0.0,0.0
226,DREAMER,valence,subject,relative_power,linear_logistic,20260829,0.75,,0.0428983532807062,,0.4770531400966183,0.0021633658913786,0.0115686274509803,0.1540485544069695,0.0313297258297259,0.0734893466071895,1.0,0.1797307044465386,0.1888373016878063,0.1755516213152485,0.1743065495073966,0.1797307044465386,0.1810564298938728,0.022230098012856525,-0.021154645222789814,0.04338474323564634,1,,0.1562119202983481,,,,,,,,,participant_x_stimulus,0.04338474323564634,-0.017887787707149983,0.1030545828863978,0.7822,audit,0.1797307053518443,0.1797307053518443,0.0,0.0,0.0
227,DREAMER,valence,subject,relative_power,linear_logistic,20260829,1.0,,0.0311827094474153,,0.4770531400966183,0.0021633658913786,0.0115686274509803,0.2105824793469894,0.019614081996435,0.1004590330218125,1.0,0.21599398764166,0.2264307735580018,0.1531065932617124,0.1723963453369174,0.2159939876416599,0.2602700673055262,0.035257742037982986,-0.021154645222789814,0.0564123872607728,1,,0.212745845238368,,,,,,,,,participant_x_stimulus,0.0564123872607728,-0.02304950729012489,0.12908783853054046,0.8304,audit,0.2159939856779016,0.2159939856779016,0.0,0.0,0.0
228,DREAMER,valence,subject,relative_power,linear_logistic,20260911,0.25,,0.0328189033189033,,0.4806763285024155,0.0025877880966839,0.020563492063492,0.0531533726182291,0.0122554112554113,0.0255495679976511,1.0,0.0833366559574443,0.088083630644852,0.0880370664608805,0.0905256671079377,0.0833366559574443,0.081760757233448,-0.025615330090680177,-0.0325080047906533,0.0068926746999731225,0,,0.055741160714913,,,,,,,,,participant_x_stimulus,0.0068926746999731225,-0.06032169172540307,0.07414469607174395,0.3592,heldout,0.0833366558949419,0.0833366558949419,0.0,0.0,0.0
229,DREAMER,valence,subject,relative_power,linear_logistic,20260911,0.5,,0.0402712842712842,,0.4806763285024155,0.0025877880966839,0.020563492063492,0.1059606285148812,0.0197077922077922,0.0509327658803414,1.0,0.1302288301469507,0.1372469287089326,0.1435323187533854,0.1537734133732399,0.1302288301469507,0.1290640544389353,-0.01812382372351079,-0.0325080047906533,0.01438418106714251,0,,0.1085484166115652,,,,,,,,,participant_x_stimulus,0.01438418106714251,-0.04636825555935502,0.07080256864428519,0.425,heldout,0.130228831744692,0.130228831744692,0.0,0.0,0.0
230,DREAMER,valence,subject,relative_power,linear_logistic,20260911,0.75,,0.034090909090909,,0.4806763285024155,0.0025877880966839,0.020563492063492,0.1568041460352298,0.013527417027417,0.0753720412101708,1.0,0.1645817672060015,0.1730827600161206,0.1464573581865817,0.143509172712843,0.1645817672060015,0.1651896695362956,-0.042627037860826555,-0.0325080047906533,-0.010119033070173256,0,,0.1593919341319137,,,,,,,,,participant_x_stimulus,-0.010119033070173256,-0.08206611461937427,0.05874330056831224,0.1916,heldout,0.1645817688599263,0.1645817688599263,0.0,0.0,0.0
231,DREAMER,valence,subject,relative_power,linear_logistic,20260911,1.0,,0.0339062049062049,,0.4806763285024155,0.0025877880966839,0.020563492063492,0.2128705240418826,0.0133427128427128,0.1023218219428373,1.0,0.2279930821197548,0.2388330383044359,0.1847186601572316,0.2217955258127302,0.2279930821197548,0.2793690078234861,-0.0033852320778235967,-0.0325080047906533,0.029122772712829703,1,,0.2154583121385665,,,,,,,,,participant_x_stimulus,0.029122772712829703,-0.03589500533416867,0.09633290786296125,0.6078,heldout,0.2279930846436011,0.2279930846436011,0.0,0.0,0.0
232,DREAMER,valence,subject,relative_power,linear_logistic,20260923,0.25,,0.0321193251193251,,0.4698067632850242,0.0019263106941665,0.0086178821178821,0.0493663558824463,0.023501443001443,0.0231926478723087,1.0,0.0789628478236719,0.0834833758562053,0.0650412584207073,0.0499573820313533,0.0789628478236719,0.0773385352325998,0.007650380074792851,-0.012428812357930197,0.020079192432723048,1,,0.0512926665766129,,,,,,,,,participant_x_stimulus,0.020079192432723048,-0.028228206234052776,0.07189951930195089,0.4896,audit,0.0789628479966902,0.0789628479966902,0.0,0.0,0.0
233,DREAMER,valence,subject,relative_power,linear_logistic,20260923,0.5,,0.0468802586302586,,0.4698067632850242,0.0019263106941665,0.0086178821178821,0.0988892760999542,0.0382623765123765,0.0464588507281186,1.0,0.1332479851466816,0.1404025223123695,0.1337426505718103,0.133559445806191,0.1332479851466816,0.1323960183851961,0.011634443819812768,-0.012428812357930197,0.024063256177742964,1,,0.1008155867941208,,,,,,,,,participant_x_stimulus,0.024063256177742964,-0.045641638617962596,0.09473027363419528,0.5374,audit,0.133247986169646,0.133247986169646,0.0,0.0,0.0
234,DREAMER,valence,subject,relative_power,linear_logistic,20260923,0.75,,0.0635444832944832,,0.4698067632850242,0.0019263106941665,0.0086178821178821,0.146167155284488,0.0549266011766011,0.0686703181227848,1.0,0.2183403223511209,0.2288573879586069,0.2670889572043939,0.2192164620878603,0.2183403223511209,0.2204937633212023,0.0013565370420159928,-0.012428812357930197,0.01378534939994619,0,,0.1480934659786545,,,,,,,,,participant_x_stimulus,0.01378534939994619,-0.05909167174249887,0.08968923538923261,0.4244,audit,0.2183403209261407,0.2183403209261407,0.0,0.0,0.0
235,DREAMER,valence,subject,relative_power,linear_logistic,20260923,1.0,,0.0454012654012654,,0.4698067632850242,0.0019263106941665,0.0086178821178821,0.1976969978388198,0.0367833832833833,0.0928793866658223,1.0,0.2342732026611657,0.2453168642800043,0.1895527862101251,0.1700164807597774,0.2342732026611657,0.2618722481632083,0.012709896609879479,-0.012428812357930197,0.025138708967809675,1,,0.1996233085329863,,,,,,,,,participant_x_stimulus,0.025138708967809675,-0.042425391543656585,0.09077864270657302,0.5482,audit,0.2342732061681471,0.2342732061681471,0.0,0.0,0.0
236,DREAMER,valence,subject,relative_power,linear_logistic,20261007,0.25,,0.0457089577089576,,0.4975845410628019,0.0019436919880703,0.007523199023199,0.0482410292138252,0.0381857586857586,0.0240039903817584,1.0,0.0994557590350597,0.1050157128759511,0.1922900757211732,0.2154937086952478,0.0994557590350597,0.0985787077527176,0.0006354948304939656,0.014261970522816747,-0.013626475692322781,0,,0.0501847212018955,,,,,,,,,participant_x_stimulus,-0.013626475692322781,-0.07672649379819632,0.0499615892767906,0.1452,heldout,0.0994557595511399,0.0994557595511399,0.0,0.0,0.0
237,DREAMER,valence,subject,relative_power,linear_logistic,20261007,0.5,,0.0070402375402375,,0.4975845410628019,0.0019436919880703,0.007523199023199,0.0965456197854634,-0.0004829614829615,0.0480396079125735,1.0,0.0799792349144793,0.0845526048234693,0.0668795006333751,0.0984519238304702,0.0799792349144793,0.0767134783869386,-0.017011707770146378,0.014261970522816747,-0.031273678292963125,0,,0.0984893117735337,,,,,,,,,participant_x_stimulus,-0.031273678292963125,-0.09445160683244466,0.027084854897111647,0.0412,heldout,0.079979237354473,0.079979237354473,0.0,0.0,0.0
238,DREAMER,valence,subject,relative_power,linear_logistic,20261007,0.75,,0.0120996225996225,,0.4975845410628019,0.0019436919880703,0.007523199023199,0.1421593066913038,0.0045764235764235,0.0707362733777985,1.0,0.1163405873367224,0.1227158385479921,0.1006962697921902,0.1256063322292704,0.1163405873367224,0.1119448531578201,0.008127001197663353,0.014261970522816747,-0.006134969325153394,0,,0.1441029986793741,,,,,,,,,participant_x_stimulus,-0.006134969325153394,-0.07758661918342113,0.06386951729655253,0.2294,heldout,0.1163405899667016,0.1163405899667016,0.0,0.0,0.0
239,DREAMER,valence,subject,relative_power,linear_logistic,20261007,1.0,,0.0303971583971583,,0.4975845410628019,0.0019436919880703,0.007523199023199,0.1931068522661495,0.0228739593739593,0.0960869844609342,1.0,0.2027947718632387,0.2127668566806912,0.2295808566632949,0.1926464080327145,0.2027947718632387,0.2285133456606284,-0.005059516535086628,0.014261970522816747,-0.019321487057903375,0,,0.1950505442542198,,,,,,,,,participant_x_stimulus,-0.019321487057903375,-0.08936147913336753,0.045228758454322615,0.1128,heldout,0.2027947726258842,0.2027947726258842,0.0,0.0,0.0
0,EPPVR,arousal,subject,all,gpu_mlp,20260813,0.25,,0.0869780722163326,72.0,0.4273809523809523,0.0504173400102755,0.0324921845395983,0.0913766031388713,0.0544858876767343,0.0390526196748271,4.0,0.2817955616894257,0.2416517938740993,0.2814751263652837,0.3383058095597255,0.2817955616894257,0.2805176234892117,,0.0525804003415235,-0.0031306327672896,0,,,0.4808604496727066,0.5303102172469405,0.0494497675742339,0.2491219618122502,0.1417939431491469,0.2817955622826361,1.0,,participant,-0.003130632767289643,-0.034759950079023834,0.028921137936413287,0.0718,audit,0.2817955622826359,0.2269162676322404,4.2934406030425976e-17,0.020037079694243586,0.027917746406040375
1,EPPVR,arousal,subject,all,gpu_mlp,20260813,0.5,,0.0564720307749364,72.0,0.4273809523809523,0.0504173400102755,0.0324921845395983,0.1832934311880933,0.0239798462353381,0.0783361211863399,4.0,0.3161024417519485,0.2729286445968022,0.3040072586454902,0.3190541265155802,0.3161024417519485,0.3149433602715617,,0.0525804003415235,-0.0078740157480315,0,,,0.4808604496727066,0.5255668342661987,0.044706384593492,0.4992849424828353,0.2337107711983689,0.3161024436517284,1.0,,participant,-0.007874015748031482,-0.04066271856427193,0.024073210731148716,0.0442,audit,0.3161024436517283,0.2478355383061068,1.734723475976807e-17,0.032463506402563375,0.03849830083511632
2,EPPVR,arousal,subject,all,gpu_mlp,20260813,0.75,,0.070175187600948,72.0,0.4273809523809523,0.0504173400102755,0.0324921845395983,0.276030433668484,0.0376830030613497,0.1179701496273639,4.0,0.5198579364494957,0.4678945169218256,0.4344013215442823,0.4269988679035124,0.4656469767032183,0.5109056838491028,,0.0525804003415235,0.0003557537235556,0,,,0.4808604496727066,0.5337966037377858,0.0529361540650792,0.7511371526728232,0.3264477736787595,0.5198579369954824,1.0,,participant,0.00035575372355567403,-0.03505427641794086,0.03833046508952974,0.1482,audit,0.5198579369954822,0.3753154865447489,7.405100838075995e-17,0.08654817790327982,0.12939056021687717
3,EPPVR,arousal,subject,all,gpu_mlp,20260813,1.0,,0.0800022967547965,72.0,0.4273809523809523,0.0504173400102755,0.0324921845395983,0.367150411861239,0.0475101122151982,0.1569130926883152,4.0,0.702610647724236,0.6573908007475293,0.5630252926585227,0.6141705571099425,0.5085730758388063,0.6918790655528105,,0.0525804003415235,0.011004648515321,0,,,0.4808604496727066,0.5444454985295513,0.0635850488568446,1.0,0.4175677518715145,0.7026106523133204,1.0,,participant,0.011004648515321125,-0.030612846557050943,0.05060711400583381,0.3052,audit,0.7026106523133202,0.5102924072336062,1.249000902703301e-16,0.11587233106722328,0.23326338786388068
4,EPPVR,arousal,subject,all,linear_logistic,20260813,0.25,,0.0869780722163326,72.0,0.4273809523809523,0.0504173400102755,0.0324921845395983,0.0913766031388713,0.0544858876767343,0.0390526196748271,1.0,0.1977989032856642,0.1668413294610917,0.1975861532675818,0.2431678989768631,0.1977989032856642,0.197174418438578,,0.0309268570344368,-0.0020870885115263,0,,,0.508324637131202,0.5371644056541125,0.0288397685229104,0.2491219618122502,0.1417939431491469,0.1977989037507506,1.0,,participant,-0.0020870885115263915,-0.02589928745292127,0.019545738399028775,0.023,heldout,0.1977989037507504,0.1745621287952915,9.150666335777657e-17,0.0075835778675035735,0.008652469515454685
5,EPPVR,arousal,subject,all,linear_logistic,20260813,0.5,,0.0564720307749364,72.0,0.4273809523809523,0.0504173400102755,0.0324921845395983,0.1832934311880933,0.0239798462353381,0.0783361211863399,1.0,0.2250845481659357,0.1908725879786882,0.2154162369510018,0.22746901409036,0.2250845481659357,0.2258217498988428,,0.0309268570344368,0.0108860639408026,0,,,0.508324637131202,0.5501375581064415,0.0418129209752394,0.4992849424828353,0.2337107711983689,0.2250845496987318,1.0,,participant,0.010886063940802604,-0.021559803001582622,0.038772236369550205,0.2696,heldout,0.2250845496987317,0.1918526732147487,3.469446951953614e-18,-0.004063021506727969,0.013855606293435678
6,EPPVR,arousal,subject,all,linear_logistic,20260813,0.75,,0.070175187600948,72.0,0.4273809523809523,0.0504173400102755,0.0324921845395983,0.276030433668484,0.0376830030613497,0.1179701496273639,1.0,0.4049064699472817,0.3559158862517971,0.3255877608323,0.3189410961613877,0.3538485413027208,0.4048774078942015,,0.0309268570344368,0.0078740157480316,0,,,0.508324637131202,0.5471255099136705,0.0388008727824684,0.7511371526728232,0.3264477736787595,0.4049064704743508,1.0,,participant,0.007874015748031593,-0.021103277802467346,0.03393964273855086,0.18,heldout,0.4049064704743506,0.3021023111623211,6.938893903907228e-18,0.035673946070049645,0.07268344342238024
7,EPPVR,arousal,subject,all,linear_logistic,20260813,1.0,,0.0800022967547965,72.0,0.4273809523809523,0.0504173400102755,0.0324921845395983,0.367150411861239,0.0475101122151982,0.1569130926883152,1.0,0.5975397873751336,0.5466519596264233,0.4474833329629755,0.5000853055163512,0.3940689350575977,0.5922033220465386,,0.0309268570344368,0.0138981121335737,0,,,0.508324637131202,0.5531496062992126,0.0448249691680106,1.0,0.4175677518715145,0.5975397926568573,1.0,,participant,0.013898112133573726,-0.012502314988523722,0.039120715111494064,0.2902,heldout,0.5975397926568572,0.4288238184456034,2.6020852139652106e-17,0.07524118510992035,0.17316393654213208
8,EPPVR,valence,subject,all,gpu_mlp,20260813,0.25,,0.0120637613227396,72.0,0.4273809523809523,0.010653921477991,-0.006429211469534,0.0840285671574086,0.0184929727922736,0.0359122090589401,4.0,0.1051293936297206,0.0871007835504441,0.1497849665802677,0.1910904856132861,0.1051293936297206,0.105500937353932,,0.0158730158730158,-0.0079365079365079,0,,,0.4831349206349207,0.4910714285714285,0.0079365079365078,0.249389323943293,0.0946824886353996,0.1051293924527889,0.0,,participant,-0.007936507936507964,-0.035373284574598075,0.020194132905453417,0.0266,audit,0.1051293924527889,0.111369248307282,6.418476861114186e-17,-0.0010189599795774927,-0.001350920311036525
9,EPPVR,valence,subject,all,gpu_mlp,20260813,0.5,,-0.0281361454432474,72.0,0.4273809523809523,0.010653921477991,-0.006429211469534,0.1682271960397989,-0.0217069339737134,0.0718970992598664,4.0,0.1015246513368613,0.0840561489782587,0.1465658710951107,0.1613181133035456,0.1537561566039217,0.1160414292481633,,0.0158730158730158,0.0019841269841269,0,,,0.4831349206349207,0.5009920634920635,0.0178571428571427,0.499320391452648,0.1788811175177899,0.1015246510701969,0.0,,participant,0.001984126984126977,-0.024802586017176508,0.02887684665620324,0.0964,audit,0.1015246510701968,0.1086805592842842,7.719519468096792e-17,-0.00012455008774354975,-0.0015042091914196
10,EPPVR,valence,subject,all,gpu_mlp,20260813,0.75,,-0.0080555230512722,72.0,0.4273809523809523,0.010653921477991,-0.006429211469534,0.2528343162521821,-0.0016263115817382,0.1080565708744445,4.0,0.2163717032668875,0.1831710312825587,0.2369535850779121,0.2481438209726149,0.2230875712581971,0.2398205657005445,,0.0158730158730158,0.0109126984126983,0,,,0.4831349206349207,0.5099206349206349,0.0267857142857141,0.7505673924855905,0.2634882377301731,0.2163717027936127,1.0,,participant,0.010912698412698374,-0.016827877843752503,0.03756451169028877,0.2504,audit,0.2163717027936127,0.1863706851002703,7.45931094670027e-17,-0.002941828155762523,0.01208268150506335
11,EPPVR,valence,subject,all,gpu_mlp,20260813,1.0,,0.0115844347853724,72.0,0.4273809523809523,0.010653921477991,-0.006429211469534,0.3369524397517486,0.0180136462549064,0.1440070546081878,4.0,0.4004367155324175,0.351667355262237,0.3580457647469381,0.36002468229667,0.2648836829228764,0.4245720104828925,,0.0158730158730158,-0.0039682539682539,0,,,0.4831349206349207,0.4950396825396825,0.0119047619047618,1.0,0.3476063612297396,0.4004367031014459,1.0,,participant,-0.003968253968253954,-0.03953076098114252,0.03005798677913844,0.0786,audit,0.4004367031014459,0.2993445066143247,5.377642775528102e-17,0.0548507262628066,0.07074241955058207
12,EPPVR,valence,subject,all,linear_logistic,20260813,0.25,,0.0120637613227396,72.0,0.4273809523809523,0.010653921477991,-0.006429211469534,0.0840285671574086,0.0184929727922736,0.0359122090589401,1.0,0.0687517784114876,0.0565672098689263,0.0996982256301329,0.1292646722843452,0.0687517784114876,0.0692372319947116,,-0.0059523809523809,0.0109126984126983,0,,,0.4930555555555556,0.498015873015873,0.0049603174603174,0.249389323943293,0.0946824886353996,0.0687517776105176,0.0,,participant,0.010912698412698374,-0.01838462697342038,0.03965183105319738,0.2612,heldout,0.0687517776105176,0.0828182233354082,7.45931094670027e-17,0.005216260054855371,-0.002132051191827482
13,EPPVR,valence,subject,all,linear_logistic,20260813,0.5,,-0.0281361454432474,72.0,0.4273809523809523,0.010653921477991,-0.006429211469534,0.1682271960397989,-0.0217069339737134,0.0718970992598664,1.0,0.066301957816563,0.0545261368260889,0.0974322100813154,0.1078407317243892,0.102479274540816,0.0759555118558951,,-0.0059523809523809,-0.0029761904761903,0,,,0.4930555555555556,0.4841269841269842,-0.0089285714285713,0.499320391452648,0.1788811175177899,0.0663019576355873,0.0,,participant,-0.0029761904761904656,-0.027288998011499643,0.018987340852618217,0.0204,heldout,0.0663019576355872,0.0807561764456434,1.6566609195578508e-16,-0.0015358783203583966,-0.0021256104478086894
14,EPPVR,valence,subject,all,linear_logistic,20260813,0.75,,-0.0080555230512722,72.0,0.4273809523809523,0.010653921477991,-0.006429211469534,0.2528343162521821,-0.0016263115817382,0.1080565708744445,1.0,0.1478614992772893,0.123516248441966,0.1633175521620038,0.1717788112425175,0.1528657259868655,0.1642329830463799,,-0.0059523809523809,-0.0089285714285715,0,,,0.4930555555555556,0.4781746031746031,-0.0148809523809524,0.7505673924855905,0.2634882377301731,0.1478614989255928,0.0,,participant,-0.008928571428571508,-0.04525050455704331,0.025974765652790655,0.0516,heldout,0.1478614989255927,0.1416571079902901,8.673617379884035e-18,0.0011559934758271096,0.0017962866203503382
15,EPPVR,valence,subject,all,linear_logistic,20260813,1.0,,0.0115844347853724,72.0,0.4273809523809523,0.010653921477991,-0.006429211469534,0.3369524397517486,0.0180136462549064,0.1440070546081878,1.0,0.2956327673090514,0.2542155243101856,0.2595805583379857,0.2611899265914008,0.1846321373698004,0.3148049469487899,,-0.0059523809523809,-0.005952380952381,0,,,0.4930555555555556,0.4811507936507936,-0.0119047619047619,1.0,0.3476063612297396,0.2956327565273361,1.0,,participant,-0.005952380952380987,-0.037370665557682516,0.023414706904441075,0.042,heldout,0.2956327565273361,0.2353673186505827,1.3010426069826053e-17,0.026938655261538984,0.03200095204318626
16,EPPVR,arousal,subject,baseline_delta,gpu_mlp,20260813,0.25,,0.0869780722163326,72.0,0.4166666666666667,0.0504173400102755,0.0324921845395983,0.0913766031388713,0.0544858876767343,0.0380735846411964,4.0,0.2771257157217094,0.2374272748308645,0.2748621298749617,0.2788741408301983,0.2771257157217094,0.275839439420442,,0.0064747177687126,0.0010435442557632,0,,,0.4914144768048572,0.4989327388293331,0.0075182620244758,0.2491219618122502,0.1417939431491469,0.2771257160618236,1.0,,participant,0.0010435442557631958,-0.03140588756650686,0.031195633299648744,0.1138,audit,0.2771257160618235,0.2240579990925241,4.336808689942018e-18,0.014518463163220342,0.026596675545432887
17,EPPVR,arousal,subject,baseline_delta,gpu_mlp,20260813,0.5,,0.0564720307749364,72.0,0.4166666666666667,0.0504173400102755,0.0324921845395983,0.1832934311880933,0.0239798462353381,0.0763722629950389,4.0,0.3096413080098548,0.2670054507412647,0.2959326033706899,0.2652194112334567,0.3096413080098548,0.308325049140318,,0.0064747177687126,0.0192344179869081,0,,,0.4914144768048572,0.5171236125604781,0.0257091357556208,0.4992849424828353,0.2337107711983689,0.309641311271311,1.0,,participant,0.019234417986908225,-0.015330283460207282,0.05434967661276457,0.486,audit,0.3096413112713109,0.2439028918213777,1.249000902703301e-16,-0.027508622698348896,0.03638912100698617
18,EPPVR,arousal,subject,baseline_delta,gpu_mlp,20260813,0.75,,0.070175187600948,72.0,0.4166666666666667,0.0504173400102755,0.0324921845395983,0.276030433668484,0.0376830030613497,0.1150126806952016,4.0,0.5106219161356266,0.4586997253714765,0.4236179621908201,0.3634738763200613,0.4564584642252268,0.501247873794598,,0.0064747177687126,0.0499241058723081,1,,,0.4914144768048572,0.547813300445878,0.0563988236410207,0.7511371526728232,0.3264477736787595,0.5106219210216374,1.0,,participant,0.049924105872308056,-0.0005864318925887341,0.09697162229567761,0.8812,audit,0.5106219210216373,0.369217199487159,4.163336342344337e-17,-0.12479827540167798,-0.15839603723827003
19,EPPVR,arousal,subject,baseline_delta,gpu_mlp,20260813,1.0,,0.0800022967547965,72.0,0.4166666666666667,0.0504173400102755,0.0324921845395983,0.367150411861239,0.0475101122151982,0.1529793382755162,4.0,0.6933817905413046,0.6474627523153029,0.5508128835817133,0.5514678320910007,0.5044816161659751,0.6817634757215049,,0.0064747177687126,0.038919457356987,1,,,0.4914144768048572,0.5368086519305568,0.0453941751256996,1.0,0.4175677518715145,0.6933817930212343,1.0,,participant,0.03891945735698693,-0.0012303109018830577,0.07547917384654283,0.818,audit,0.693381793021234,0.502569284921998,6.938893903907228e-17,-0.08396683850401708,-0.153422591452139
20,EPPVR,arousal,subject,baseline_delta,linear_logistic,20260813,0.25,,0.0869780722163326,72.0,0.4166666666666667,0.0504173400102755,0.0324921845395983,0.0913766031388713,0.0544858876767343,0.0380735846411964,1.0,0.1941447517797206,0.1636424224280701,0.1924162578669799,0.1955112364846729,0.1941447517797206,0.1935246342427448,,0.0069490560667868,0.0228156721373684,1,,,0.5194478702210417,0.5492125984251969,0.0297647282041552,0.2491219618122502,0.1417939431491469,0.194144752045345,1.0,,participant,0.022815672137368348,-0.005715107126161456,0.04817814119160174,0.5648,heldout,0.1941447520453449,0.1722164152448684,5.204170427930421e-17,-0.01673655818286271,-0.035822982533997405
21,EPPVR,arousal,subject,baseline_delta,linear_logistic,20260813,0.5,,0.0564720307749364,72.0,0.4166666666666667,0.0504173400102755,0.0324921845395983,0.1832934311880933,0.0239798462353381,0.0763722629950389,1.0,0.2198856654121184,0.1862739644539527,0.2089880681447425,0.184891733180238,0.2198856654121184,0.2206587350499387,,0.0069490560667868,0.0158666160705815,0,,,0.5194478702210417,0.54226354235841,0.0228156721373683,0.4992849424828353,0.2337107711983689,0.2198856680292951,1.0,,participant,0.015866616070581485,-0.02264184313826263,0.052431414835154976,0.3998,heldout,0.219885668029295,0.1885856343825086,1.3877787807814457e-17,-0.012242341394734277,0.012785165509236113
22,EPPVR,arousal,subject,baseline_delta,linear_logistic,20260813,0.75,,0.070175187600948,72.0,0.4166666666666667,0.0504173400102755,0.0324921845395983,0.276030433668484,0.0376830030613497,0.1150126806952016,1.0,0.3960282266239,0.3474846002085202,0.3159964284234656,0.2640829663057576,0.3454399628379158,0.3954937492596259,,0.0069490560667868,0.0098425196850394,0,,,0.5194478702210417,0.5362394459728679,0.0167915757518262,0.7511371526728232,0.3264477736787595,0.396028231300748,1.0,,participant,0.009842519685039353,-0.017548150382936,0.03614162728190418,0.2262,heldout,0.3960282313007478,0.2966287471951921,4.683753385137379e-17,0.02388141971525602,0.06884974632460943
23,EPPVR,arousal,subject,baseline_delta,linear_logistic,20260813,1.0,,0.0800022967547965,72.0,0.4166666666666667,0.0504173400102755,0.0324921845395983,0.367150411861239,0.0475101122151982,0.1529793382755162,1.0,0.5869670665405925,0.5357809694147037,0.4352806398875151,0.4358719082245056,0.3901672873218152,0.5806718057375385,,0.0069490560667868,0.0297647282041551,1,,,0.5194478702210417,0.5561616544919836,0.0367137842709419,1.0,0.4175677518715145,0.5869670693685142,1.0,,participant,0.0297647282041551,-0.0013054875715170049,0.061537214927375315,0.7012,heldout,0.586967069368514,0.4212730030977781,0.0,-0.06530996115403866,-0.16432873515743046
24,EPPVR,valence,subject,baseline_delta,gpu_mlp,20260813,0.25,,0.0120637613227396,72.0,0.4166666666666667,0.010653921477991,-0.006429211469534,0.0840285671574086,0.0184929727922736,0.0350119029822535,4.0,0.103018170486008,0.0853170947859001,0.1456936988501806,0.1541060863367558,0.103018170486008,0.1033875166982866,,-0.0307539682539682,-0.0009920634920635,0,,,0.5099206349206349,0.4781746031746031,-0.0317460317460317,0.249389323943293,0.0946824886353996,0.1030181692222574,0.0,,participant,-0.0009920634920634885,-0.028286446910351516,0.024766663555055857,0.0556,audit,0.1030181692222574,0.109797626522496,1.1492543028346347e-17,-0.000688899948281323,-0.001442775600067855
25,EPPVR,valence,subject,baseline_delta,gpu_mlp,20260813,0.5,,-0.0281361454432474,72.0,0.4166666666666667,0.010653921477991,-0.006429211469534,0.1682271960397989,-0.0217069339737134,0.0700946650165828,4.0,0.0989159879136838,0.081855444107323,0.1419309981620054,0.1279933011606637,0.150029515088195,0.1130728061382152,,-0.0307539682539682,0.0198412698412699,0,,,0.5099206349206349,0.4990079365079365,-0.0109126984126983,0.499320391452648,0.1788811175177899,0.0989159881905434,0.0,,participant,0.019841269841269882,-0.0074892568867653605,0.04561730958521366,0.471,audit,0.0989159881905433,0.1067186099398136,1.734723475976807e-17,0.005745580700038222,-0.001604488987774379
26,EPPVR,valence,subject,baseline_delta,gpu_mlp,20260813,0.75,,-0.0080555230512722,72.0,0.4166666666666667,0.010653921477991,-0.006429211469534,0.2528343162521821,-0.0016263115817382,0.1053476317717425,4.0,0.2104550875276099,0.1779561087891914,0.2293324217667727,0.2003531450408334,0.2170381751288683,0.2330683915134346,,-0.0307539682539682,0.0109126984126984,0,,,0.5099206349206349,0.4900793650793651,-0.0198412698412697,0.7505673924855905,0.2634882377301731,0.2104550826977378,1.0,,participant,0.010912698412698485,-0.01880858261138201,0.03906203908845779,0.2664,audit,0.2104550826977378,0.1826281995272351,8.500145032286355e-17,-0.003887880782491777,0.010938282570752057
27,EPPVR,valence,subject,baseline_delta,gpu_mlp,20260813,1.0,,0.0115844347853724,72.0,0.4166666666666667,0.010653921477991,-0.006429211469534,0.3369524397517486,0.0180136462549064,0.1403968498965619,4.0,0.3905087438685306,0.3422582874420949,0.3471621680217434,0.294746112015059,0.26170865079208,0.4134768459119132,,-0.0307539682539682,0.0277777777777778,1,,,0.5099206349206349,0.5069444444444444,-0.0029761904761904,1.0,0.3476063612297396,0.3905087381991001,1.0,,participant,0.02777777777777779,-0.009202860854566097,0.06528584100306034,0.6544,audit,0.3905087381991001,0.2932341120976363,1.0408340855860843e-17,-0.06080220052943165,-0.1280384220907635
28,EPPVR,valence,subject,baseline_delta,linear_logistic,20260813,0.25,,0.0120637613227396,72.0,0.4166666666666667,0.010653921477991,-0.006429211469534,0.0840285671574086,0.0184929727922736,0.0350119029822535,1.0,0.0673161411207995,0.0553708756040508,0.0968192488232613,0.102726670858778,0.0673161411207995,0.0678080327600459,,-0.0168650793650794,0.0238095238095237,1,,,0.4623015873015873,0.4692460317460317,0.0069444444444444,0.249389323943293,0.0946824886353996,0.0673161402621468,0.0,,participant,0.023809523809523836,-0.003970437648240476,0.052579365670681,0.5966,heldout,0.0673161402621468,0.0816125049730429,1.3530843112619095e-16,0.014929284144859334,0.026463591193610303
29,EPPVR,valence,subject,baseline_delta,linear_logistic,20260813,0.5,,-0.0281361454432474,72.0,0.4166666666666667,0.010653921477991,-0.006429211469534,0.1682271960397989,-0.0217069339737134,0.0700946650165828,1.0,0.0645333321290621,0.0530537860373344,0.0941796344778266,0.0844507826468644,0.0998488081253261,0.0739300816761714,,-0.0168650793650794,0.0109126984126984,0,,,0.4623015873015873,0.4563492063492064,-0.0059523809523809,0.499320391452648,0.1788811175177899,0.0645333323165789,0.0,,participant,0.010912698412698485,-0.01238580651115626,0.03375725550577042,0.2278,heldout,0.0645333323165788,0.0792535069828889,8.500145032286355e-17,0.0045899441887660535,-0.0021165673892048244
30,EPPVR,valence,subject,baseline_delta,linear_logistic,20260813,0.75,,-0.0080555230512722,72.0,0.4166666666666667,0.010653921477991,-0.006429211469534,0.2528343162521821,-0.0016263115817382,0.1053476317717425,1.0,0.1434752725992754,0.1197507208725351,0.1575756648989014,0.1360344540937078,0.1483568964304955,0.1591599839663028,,-0.0168650793650794,0.0317460317460317,1,,,0.4623015873015873,0.4771825396825397,0.0148809523809523,0.7505673924855905,0.2634882377301731,0.1434752690272353,0.0,,participant,0.0317460317460318,-9.527429938316345e-05,0.06250230278819796,0.7622,heldout,0.1434752690272352,0.1386594911040142,9.71445146547012e-17,-0.005982473516944697,-0.008272857497228614
31,EPPVR,valence,subject,baseline_delta,linear_logistic,20260813,1.0,,0.0115844347853724,72.0,0.4166666666666667,0.010653921477991,-0.006429211469534,0.3369524397517486,0.0180136462549064,0.1403968498965619,1.0,0.2870591273680906,0.2464228060706562,0.2505219883373194,0.2080072096109407,0.1821806491059118,0.3050396008576473,,-0.0168650793650794,0.0158730158730159,0,,,0.4623015873015873,0.4613095238095238,-0.0009920634920634,1.0,0.3476063612297396,0.2870591224931867,1.0,,participant,0.015873015873015928,-0.023352573160082102,0.051790158636867964,0.4256,heldout,0.2870591224931867,0.2301339211467516,2.7755575615628914e-17,-0.01901341324190647,0.029441318144179086
32,EPPVR,arousal,subject,normalized_asymmetry,gpu_mlp,20260813,0.25,,0.0869780722163326,12.0,0.2595238095238095,0.0504173400102755,0.0324921845395983,0.0913766031388713,0.0544858876767343,0.0237144041479451,4.0,0.2143487718450309,0.1813866517880584,0.1895168915031496,0.2342674860585296,0.235897412770754,0.2123980615594252,,0.0233848780950574,0.0100796888340765,0,,,0.4814533725452993,0.5149179394744332,0.0334645669291339,0.2491219618122502,0.1417939431491469,0.214348773067123,1.0,,participant,0.010079688834076506,-0.01984276259317994,0.03947517732158301,0.2512,audit,0.2143487730671228,0.1850929958619206,5.204170427930421e-18,-0.003012123069653632,0.011685979398239954
33,EPPVR,arousal,subject,normalized_asymmetry,gpu_mlp,20260813,0.5,,0.0564720307749364,12.0,0.2595238095238095,0.0504173400102755,0.0324921845395983,0.1832934311880933,0.0239798462353381,0.0475690095226242,4.0,0.2239832777902315,0.1898976864643747,0.1929827130772828,0.2131796929769733,0.2461969669861277,0.2175828716499777,,0.0233848780950574,-0.0028934636182525,0,,,0.4814533725452993,0.5019447870221042,0.0204914144768049,0.4992849424828353,0.2337107711983689,0.223983281427613,1.0,,participant,-0.0028934636182524898,-0.028149018669500946,0.021246816823258984,0.0328,audit,0.2239832814276129,0.1911615823913959,1.0408340855860843e-17,0.01147265631992296,0.013625759776698797
34,EPPVR,arousal,subject,normalized_asymmetry,gpu_mlp,20260813,0.75,,0.070175187600948,12.0,0.2595238095238095,0.0504173400102755,0.0324921845395983,0.276030433668484,0.0376830030613497,0.0716364696901541,4.0,0.3775708542736189,0.3300533040616555,0.2781604058076394,0.2787013511278517,0.3558618636881334,0.3611851557224584,,0.0233848780950574,0.0129731524523289,0,,,0.4814533725452993,0.5178114030926857,0.0363580305473864,0.7511371526728232,0.3264477736787595,0.3775708573258555,1.0,,participant,0.012973152452328995,-0.018745448160916566,0.04669065382331609,0.3158,audit,0.3775708573258552,0.2852985965806801,9.540979117872439e-17,0.002885303204223055,0.06116446309087567
35,EPPVR,arousal,subject,normalized_asymmetry,gpu_mlp,20260813,1.0,,0.0800022967547965,12.0,0.2595238095238095,0.0504173400102755,0.0324921845395983,0.367150411861239,0.0475101122151982,0.0952842735544644,4.0,0.5433466461148405,0.4914384568350358,0.3723961457696621,0.4093983458232539,0.431182201446113,0.5170211350181536,,0.0233848780950574,0.0280333934161843,1,,,0.4814533725452993,0.5328716440565411,0.0514182715112417,1.0,0.4175677518715145,0.5433466558647321,1.0,,participant,0.028033393416184382,-0.007756053563207388,0.06211405079811811,0.6554,audit,0.5433466558647317,0.3910509857909142,8.326672684688674e-17,-0.0573244493814186,-0.16228662519629372
36,EPPVR,arousal,subject,normalized_asymmetry,linear_logistic,20260813,0.25,,0.0869780722163326,12.0,0.2595238095238095,0.0504173400102755,0.0324921845395983,0.0913766031388713,0.0544858876767343,0.0237144041479451,1.0,0.1463594608635521,0.1222260444108678,0.128146654007856,0.1612569456549893,0.1624866891607229,0.1455185795041201,,-0.0028934636182524,0.0148230718148182,0,,,0.5042690446826676,0.5161986528792335,0.0119296081965658,0.2491219618122502,0.1417939431491469,0.1463594617702215,0.0,,participant,0.014823071814818345,-0.00496032825903967,0.03364716889336705,0.2814,heldout,0.1463594617702214,0.140632974327688,1.457167719820518e-16,-0.0015794085512410502,0.0016434585814167485
37,EPPVR,arousal,subject,normalized_asymmetry,linear_logistic,20260813,0.5,,0.0564720307749364,12.0,0.2595238095238095,0.0504173400102755,0.0324921845395983,0.1832934311880933,0.0239798462353381,0.0475690095226242,1.0,0.1535352070675328,0.1283965374549676,0.1306711043083699,0.1454925310970718,0.1702953878195368,0.1529712892626502,,-0.0028934636182524,0.018997248837871,0,,,0.5042690446826676,0.5203728299022863,0.0161037852196186,0.4992849424828353,0.2337107711983689,0.1535352097872206,0.0,,participant,0.018997248837871128,-0.012550807790830731,0.04822996426373717,0.4648,heldout,0.1535352097872205,0.1455041401943106,1.2836953722228372e-16,-0.0050640764628488155,0.0024016058307202125
38,EPPVR,arousal,subject,normalized_asymmetry,linear_logistic,20260813,0.75,,0.070175187600948,12.0,0.2595238095238095,0.0504173400102755,0.0324921845395983,0.276030433668484,0.0376830030613497,0.0716364696901541,1.0,0.2759965905472645,0.2364070023369433,0.1949912372141894,0.1953761041932709,0.2577097089631041,0.2683781417035645,,-0.0028934636182524,0.0049805521297789,0,,,0.5042690446826676,0.5063561331941941,0.0020870885115265,0.7511371526728232,0.3264477736787595,0.2759965931424843,1.0,,participant,0.004980552129778992,-0.01709745926782489,0.025694096414372324,0.0762,heldout,0.2759965931424842,0.2233663495204876,9.194034422677078e-17,0.01826074420015706,0.026281593328149333
39,EPPVR,arousal,subject,normalized_asymmetry,linear_logistic,20260813,1.0,,0.0800022967547965,12.0,0.2595238095238095,0.0504173400102755,0.0324921845395983,0.367150411861239,0.0475101122151982,0.0952842735544644,1.0,0.4278292962346245,0.3778261105235488,0.271654495073791,0.3034359557577304,0.3226619153814263,0.4091875845433028,,-0.0028934636182524,0.0159852006450999,0,,,0.5042690446826676,0.5173607817095152,0.0130917370268475,1.0,0.4175677518715145,0.4278293058536767,1.0,,participant,0.015985200645100006,-0.0016777268203441054,0.03350779619067906,0.304,heldout,0.4278293058536765,0.3163225988348195,1.0755285551056204e-16,0.01518185054615947,0.08297792841362452
40,EPPVR,valence,subject,normalized_asymmetry,gpu_mlp,20260813,0.25,,0.0120637613227396,12.0,0.2595238095238095,0.010653921477991,-0.006429211469534,0.0840285671574086,0.0184929727922736,0.0218074138575179,4.0,0.076123066345241,0.0627201024385658,0.0957493417624561,0.1282574257889507,0.0852842094023909,0.0767075370176399,,0.0079365079365079,-0.0039682539682538,0,,,0.4761904761904761,0.4801587301587302,0.003968253968254,0.249389323943293,0.0946824886353996,0.0761230664332309,0.0,,participant,-0.003968253968253954,-0.03297691224142909,0.024590383563190696,0.0508,audit,0.0761230664332308,0.0888973051580385,1.5439038936193583e-16,-0.000810146966722886,-0.0021080096211633474
41,EPPVR,valence,subject,normalized_asymmetry,gpu_mlp,20260813,0.5,,-0.0281361454432474,12.0,0.2595238095238095,0.010653921477991,-0.006429211469534,0.1682271960397989,-0.0217069339737134,0.0436589627817573,4.0,0.0670049154691951,0.0551116124216702,0.0870595484604325,0.101311235557608,0.1155694383626787,0.0753256330496897,,0.0079365079365079,0.0019841269841269,0,,,0.4761904761904761,0.4861111111111111,0.0099206349206349,0.499320391452648,0.1788811175177899,0.0670049161220058,0.0,,participant,0.001984126984126977,-0.02655915403738618,0.029187566973268964,0.1032,audit,0.0670049161220057,0.0813501290453745,7.719519468096792e-17,0.0008326672362012564,-0.0021281847111820655
42,EPPVR,valence,subject,normalized_asymmetry,gpu_mlp,20260813,0.75,,-0.0080555230512722,12.0,0.2595238095238095,0.010653921477991,-0.006429211469534,0.2528343162521821,-0.0016263115817382,0.0656165249321139,4.0,0.1371521872531225,0.1143336295521383,0.1373680403918876,0.1530908242986038,0.157576748468297,0.1468549167874872,,0.0079365079365079,0.0,0,,,0.4761904761904761,0.4841269841269841,0.0079365079365079,0.7505673924855905,0.2634882377301731,0.1371521856301054,0.0,,participant,0.0,-0.028928577713668347,0.028474601078778472,0.0902,audit,0.1371521856301054,0.1342995002103353,0.0,0.0002597418166425129,0.0007743662663690365
43,EPPVR,valence,subject,normalized_asymmetry,gpu_mlp,20260813,1.0,,0.0115844347853724,12.0,0.2595238095238095,0.010653921477991,-0.006429211469534,0.3369524397517486,0.0180136462549064,0.0874471807927157,4.0,0.258408324583719,0.2205730190433208,0.209018637969138,0.2234400194692084,0.1999382812429793,0.2621540805725639,,0.0079365079365079,-0.0138888888888888,0,,,0.4761904761904761,0.4702380952380952,-0.0059523809523809,1.0,0.3476063612297396,0.2584083220336883,1.0,,participant,-0.013888888888888895,-0.044440944120287894,0.01293933761771767,0.006,audit,0.2584083220336882,0.2125598833484605,9.540979117872439e-17,0.021042975622932433,0.02159315688715517
44,EPPVR,valence,subject,normalized_asymmetry,linear_logistic,20260813,0.25,,0.0120637613227396,12.0,0.2595238095238095,0.010653921477991,-0.006429211469534,0.0840285671574086,0.0184929727922736,0.0218074138575179,1.0,0.0492302530182719,0.0403554702503403,0.0624053684238465,0.0846337745882639,0.0553488344904876,0.0505145278682464,,-0.0099206349206348,-0.0009920634920634,0,,,0.4702380952380952,0.4593253968253968,-0.0109126984126983,0.249389323943293,0.0946824886353996,0.0492302530768331,0.0,,participant,-0.0009920634920634885,-0.030980817833915354,0.027809916669502818,0.0794,heldout,0.0492302530768331,0.0656814565741904,8.847089727481716e-17,0.000722015195682115,-0.0018904359196982253
45,EPPVR,valence,subject,normalized_asymmetry,linear_logistic,20260813,0.5,,-0.0281361454432474,12.0,0.2595238095238095,0.010653921477991,-0.006429211469534,0.1682271960397989,-0.0217069339737134,0.0436589627817573,1.0,0.0431828044434536,0.0353576579938737,0.0565524711553437,0.0661571320396737,0.0758856307960877,0.0487408698601908,,-0.0099206349206348,0.0039682539682539,0,,,0.4702380952380952,0.4642857142857143,-0.0059523809523809,0.499320391452648,0.1788811175177899,0.0431828048749141,0.0,,participant,0.003968253968253954,-0.02114071832038462,0.0261818627826869,0.0858,heldout,0.0431828048749141,0.059975508511968,5.377642775528102e-17,0.0011493209597142084,-0.0017323069844042411
46,EPPVR,valence,subject,normalized_asymmetry,linear_logistic,20260813,0.75,,-0.0080555230512722,12.0,0.2595238095238095,0.010653921477991,-0.006429211469534,0.2528343162521821,-0.0016263115817382,0.0656165249321139,1.0,0.0908183792360766,0.0750381663415841,0.0909890535724261,0.102009080364283,0.105184089295541,0.0972732791763162,,-0.0099206349206348,-0.0039682539682539,0,,,0.4702380952380952,0.4563492063492063,-0.0138888888888888,0.7505673924855905,0.2634882377301731,0.0908183781036487,0.0,,participant,-0.00396825396825401,-0.02579406085424125,0.018590314919129013,0.0186,heldout,0.0908183781036487,0.1005350534824101,1.0928757898653885e-16,-0.0014978588532438362,-0.0018593191773337604
47,EPPVR,valence,subject,normalized_asymmetry,linear_logistic,20260813,1.0,,0.0115844347853724,12.0,0.2595238095238095,0.010653921477991,-0.006429211469534,0.3369524397517486,0.0180136462549064,0.0874471807927157,1.0,0.1796392019279314,0.1509888595869953,0.1424431472746912,0.1531290996006275,0.1357301665625929,0.1821665338003453,,-0.0099206349206348,-0.007936507936508,0,,,0.4702380952380952,0.4523809523809524,-0.0178571428571428,1.0,0.3476063612297396,0.1796391999669201,0.0,,participant,-0.007936507936507964,-0.03163698716089129,0.01576508204452693,0.01,heldout,0.17963919996692,0.1628204403538084,3.642919299551295e-17,0.0054233711754847515,0.005759746367746985
48,EPPVR,arousal,subject,relative_power,gpu_mlp,20260813,0.25,,0.0869780722163326,24.0,0.2059523809523809,0.0504173400102755,0.0324921845395983,0.0913766031388713,0.0544858876767343,0.0188192289797913,4.0,0.1954675602647639,0.1647999060146456,0.1655040827749816,0.1693848822420734,0.2298037309144959,0.1916028554376165,,0.0083483540461056,0.0087989754292761,0,,,0.4387154918888151,0.455862821364197,0.0171473294753818,0.2491219618122502,0.1417939431491469,0.195467566081603,1.0,,participant,0.008798975429276212,-0.01900436086580157,0.03561631655320525,0.212,audit,0.1954675660816029,0.173066496533316,1.1275702593849246e-16,-0.0012424963209241287,0.00825555716754952
49,EPPVR,arousal,subject,relative_power,gpu_mlp,20260813,0.5,,0.0564720307749364,24.0,0.2059523809523809,0.0504173400102755,0.0324921845395983,0.1832934311880933,0.0239798462353381,0.0377497185661192,4.0,0.1989487873284348,0.1678488975128517,0.1647890771594317,0.1487416894336662,0.2337188286335232,0.1917778575031326,,0.0083483540461056,0.0039370078740158,0,,,0.4387154918888151,0.4510008538089365,0.0122853619201214,0.4992849424828353,0.2337107711983689,0.198948794152963,1.0,,participant,0.003937007874015741,-0.019745221221819518,0.028137903194874445,0.0944,audit,0.1989487941529629,0.1752986440905345,5.898059818321144e-17,0.004385859743151638,0.008851008074938122
50,EPPVR,arousal,subject,relative_power,gpu_mlp,20260813,0.75,,0.070175187600948,24.0,0.2059523809523809,0.0504173400102755,0.0324921845395983,0.276030433668484,0.0376830030613497,0.0568491250293425,4.0,0.3351977539751386,0.2905238114195288,0.2361834961757301,0.1967192152579274,0.3326054713609837,0.3169860848717218,,0.0083483540461056,-0.0220092970306421,0,,,0.4387154918888151,0.4250545489042785,-0.0136609429845365,0.7511371526728232,0.3264477736787595,0.3351977632102473,1.0,,participant,-0.02200929703064225,-0.04635327663272619,-0.0010947345814202114,0.0,audit,0.3351977632102473,0.2594532688678971,1.491862189340054e-16,0.045041541734915716,0.045041541734915716
51,EPPVR,arousal,subject,relative_power,gpu_mlp,20260813,1.0,,0.0800022967547965,24.0,0.2059523809523809,0.0504173400102755,0.0324921845395983,0.367150411861239,0.0475101122151982,0.0756155014904694,4.0,0.4887285619191354,0.4370444311046587,0.3166047696318916,0.3018828542147053,0.3979289157269245,0.4585732287095786,,0.0083483540461056,0.0221278816051609,1,,,0.4387154918888151,0.4691917275400816,0.0304762356512665,1.0,0.4175677518715145,0.4887285788343359,1.0,,participant,0.022127881605160826,-0.003316288464702665,0.046836233045905826,0.5506,audit,0.4887285788343357,0.3549415808431058,7.28583859910259e-17,-0.034454144229915884,-0.15470189802443324
52,EPPVR,arousal,subject,relative_power,linear_logistic,20260813,0.25,,0.0869780722163326,24.0,0.2059523809523809,0.0504173400102755,0.0324921845395983,0.0913766031388713,0.0544858876767343,0.0188192289797913,1.0,0.1324574740250892,0.1103201273733492,0.1108463023572659,0.1135955472552091,0.1578974790125122,0.1308047001090156,,0.0300018973531922,0.0179537045821079,0,,,0.4358220282705626,0.4837776302058628,0.0479556019353002,0.2491219618122502,0.1417939431491469,0.1324574782755503,0.0,,participant,0.017953704582107988,-0.006944709143135696,0.04180024797096848,0.4152,heldout,0.1324574782755502,0.1310307861880266,8.673617379884035e-17,-0.0008088084874140894,0.00037591662206551413
53,EPPVR,arousal,subject,relative_power,linear_logistic,20260813,0.5,,0.0564720307749364,24.0,0.2059523809523809,0.0504173400102755,0.0324921845395983,0.1832934311880933,0.0239798462353381,0.0377497185661192,1.0,0.1350048176544108,0.1124969431330468,0.1103362066104121,0.098941583490169,0.1608433627752019,0.1333859955318224,,0.0300018973531922,0.018997248837871,0,,,0.4358220282705626,0.484821174461626,0.0489991461910633,0.4992849424828353,0.2337107711983689,0.1350048226551477,0.0,,participant,0.018997248837871128,-0.007018689310643821,0.044555701874196524,0.441,heldout,0.1350048226551476,0.1328078453097724,1.2836953722228372e-16,-0.0013493556542975155,0.0005883783643234157
54,EPPVR,arousal,subject,relative_power,linear_logistic,20260813,0.75,,0.070175187600948,24.0,0.2059523809523809,0.0504173400102755,0.0324921845395983,0.276030433668484,0.0376830030613497,0.0568491250293425,1.0,0.2406160527643896,0.2046668694033651,0.1627357384414194,0.1333725380490624,0.2384928219684366,0.2315430221347739,,0.0300018973531922,-0.00799260032255,0,,,0.4358220282705626,0.4578313253012048,0.0220092970306422,0.7511371526728232,0.3264477736787595,0.2406160603368053,1.0,,participant,-0.007992600322550003,-0.0367306524887681,0.015867152344435444,0.0102,heldout,0.2406160603368052,0.201549311677791,3.469446951953614e-18,0.016477001781569835,0.017273963454213732
55,EPPVR,arousal,subject,relative_power,linear_logistic,20260813,1.0,,0.0800022967547965,24.0,0.2059523809523809,0.0504173400102755,0.0324921845395983,0.367150411861239,0.0475101122151982,0.0756155014904694,1.0,0.3752804008168564,0.3278992457932379,0.2255322785375227,0.213680059565819,0.2934600636911605,0.3546355490138352,,0.0300018973531922,0.033938905227208,1,,,0.4358220282705626,0.4997628308509628,0.0639408025804002,1.0,0.4175677518715145,0.37528041668766,1.0,,participant,0.033938905227207994,0.007462304888758808,0.05874575367197392,0.8334,heldout,0.3752804166876598,0.2838965615426876,6.938893903907228e-18,-0.09208047626213711,-0.12252957679644177
56,EPPVR,valence,subject,relative_power,gpu_mlp,20260813,0.25,,0.0120637613227396,24.0,0.2059523809523809,0.010653921477991,-0.006429211469534,0.0840285671574086,0.0184929727922736,0.0173058834740853,4.0,0.0685331800824434,0.0563850073798191,0.0825763117508482,0.08913611773842,0.0828685279817393,0.0689208676575679,,-0.0267857142857144,0.0248015873015873,1,,,0.5386904761904763,0.5367063492063492,-0.001984126984127,0.249389323943293,0.0946824886353996,0.0685331812794073,0.0,,participant,0.024801587301587324,-0.006736964057199655,0.05389423798769712,0.6202,audit,0.0685331812794072,0.0826351170366799,2.42861286636753e-17,0.015360275481931362,0.026072105883155672
57,EPPVR,valence,subject,relative_power,gpu_mlp,20260813,0.5,,-0.0281361454432474,24.0,0.2059523809523809,0.010653921477991,-0.006429211469534,0.1682271960397989,-0.0217069339737134,0.0346467915653395,4.0,0.0585090188753911,0.0480460718992825,0.0732484228026304,0.0673766202145176,0.1093031665912777,0.0649410564735161,,-0.0267857142857144,0.0327380952380953,1,,,0.5386904761904763,0.5446428571428572,0.0059523809523809,0.499320391452648,0.1788811175177899,0.0585090206654359,0.0,,participant,0.032738095238095344,-0.002062259090598672,0.06775818355381488,0.7414,audit,0.0585090206654359,0.0740401551795567,4.163336342344337e-17,0.020970927177753895,0.029003629948456955
58,EPPVR,valence,subject,relative_power,gpu_mlp,20260813,0.75,,-0.0080555230512722,24.0,0.2059523809523809,0.010653921477991,-0.006429211469534,0.2528343162521821,-0.0016263115817382,0.0520718294186041,4.0,0.1175970901299333,0.0976637395389013,0.1140044590758663,0.1050992633998065,0.1454473903610653,0.1235833817596028,,-0.0267857142857144,0.0158730158730159,0,,,0.5386904761904763,0.5277777777777778,-0.0109126984126984,0.7505673924855905,0.2634882377301731,0.1175970915159195,0.0,,participant,0.015873015873015928,-0.014665301772765815,0.048245548177510464,0.3752,audit,0.1175970915159195,0.1204856986182449,2.7755575615628914e-17,0.0014798831310619681,-0.000687727638522994
59,EPPVR,valence,subject,relative_power,gpu_mlp,20260813,1.0,,0.0115844347853724,24.0,0.2059523809523809,0.010653921477991,-0.006429211469534,0.3369524397517486,0.0180136462549064,0.0693961572345863,4.0,0.2206470016515107,0.1869468155351988,0.1723228249082631,0.1499541394572241,0.1805717448867984,0.2190028921851155,,-0.0267857142857144,0.0158730158730159,0,,,0.5386904761904763,0.5277777777777777,-0.0109126984126985,1.0,0.3476063612297396,0.2206470025558149,1.0,,participant,0.015873015873015817,-0.017695490363985298,0.049274011980742174,0.3858,audit,0.2206470025558149,0.1890647948842588,8.326672684688674e-17,-0.011429228367133747,0.012939603072238931
60,EPPVR,valence,subject,relative_power,linear_logistic,20260813,0.25,,0.0120637613227396,24.0,0.2059523809523809,0.010653921477991,-0.006429211469534,0.0840285671574086,0.0184929727922736,0.0173058834740853,1.0,0.0441934650618693,0.0361921057395874,0.0535480870892352,0.0579343282445281,0.0537312670194294,0.0456308008818566,,-0.0158730158730159,-0.0009920634920635,0,,,0.5416666666666667,0.5248015873015872,-0.0168650793650795,0.249389323943293,0.0946824886353996,0.0441934658538979,0.0,,participant,-0.0009920634920635996,-0.025615221029147504,0.02285238523036239,0.0424,heldout,0.0441934658538978,0.060945266926304,9.952975943416931e-17,-0.00034071040559876755,-0.0017612631365388131
61,EPPVR,valence,subject,relative_power,linear_logistic,20260813,0.5,,-0.0281361454432474,24.0,0.2059523809523809,0.010653921477991,-0.006429211469534,0.1682271960397989,-0.0217069339737134,0.0346467915653395,1.0,0.0375857532796553,0.0307422604785331,0.0473300835609051,0.04342850911862,0.0715968636935784,0.0419473959918321,,-0.0158730158730159,0.0009920634920635,0,,,0.5416666666666667,0.5267857142857143,-0.0148809523809524,0.499320391452648,0.1788811175177899,0.0375857544551217,0.0,,participant,0.0009920634920634885,-0.027134305564686656,0.028508780524134622,0.088,heldout,0.0375857544551217,0.0544723299306022,1.1492543028346347e-17,0.0014174914935768878,-0.0015545457901076794
62,EPPVR,valence,subject,relative_power,linear_logistic,20260813,0.75,,-0.0080555230512722,24.0,0.2059523809523809,0.010653921477991,-0.006429211469534,0.2528343162521821,-0.0016263115817382,0.0520718294186041,1.0,0.0772778701999522,0.0636855946788263,0.0748293583162522,0.0687312732886074,0.0966250509282202,0.0813561293526615,,-0.0158730158730159,0.0039682539682539,0,,,0.5416666666666667,0.5297619047619048,-0.0119047619047619,0.7505673924855905,0.2634882377301731,0.0772778711523568,0.0,,participant,0.003968253968253954,-0.023103408236056566,0.029647768568247548,0.115,heldout,0.0772778711523568,0.0898338130368062,5.377642775528102e-17,0.000789622038531769,-0.00209824459489159
63,EPPVR,valence,subject,relative_power,linear_logistic,20260813,1.0,,0.0115844347853724,24.0,0.2059523809523809,0.010653921477991,-0.006429211469534,0.3369524397517486,0.0180136462549064,0.0693961572345863,1.0,0.1510440257925833,0.1262524085645134,0.1157254382975155,0.0997956835006908,0.1216374321379436,0.1501737005899215,,-0.0158730158730159,0.007936507936508,0,,,0.5416666666666667,0.5337301587301588,-0.0079365079365079,1.0,0.3476063612297396,0.1510440264669111,0.0,,participant,0.00793650793650802,-0.01826805528253317,0.034155896957963706,0.1752,heldout,0.1510440264669111,0.1438191067254286,1.9081958235744878e-17,-0.00040124940537874805,0.0021303624720367155
64,EPPVR,arousal,subject,all,gpu_mlp,20260829,0.25,,0.1072741538729851,72.0,0.4369047619047619,0.0422399047556025,0.0552292891222087,0.0953589196100459,0.0520448647507763,0.0416627660677224,4.0,0.3602590733214884,0.3138217445597798,0.3358038579615345,0.3830905728843897,0.3602590733214884,0.3588500992667975,,0.0170287449008632,0.025946304904658,1,,,0.5040318755336306,0.5470069253391519,0.0429750498055212,0.2501147282191856,0.1375988243656484,0.3602590760829052,1.0,,participant,0.02594630490465799,0.0004055587807670245,0.04903851607814431,0.6718,heldout,0.3602590760829052,0.2747189124465621,1.0408340855860843e-17,-0.06061564281750394,-0.11676420622839956
65,EPPVR,arousal,subject,all,gpu_mlp,20260829,0.5,,0.1094227234404345,72.0,0.4369047619047619,0.0422399047556025,0.0552292891222087,0.1908916756303497,0.0541934343182257,0.0834014820908789,4.0,0.5310675903018924,0.4791017425079893,0.4457500591940048,0.4520614537708069,0.5310675903018923,0.5257569787418507,,0.0170287449008632,0.0097239351105208,0,,,0.5040318755336306,0.5307845555450147,0.026752680011384,0.5008669609101875,0.2331315803859522,0.5310675963582655,1.0,,participant,0.009723935110520832,-0.02307368265464902,0.042183926701545714,0.2506,heldout,0.5310675963582654,0.382782827237969,3.122502256758253e-17,0.06118977279036013,0.13551009907345268
66,EPPVR,arousal,subject,all,gpu_mlp,20260829,0.75,,0.1149553410284807,72.0,0.4369047619047619,0.0422399047556025,0.0552292891222087,0.285023673956385,0.059726051906272,0.1245282004071349,4.0,0.7038139433634258,0.6586881905362019,0.5681803830242164,0.5771488704400479,0.6428686962240422,0.6845137445965748,,0.0170287449008632,0.0137795275590551,0,,,0.5040318755336306,0.534840147993549,0.0308082724599183,0.7480181924816726,0.3272635787119876,0.7038139451867059,1.0,,participant,0.013779527559055094,-0.02313368674367666,0.050325096119195105,0.3428,heldout,0.7038139451867059,0.5113091285027332,6.938893903907228e-18,0.10193574223051924,0.23391704454905093
67,EPPVR,arousal,subject,all,gpu_mlp,20260829,1.0,,0.1056979435932383,72.0,0.4369047619047619,0.0422399047556025,0.0552292891222087,0.3812553771214528,0.0504686544710295,0.1665722897661585,4.0,0.8010995942398204,0.7658651093059728,0.6514248091052537,0.7222883925545454,0.6094697401829857,0.7863025461527586,,0.0170287449008632,0.0326581918224077,1,,,0.5040318755336306,0.5537188122569016,0.0496869367232709,1.0,0.4234952818770553,0.8010995877842912,1.0,,participant,0.0326581918224077,-0.001991525758057832,0.06497156210243697,0.7436,heldout,0.8010995877842912,0.6029123213417545,0.0,-0.016486820330882335,-0.11811725056261513
68,EPPVR,arousal,subject,all,linear_logistic,20260829,0.25,,0.1072741538729851,72.0,0.4369047619047619,0.0422399047556025,0.0552292891222087,0.0953589196100459,0.0520448647507763,0.0416627660677224,1.0,0.2613862528439165,0.2232461824829794,0.2411575344431221,0.280701055195971,0.2613862528439164,0.2604885025887242,,0.0251399297979317,0.0140166967080922,0,,,0.5043876292571863,0.5435442557632103,0.039156626506024,0.2501147282191856,0.1375988243656484,0.2613862551571156,1.0,,participant,0.014016696708092247,-0.015871253795921803,0.04213397987186908,0.3364,audit,0.2613862551571155,0.2143943538352354,4.683753385137379e-17,-0.009258315780728358,0.02235783542863258
69,EPPVR,arousal,subject,all,linear_logistic,20260829,0.5,,0.1094227234404345,72.0,0.4369047619047619,0.0422399047556025,0.0552292891222087,0.1908916756303497,0.0541934343182257,0.0834014820908789,1.0,0.4157838806319706,0.3662872783157631,0.3357814141172738,0.3414405897632587,0.4157838806319706,0.4134557234705603,,0.0251399297979317,-0.0129731524523289,0,,,0.5043876292571863,0.5165544066027892,0.0121667773456028,0.5008669609101875,0.2331315803859522,0.4157838865393349,1.0,,participant,-0.012973152452328884,-0.044590302743017673,0.016090891789644936,0.0124,audit,0.4157838865393349,0.3088331382783177,1.5612511283791264e-17,0.0748459544500468,0.07749833300692001
70,EPPVR,arousal,subject,all,linear_logistic,20260829,0.75,,0.1149553410284807,72.0,0.4369047619047619,0.0422399047556025,0.0552292891222087,0.285023673956385,0.059726051906272,0.1245282004071349,1.0,0.5989255372395144,0.5480804180585381,0.4526764369549866,0.4617111158258175,0.5307862441531426,0.5884417395365206,,0.0251399297979317,0.0148230718148183,0,,,0.5043876292571863,0.5443506308699364,0.0399630016127501,0.7480181924816726,0.3272635787119876,0.5989255393405276,1.0,,participant,0.014823071814818345,-0.00885647686664015,0.03768621198832988,0.3312,audit,0.5989255393405274,0.4298206893717271,4.5102810375396984e-17,0.061950924043021584,0.1739659766623549
71,EPPVR,arousal,subject,all,linear_logistic,20260829,1.0,,0.1056979435932383,72.0,0.4369047619047619,0.0422399047556025,0.0552292891222087,0.3812553771214528,0.0504686544710295,0.1665722897661585,1.0,0.7168003079885676,0.6727330989238471,0.5401668759516548,0.6204138721382298,0.4951371060214233,0.706532717298071,,0.0251399297979317,0.0056683426619865,0,,,0.5043876292571863,0.5351959017171046,0.0308082724599183,1.0,0.4234952818770553,0.7168002997642361,1.0,,participant,0.0056683426619865696,-0.029664113465696574,0.04114725226536387,0.2078,audit,0.716800299764236,0.5224318496570949,6.938893903907228e-17,0.16008810434143733,0.24086763220596513
72,EPPVR,valence,subject,all,gpu_mlp,20260829,0.25,,0.032685384060384,72.0,0.4369047619047619,0.0099372123593561,0.0164705882352941,0.0854046700345432,0.0162147958250899,0.0373137070269968,4.0,0.1426100483658997,0.1190086831134259,0.1838747668777282,0.2381039841355352,0.1426100483658997,0.1424625724032953,,0.0089285714285715,-1.9949319973733282e-16,0,,,0.5168650793650793,0.5257936507936507,0.0089285714285713,0.249489480872566,0.0953418823938993,0.1426100496153871,0.0,,participant,-1.1102230246251565e-16,-0.03099453914910555,0.0307539701461792,0.1,heldout,0.142610049615387,0.1380656496228509,8.847089727481716e-17,0.00036662264701609417,0.0012755026455233166
73,EPPVR,valence,subject,all,gpu_mlp,20260829,0.5,,-0.0013652563946176,72.0,0.4369047619047619,0.0099372123593561,0.0164705882352941,0.1709994786569906,-0.0178358446299117,0.0747104865084709,4.0,0.1515430274612705,0.1266817282882449,0.1912319957657626,0.2304296382039865,0.1597068751822509,0.1640220523200272,,0.0089285714285715,-0.0128968253968252,0,,,0.5168650793650793,0.5128968253968255,-0.0039682539682538,0.4996034155332144,0.1809366910163467,0.1515430244733976,0.0,,participant,-0.012896825396825351,-0.05900153387337923,0.029845808679237924,0.067,heldout,0.1515430244733976,0.144157134889087,1.5092094240998222e-16,0.0011942995228167398,0.002184008727114363
74,EPPVR,valence,subject,all,gpu_mlp,20260829,0.75,,0.0339235409264013,72.0,0.4369047619047619,0.0099372123593561,0.0164705882352941,0.25611532977725,0.0174529526911071,0.111898007176489,4.0,0.3576880685629461,0.3114208190000626,0.3346091789547765,0.3482519174997125,0.3264220770973894,0.3669739965807159,,0.0089285714285715,-0.0009920634920634,0,,,0.5168650793650793,0.5248015873015873,0.007936507936508,0.7484639068615525,0.2660525421366061,0.3576880690584194,1.0,,participant,-0.0009920634920634885,-0.03596279062330723,0.03440311569720506,0.1246,heldout,0.3576880690584194,0.2731506690153688,8.847089727481716e-17,0.03226274667246884,0.05332946676319707
75,EPPVR,valence,subject,all,gpu_mlp,20260829,1.0,,0.0129179669796509,72.0,0.4369047619047619,0.0099372123593561,0.0164705882352941,0.3422620937280999,-0.0035526212556432,0.1495359385693007,4.0,0.4233154359680143,0.3734954484818345,0.3767730743809588,0.4280273928671095,0.2717772272245521,0.4479971788094322,,0.0089285714285715,-0.0238095238095238,0,,,0.5168650793650793,0.501984126984127,-0.0148809523809523,1.0,0.352199306087456,0.4233154437471697,1.0,,participant,-0.023809523809523836,-0.06874283887445927,0.018888754118233868,0.0224,heldout,0.4233154437471695,0.3135113114730817,3.469446951953614e-17,0.07598739736741227,0.08090662249329138
76,EPPVR,valence,subject,all,linear_logistic,20260829,0.25,,0.032685384060384,72.0,0.4369047619047619,0.0099372123593561,0.0164705882352941,0.0854046700345432,0.0162147958250899,0.0373137070269968,1.0,0.0946346481503865,0.0782484032525501,0.1240519400320207,0.164154101851945,0.0946346481503865,0.0948518862039815,,0.0238095238095237,-0.0337301587301585,0,,,0.4930555555555556,0.4831349206349207,-0.0099206349206348,0.249489480872566,0.0953418823938993,0.0946346490259293,0.0,,participant,-0.03373015873015861,-0.06210896158590913,-0.0032488160766661225,0.0002,audit,0.0946346490259293,0.103467516227318,1.1102230246251565e-16,-0.001746276971108936,-0.0017498101179894907
77,EPPVR,valence,subject,all,linear_logistic,20260829,0.5,,-0.0013652563946176,72.0,0.4369047619047619,0.0099372123593561,0.0164705882352941,0.1709994786569906,-0.0178358446299117,0.0747104865084709,1.0,0.1009161965932578,0.0835426514919676,0.1293950347222577,0.1583678084214045,0.1066956722400545,0.1106762721186874,,0.0238095238095237,-0.0178571428571428,0,,,0.4930555555555556,0.4990079365079365,0.0059523809523809,0.4996034155332144,0.1809366910163467,0.1009161944848366,0.0,,participant,-0.017857142857142794,-0.05409991219639778,0.018850842025130963,0.0218,audit,0.1009161944848366,0.1082241885539842,6.938893903907228e-18,-0.0012097681374521252,-0.0015283966788669605
78,EPPVR,valence,subject,all,linear_logistic,20260829,0.75,,0.0339235409264013,72.0,0.4369047619047619,0.0099372123593561,0.0164705882352941,0.25611532977725,0.0174529526911071,0.111898007176489,1.0,0.2592349319228095,0.2213147132930742,0.2401778153993779,0.2513795760829559,0.2334470551776521,0.2703351335490996,,0.0238095238095237,-0.0208333333333333,0,,,0.4930555555555556,0.496031746031746,0.0029761904761904,0.7484639068615525,0.2660525421366061,0.2592349323369463,1.0,,participant,-0.02083333333333326,-0.054728209413588046,0.0126336759654805,0.0082,audit,0.2592349323369463,0.2130693096807696,4.163336342344337e-17,0.02104710320434014,0.021804219415901424
79,EPPVR,valence,subject,all,linear_logistic,20260829,1.0,,0.0129179669796509,72.0,0.4369047619047619,0.0099372123593561,0.0164705882352941,0.3422620937280999,-0.0035526212556432,0.1495359385693007,1.0,0.3156762728748004,0.2725374954966745,0.2753668812987567,0.3198546309935836,0.1899768925175999,0.3357838077251656,,0.0238095238095237,-0.0396825396825396,0,,,0.4930555555555556,0.4771825396825396,-0.0158730158730159,1.0,0.352199306087456,0.3156762797586845,1.0,,participant,-0.03968253968253965,-0.07598817944526673,-0.0049686914193444185,0.0,audit,0.3156762797586844,0.2475762012296711,5.551115123125783e-17,0.038357538186968576,0.038357538186968576
80,EPPVR,arousal,subject,baseline_delta,gpu_mlp,20260829,0.25,,0.1072741538729851,72.0,0.394047619047619,0.0422399047556025,0.0552292891222087,0.0953589196100459,0.0520448647507763,0.0375759552272919,4.0,0.3389009157737059,0.2939516604393624,0.3068791482462484,0.277610068902843,0.3389009157737059,0.3373454543227195,,0.0188786642633526,0.0239778009676501,1,,,0.5035575372355564,0.5464140024665591,0.0428564652310027,0.2501147282191856,0.1375988243656484,0.3389009193275138,1.0,,participant,0.02397780096765012,-0.00950570311397314,0.05600892752408981,0.5838,heldout,0.3389009193275137,0.2617067614018402,2.0816681711721685e-17,-0.04376849463642215,-0.10802491169375261
81,EPPVR,arousal,subject,baseline_delta,gpu_mlp,20260829,0.5,,0.1094227234404345,72.0,0.394047619047619,0.0422399047556025,0.0552292891222087,0.1908916756303497,0.0541934343182257,0.0752204102781497,4.0,0.5004853650814024,0.4486489595212786,0.4076953425445775,0.3311397509798915,0.5004853650814024,0.4907420609025701,,0.0188786642633526,0.0100796888340764,0,,,0.5035575372355564,0.5325158903329855,0.0289583530974291,0.5008669609101875,0.2331315803859522,0.5004853729970536,1.0,,participant,0.010079688834076506,-0.020038835564628245,0.03918563881888985,0.2554,heldout,0.5004853729970536,0.3625774199761917,1.0581813203458523e-16,0.04857984070435194,0.11902322310740823
82,EPPVR,arousal,subject,baseline_delta,gpu_mlp,20260829,0.75,,0.1149553410284807,72.0,0.394047619047619,0.0422399047556025,0.0552292891222087,0.285023673956385,0.059726051906272,0.1123129000947184,4.0,0.6714878872526083,0.6240677221477409,0.5240265642226977,0.4454164618254116,0.613618980183661,0.6510268044653915,,0.0188786642633526,0.0069490560667868,0,,,0.5035575372355564,0.5293852575656959,0.0258277203301394,0.7480181924816726,0.3272635787119876,0.6714878896318263,1.0,,participant,0.006949056066786863,-0.02667987528257072,0.036053378134965806,0.1816,heldout,0.6714878896318262,0.484745175431587,6.245004513516506e-17,0.1480931470204766,0.21591810081800347
83,EPPVR,arousal,subject,baseline_delta,gpu_mlp,20260829,1.0,,0.1056979435932383,72.0,0.394047619047619,0.0422399047556025,0.0552292891222087,0.3812553771214528,0.0504686544710295,0.1502327736038105,4.0,0.7709768493099527,0.7321901162860944,0.6044271100868465,0.5298319800245054,0.5937787867329826,0.7530227642200267,,0.0188786642633526,0.0308082724599183,1,,,0.5035575372355564,0.5532444739588274,0.0496869367232709,1.0,0.4234952818770553,0.7709768389527645,1.0,,participant,0.03080827245991835,-0.007302924804389477,0.06734643820673224,0.7044,heldout,0.7709768389527644,0.5722528810570853,5.204170427930421e-17,-0.013030385559970539,-0.130515989467896
84,EPPVR,arousal,subject,baseline_delta,linear_logistic,20260829,0.25,,0.1072741538729851,72.0,0.394047619047619,0.0422399047556025,0.0552292891222087,0.0953589196100459,0.0520448647507763,0.0375759552272919,1.0,0.2436572757462798,0.2073778055702609,0.2177130167647157,0.1945231006044609,0.2436572757462798,0.2427270016192541,,-0.0076368465989944,-0.0129731524523291,0,,,0.5238354994782279,0.5032255004269044,-0.0206099990513235,0.2501147282191856,0.1375988243656484,0.2436572786694403,1.0,,participant,-0.012973152452329106,-0.03567557316273451,0.008118510991334902,0.002,audit,0.2436572786694403,0.2034380377219163,6.938893903907228e-18,0.017820957292663364,0.017981834256453458
85,EPPVR,arousal,subject,baseline_delta,linear_logistic,20260829,0.5,,0.1094227234404345,72.0,0.394047619047619,0.0422399047556025,0.0552292891222087,0.1908916756303497,0.0541934343182257,0.0752204102781497,1.0,0.3863704998323483,0.3383475083404798,0.3019994943240393,0.2372943755745005,0.3863704998323483,0.3821923252543746,,-0.0076368465989944,0.0158666160705814,0,,,0.5238354994782279,0.532065268949815,0.008229769471587,0.5008669609101875,0.2331315803859522,0.3863705073391898,1.0,,participant,0.015866616070581485,-0.011807391815818847,0.041281260922551154,0.3826,audit,0.3863705073391898,0.2906927742650654,8.673617379884035e-17,-0.00843272141669734,0.06477987993162265
86,EPPVR,arousal,subject,baseline_delta,linear_logistic,20260829,0.75,,0.1149553410284807,72.0,0.394047619047619,0.0422399047556025,0.0552292891222087,0.285023673956385,0.059726051906272,0.1123129000947184,1.0,0.5622715638345278,0.5105768825961767,0.4089970148421372,0.3354262446948103,0.4995035420903326,0.5508192426057127,,-0.0076368465989944,0.0200407930936343,1,,,0.5238354994782279,0.5362394459728679,0.0124039464946399,0.7480181924816726,0.3272635787119876,0.5622715664891061,1.0,,participant,0.02004079309363438,-0.0013888888119254262,0.04183935206383466,0.4824,audit,0.5622715664891061,0.4039905000385307,7.979727989493313e-17,0.00023141744921605176,-0.1636211425404197
87,EPPVR,arousal,subject,baseline_delta,linear_logistic,20260829,1.0,,0.1056979435932383,72.0,0.394047619047619,0.0422399047556025,0.0552292891222087,0.3812553771214528,0.0504686544710295,0.1502327736038105,1.0,0.6790259834043116,0.6320977631331864,0.4899144861310892,0.4145793598250875,0.4787809851218995,0.6654853005367407,,-0.0076368465989944,0.0376387439521866,1,,,0.5238354994782279,0.5538373968314202,0.0300018973531922,1.0,0.4234952818770553,0.679025970619998,1.0,,participant,0.03763874395218669,0.006965936988126487,0.06647926215082406,0.8608,audit,0.6790259706199978,0.4908064898683932,9.020562075079397e-17,-0.10385339978246552,-0.1562537032237122
88,EPPVR,valence,subject,baseline_delta,gpu_mlp,20260829,0.25,,0.032685384060384,72.0,0.394047619047619,0.0099372123593561,0.0164705882352941,0.0854046700345432,0.0162147958250899,0.0336535068826592,4.0,0.1318428718507112,0.1097952414067762,0.165119057791457,0.1673475662455432,0.1318428718507112,0.1316689042104887,,0.0218253968253967,0.0019841269841271,0,,,0.501984126984127,0.5257936507936508,0.0238095238095238,0.249489480872566,0.0953418823938993,0.1318428739903357,0.0,,participant,0.001984126984127088,-0.028678497578948737,0.030899062054231752,0.1166,heldout,0.1318428739903356,0.1306007738853016,1.1709383462843448e-17,3.632353809790564e-05,0.0003259812825918279
89,EPPVR,valence,subject,baseline_delta,gpu_mlp,20260829,0.5,,-0.0013652563946176,72.0,0.394047619047619,0.0099372123593561,0.0164705882352941,0.1709994786569906,-0.0178358446299117,0.0673819374231712,4.0,0.137158041635109,0.1143386389871933,0.1689775450976001,0.1596080835406136,0.1446790918775355,0.1483680322285362,,0.0218253968253967,-0.0039682539682537,0,,,0.501984126984127,0.5198412698412699,0.0178571428571429,0.4996034155332144,0.1809366910163467,0.1371580388000182,0.0,,participant,-0.003968253968253843,-0.03805161146447063,0.030929597094655037,0.0806,heldout,0.1371580388000181,0.1343035582783678,1.4311468676808659e-16,0.00031473958114630607,0.0007748818412363356
90,EPPVR,valence,subject,baseline_delta,gpu_mlp,20260829,0.75,,0.0339235409264013,72.0,0.394047619047619,0.0099372123593561,0.0164705882352941,0.25611532977725,0.0174529526911071,0.1009216359003211,4.0,0.3257693709256677,0.2818193246215668,0.2976069920651275,0.2532620664488235,0.2960076459834382,0.3325890135393107,,0.0218253968253967,-0.0019841269841269,0,,,0.501984126984127,0.5218253968253969,0.0198412698412698,0.7484639068615525,0.2660525421366061,0.325769371948963,1.0,,participant,-0.001984126984126866,-0.039031979627907276,0.0322603166103363,0.11,heldout,0.3257693719489629,0.2537170901055931,3.382710778154774e-17,0.02590181988283072,0.04175332188837205
91,EPPVR,valence,subject,baseline_delta,gpu_mlp,20260829,1.0,,0.0129179669796509,72.0,0.394047619047619,0.0099372123593561,0.0164705882352941,0.3422620937280999,-0.0035526212556432,0.1348675631238108,4.0,0.3829897566277631,0.3351574614824616,0.332862901084539,0.3093459765373605,0.259014085163376,0.4028677336258763,,0.0218253968253967,0.0049603174603176,0,,,0.501984126984127,0.5287698412698413,0.0267857142857143,1.0,0.352199306087456,0.3829897668489105,1.0,,participant,0.004960317460317554,-0.02803493426181376,0.04066208079457283,0.1916,heldout,0.3829897668489105,0.2886188720579283,4.597017211338539e-17,0.027217381319087665,0.06338030820299204
92,EPPVR,valence,subject,baseline_delta,linear_logistic,20260829,0.25,,0.032685384060384,72.0,0.394047619047619,0.0099372123593561,0.0164705882352941,0.0854046700345432,0.0162147958250899,0.0336535068826592,1.0,0.0871215947499211,0.0719328966400744,0.1105715838850868,0.112138658310377,0.0871215947499211,0.0873330776612981,,0.0228174603174604,-0.0049603174603175,0,,,0.492063492063492,0.5099206349206349,0.0178571428571428,0.249489480872566,0.0953418823938993,0.0871215962366143,0.0,,participant,-0.004960317460317554,-0.027532804757356644,0.01700634593144058,0.0132,audit,0.0871215962366143,0.097661325627605,5.377642775528102e-17,-0.0016693131366032968,-0.0019475619925254511
93,EPPVR,valence,subject,baseline_delta,linear_logistic,20260829,0.5,,-0.0013652563946176,72.0,0.394047619047619,0.0099372123593561,0.0164705882352941,0.1709994786569906,-0.0178358446299117,0.0673819374231712,1.0,0.0908224640239273,0.0750415999556213,0.1133284357246088,0.1066255113525446,0.0960856496501356,0.0995710762858474,,0.0228174603174604,-0.0128968253968255,0,,,0.492063492063492,0.501984126984127,0.0099206349206349,0.4996034155332144,0.1809366910163467,0.0908224620457901,0.0,,participant,-0.012896825396825462,-0.040544119011610744,0.014943257533013798,0.0114,audit,0.09082246204579,0.1005382097915063,3.8163916471489756e-17,-0.0016376929674196353,-0.0018592120160219657
94,EPPVR,valence,subject,baseline_delta,linear_logistic,20260829,0.75,,0.0339235409264013,72.0,0.394047619047619,0.0099372123593561,0.0164705882352941,0.25611532977725,0.0174529526911071,0.1009216359003211,1.0,0.232915973820561,0.197817533987196,0.2103174731469395,0.1756900073307521,0.2090075174348552,0.2414185638489278,,0.0228174603174604,-0.0128968253968255,0,,,0.492063492063492,0.501984126984127,0.0099206349206349,0.7484639068615525,0.2660525421366061,0.2329159746529464,1.0,,participant,-0.012896825396825462,-0.046765796933323146,0.02067841524258251,0.0268,audit,0.2329159746529463,0.1967531881074345,3.8163916471489756e-17,0.013599708859252987,0.015538034218092418
95,EPPVR,valence,subject,baseline_delta,linear_logistic,20260829,1.0,,0.0129179669796509,72.0,0.394047619047619,0.0099372123593561,0.0164705882352941,0.3422620937280999,-0.0035526212556432,0.1348675631238108,1.0,0.2806149276256869,0.2405830151149262,0.2387475322839209,0.2196487041440459,0.1801051567674502,0.2958650150315441,,0.0228174603174604,-0.0238095238095238,0,,,0.492063492063492,0.4910714285714285,-0.0009920634920634,1.0,0.352199306087456,0.2806149363572564,1.0,,participant,-0.02380952380952389,-0.05782714728266001,0.009559673443436618,0.0064,audit,0.2806149363572564,0.2261939757128377,9.020562075079397e-17,0.026884439561758657,0.027581027858007243
96,EPPVR,arousal,subject,normalized_asymmetry,gpu_mlp,20260829,0.25,,0.1072741538729851,12.0,0.25,0.0422399047556025,0.0552292891222087,0.0953589196100459,0.0520448647507763,0.0238397299025114,4.0,0.2721002550107615,0.2328897860056488,0.2208413543941944,0.2640429849955584,0.3003063839504007,0.2671718280956933,,0.0156294469215444,-0.0087989754292762,0,,,0.5027511621288303,0.5095816336210985,0.0068304714922682,0.2501147282191856,0.1375988243656484,0.2721002569899537,1.0,,participant,-0.008798975429276212,-0.03601365108042955,0.017591926222667097,0.0158,heldout,0.2721002569899536,0.2209778668998907,1.214306433183765e-17,0.023591864667527003,0.025207332194372982
97,EPPVR,arousal,subject,normalized_asymmetry,gpu_mlp,20260829,0.5,,0.1094227234404345,12.0,0.25,0.0422399047556025,0.0552292891222087,0.1908916756303497,0.0541934343182257,0.0477229189075874,4.0,0.3989700756422011,0.3502749803450777,0.2897422319450619,0.3050421697560144,0.4325131417688995,0.3833269149729779,,0.0156294469215444,-0.0081111848970686,0,,,0.5027511621288303,0.5102694241533061,0.0075182620244758,0.5008669609101875,0.2331315803859522,0.3989700802751645,1.0,,participant,-0.008111184897068635,-0.03283577784895897,0.017774735018610942,0.0188,heldout,0.3989700802751645,0.2984405661649472,3.469446951953614e-17,0.06633044369137281,0.07011035342191699
98,EPPVR,arousal,subject,normalized_asymmetry,gpu_mlp,20260829,0.75,,0.1149553410284807,12.0,0.25,0.0422399047556025,0.0552292891222087,0.285023673956385,0.059726051906272,0.0712559184890962,4.0,0.5519928005834699,0.5001633227183063,0.3768500232424128,0.4017622631590878,0.5236091962748084,0.5274476311718979,,0.0156294469215444,0.0138981121335735,0,,,0.5027511621288303,0.5322787211839484,0.029527559055118,0.7480181924816726,0.3272635787119876,0.5519928004848186,1.0,,participant,0.013898112133573615,-0.007817132351920008,0.03689730102196334,0.3014,heldout,0.5519928004848184,0.3969318893375691,1.1449174941446927e-16,0.053670409774418434,0.14714112701398027
99,EPPVR,arousal,subject,normalized_asymmetry,gpu_mlp,20260829,1.0,,0.1056979435932383,12.0,0.25,0.0422399047556025,0.0552292891222087,0.3812553771214528,0.0504686544710295,0.0953138442803632,4.0,0.6481766446868577,0.5993990138942878,0.4371211383676469,0.4453209460920764,0.5298182932327242,0.6177914736357686,,0.0156294469215444,-0.0018499193624894,0,,,0.5027511621288303,0.5165306896878854,0.013779527559055,1.0,0.4234952818770553,0.648176630807546,1.0,,participant,-0.0018499193624893495,-0.02263961937278509,0.019629960041493172,0.022,heldout,0.648176630807546,0.466462160660971,5.0523821237824507e-17,0.1945505607100709,0.20254599739652018
100,EPPVR,arousal,subject,normalized_asymmetry,linear_logistic,20260829,0.25,,0.1072741538729851,12.0,0.25,0.0422399047556025,0.0552292891222087,0.0953589196100459,0.0520448647507763,0.0238397299025114,1.0,0.1902280919978137,0.1602187732427962,0.1512200850703645,0.1839823980561378,0.2124240415437369,0.1876827993468233,,-0.0209657527748791,0.0108860639408025,0,,,0.5612607911962813,0.5511811023622047,-0.0100796888340765,0.2501147282191856,0.1375988243656484,0.1902280935371192,1.0,,participant,0.010886063940802604,-0.00759806545684114,0.02788511686958372,0.1352,audit,0.1902280935371191,0.1696930954175795,1.0408340855860843e-16,0.0018383174468436848,0.007390980938367191
101,EPPVR,arousal,subject,normalized_asymmetry,linear_logistic,20260829,0.5,,0.1094227234404345,12.0,0.25,0.0422399047556025,0.0552292891222087,0.1908916756303497,0.0541934343182257,0.0477229189075874,1.0,0.2943615250296491,0.2530583913460517,0.2040892222502718,0.216202170334721,0.3238485953481977,0.2875498236716375,,-0.0209657527748791,0.0009249596812447,0,,,0.5612607911962813,0.5412199981026469,-0.0200407930936343,0.5008669609101875,0.2331315803859522,0.2943615290428025,1.0,,participant,0.0009249596812447303,-0.01815963163971901,0.018443386536091556,0.0154,audit,0.2943615290428024,0.2345918874351834,3.0249240612345574e-17,0.02977445116850016,0.03161535613001484
102,EPPVR,arousal,subject,normalized_asymmetry,linear_logistic,20260829,0.75,,0.1149553410284807,12.0,0.25,0.0422399047556025,0.0552292891222087,0.285023673956385,0.059726051906272,0.0712559184890962,1.0,0.4363938987577809,0.3860651344802425,0.2754322726706153,0.2967831159909462,0.408534021418553,0.4216393429225373,,-0.0209657527748791,0.0159852006451002,0,,,0.5612607911962813,0.5562802390665023,-0.0049805521297789,0.7480181924816726,0.3272635787119876,0.4363938986596651,1.0,,participant,0.015985200645100117,-0.0050685955211520195,0.03938813433051109,0.3486,audit,0.4363938986596649,0.3216733335280379,8.326672684688674e-17,0.006982723274571214,0.08696590128434153
103,EPPVR,arousal,subject,normalized_asymmetry,linear_logistic,20260829,1.0,,0.1056979435932383,12.0,0.25,0.0422399047556025,0.0552292891222087,0.3812553771214528,0.0504686544710295,0.0953138442803632,1.0,0.536559140144191,0.4846112595581431,0.3280214050567298,0.3353400533944644,0.4145660251216012,0.5127406827604417,,-0.0209657527748791,0.0017313347879708,0,,,0.5612607911962813,0.542026373209373,-0.0192344179869082,1.0,0.4234952818770553,0.5365591250099097,1.0,,participant,0.0017313347879708285,-0.02399679133668542,0.026675402233377093,0.0766,audit,0.5365591250099097,0.3864687728617823,2.862293735361732e-17,0.11554374028501488,0.138537582234108
104,EPPVR,valence,subject,normalized_asymmetry,gpu_mlp,20260829,0.25,,0.032685384060384,12.0,0.25,0.0099372123593561,0.0164705882352941,0.0854046700345432,0.0162147958250899,0.0213511675086358,4.0,0.100600884780424,0.0832765921274079,0.1131855903509945,0.1601202513661213,0.1138088475709078,0.1000566396954449,,-0.0099206349206348,0.0248015873015871,1,,,0.5009920634920635,0.5158730158730158,0.0148809523809523,0.249489480872566,0.0953418823938993,0.1006008856477075,0.0,,participant,0.024801587301587213,-0.0082005345961079,0.05682981675490733,0.6088,heldout,0.1006008856477075,0.1079873972537511,1.1449174941446927e-16,0.007453076758982269,0.01323228343955074
105,EPPVR,valence,subject,normalized_asymmetry,gpu_mlp,20260829,0.5,,-0.0013652563946176,12.0,0.25,0.0099372123593561,0.0164705882352941,0.1709994786569906,-0.0178358446299117,0.0427498696642476,4.0,0.0970160642819103,0.0802540253087321,0.1090998324754893,0.1465661676879511,0.1160339676410331,0.1029039105100798,,-0.0099206349206348,-0.0069444444444445,0,,,0.5009920634920635,0.4841269841269841,-0.0168650793650794,0.4996034155332144,0.1809366910163467,0.0970160620126837,0.0,,participant,-0.006944444444444531,-0.03796823434531689,0.023919874429702757,0.0422,heldout,0.0970160620126837,0.1052807643696438,3.122502256758253e-17,-0.0009743821788801379,-0.00167192305780757
106,EPPVR,valence,subject,normalized_asymmetry,gpu_mlp,20260829,0.75,,0.0339235409264013,12.0,0.25,0.0099372123593561,0.0164705882352941,0.25611532977725,0.0174529526911071,0.0640288324443125,4.0,0.230665235322301,0.195819381728299,0.1923978405769195,0.2224789975824166,0.2305150986244589,0.2280971367746353,,-0.0099206349206348,0.0069444444444444,0,,,0.5009920634920635,0.498015873015873,-0.0029761904761904,0.7484639068615525,0.2660525421366061,0.2306652332013017,1.0,,participant,0.00694444444444442,-0.03726806212216616,0.04776488188654184,0.2764,heldout,0.2306652332013016,0.1953472283441983,1.9949319973733282e-17,-0.004477882898956207,0.015045910186050504
107,EPPVR,valence,subject,normalized_asymmetry,gpu_mlp,20260829,1.0,,0.0129179669796509,12.0,0.25,0.0099372123593561,0.0164705882352941,0.3422620937280999,-0.0035526212556432,0.0855655234320249,4.0,0.2610469392851487,0.2229414403630369,0.2074132277007242,0.2709923418024756,0.2011327216739277,0.2630012098803796,,-0.0099206349206348,0.0079365079365079,0,,,0.5009920634920635,0.4990079365079365,-0.0019841269841269,1.0,0.352199306087456,0.2610469412947755,1.0,,participant,0.007936507936507908,-0.015329940873198212,0.032087701745331286,0.162,heldout,0.2610469412947754,0.2141854371778474,8.673617379884035e-18,0.007086976726407627,0.022270104060292298
108,EPPVR,valence,subject,normalized_asymmetry,linear_logistic,20260829,0.25,,0.032685384060384,12.0,0.25,0.0099372123593561,0.0164705882352941,0.0854046700345432,0.0162147958250899,0.0213511675086358,1.0,0.0656752538017462,0.0540043010219332,0.0742682885501865,0.1069893074918676,0.0746785392819377,0.0659037862026124,,-0.0238095238095237,0.0198412698412698,0,,,0.5099206349206349,0.5059523809523809,-0.0039682539682539,0.249489480872566,0.0953418823938993,0.065675254389921,0.0,,participant,0.019841269841269826,-0.007446021272335201,0.048957400023937225,0.4976,audit,0.065675254389921,0.0802250851062426,2.7755575615628914e-17,0.012357166287760235,-0.0021228252411230305
109,EPPVR,valence,subject,normalized_asymmetry,linear_logistic,20260829,0.5,,-0.0013652563946176,12.0,0.25,0.0099372123593561,0.0164705882352941,0.1709994786569906,-0.0178358446299117,0.0427498696642476,1.0,0.0632474575867481,0.0519839393806413,0.0714741375886247,0.0974110962610528,0.076204395298456,0.0680222524070679,,-0.0238095238095237,0.0307539682539681,1,,,0.5099206349206349,0.5168650793650793,0.0069444444444444,0.4996034155332144,0.1809366910163467,0.0632474560520529,0.0,,participant,0.0307539682539682,-0.011435768217779694,0.07588103208690876,0.6692,audit,0.0632474560520529,0.0781533301646252,1.0061396160665481e-16,0.017842319593502298,0.027704045906380204
110,EPPVR,valence,subject,normalized_asymmetry,linear_logistic,20260829,0.75,,0.0339235409264013,12.0,0.25,0.0099372123593561,0.0164705882352941,0.25611532977725,0.0174529526911071,0.0640288324443125,1.0,0.1585449066139163,0.1327145920627638,0.1302446013800162,0.1524111347869537,0.158432045041463,0.1588862876165747,,-0.0238095238095237,0.0079365079365079,0,,,0.5099206349206349,0.494047619047619,-0.0158730158730158,0.7484639068615525,0.2660525421366061,0.15854490501941,0.0,,participant,0.007936507936507964,-0.026097014546394348,0.04141200482845306,0.2328,audit,0.15854490501941,0.1488740829831538,6.418476861114186e-17,-0.0015297404165421106,0.002972994323538772
111,EPPVR,valence,subject,normalized_asymmetry,linear_logistic,20260829,1.0,,0.0129179669796509,12.0,0.25,0.0099372123593561,0.0164705882352941,0.3422620937280999,-0.0035526212556432,0.0855655234320249,1.0,0.181670538693961,0.1527565489597562,0.1412577645678967,0.1893668132481951,0.1366065195174425,0.1829978736665289,,-0.0238095238095237,-0.0218253968253968,0,,,0.5099206349206349,0.4642857142857143,-0.0456349206349205,1.0,0.352199306087456,0.1816705402427514,0.0,,participant,-0.021825396825396803,-0.05975169986486435,0.015106382616795536,0.0144,audit,0.1816705402427513,0.1641449035638237,3.469446951953614e-18,0.005555897489763029,0.006060635826116146
112,EPPVR,arousal,subject,relative_power,gpu_mlp,20260829,0.25,,0.1072741538729851,24.0,0.219047619047619,0.0422399047556025,0.0552292891222087,0.0953589196100459,0.0520448647507763,0.0208881442955338,4.0,0.2588700264246293,0.2209872639205249,0.204791977233179,0.1986238810636393,0.2960020483145342,0.2523684568478923,,0.0169101603263447,0.008229769471587,0,,,0.4557679537045821,0.480907883502514,0.0251399297979318,0.2501147282191856,0.1375988243656484,0.2588700281629968,1.0,,participant,0.008229769471587156,-0.02384673752821982,0.040409724880009865,0.228,heldout,0.2588700281629967,0.2128444460783876,1.5612511283791264e-16,0.0007232678241133075,0.021710933254695065
113,EPPVR,arousal,subject,relative_power,gpu_mlp,20260829,0.5,,0.1094227234404345,24.0,0.219047619047619,0.0422399047556025,0.0552292891222087,0.1908916756303497,0.0541934343182257,0.0418143670428385,4.0,0.3779584273605892,0.3304179992305124,0.2671666851828,0.2316830562504805,0.4224358578748824,0.3625151897565007,,0.0169101603263447,0.0259463049046579,1,,,0.4557679537045821,0.4986244189355848,0.0428564652310027,0.5008669609101875,0.2331315803859522,0.3779584304967346,1.0,,participant,0.02594630490465799,-0.003925249923486263,0.05639279708266256,0.6358,heldout,0.3779584304967345,0.2855359173725684,9.020562075079397e-17,-0.05620265261492895,-0.12352321117457143
114,EPPVR,arousal,subject,relative_power,gpu_mlp,20260829,0.75,,0.1149553410284807,24.0,0.219047619047619,0.0422399047556025,0.0552292891222087,0.285023673956385,0.059726051906272,0.062433757152351,4.0,0.5249682652954342,0.4729972440236807,0.3471304930620695,0.3114826492189309,0.5082554920540785,0.4997759099501002,,0.0169101603263447,0.0186414951143156,0,,,0.4557679537045821,0.4913196091452424,0.0355516554406603,0.7480181924816726,0.3272635787119876,0.5249682619327637,1.0,,participant,0.018641495114315565,-0.016026572976261377,0.051732611935585704,0.4552,heldout,0.5249682619327637,0.3787105215905249,3.469446951953614e-17,-0.000983029934234837,0.1321700168733394
115,EPPVR,arousal,subject,relative_power,gpu_mlp,20260829,1.0,,0.1056979435932383,24.0,0.219047619047619,0.0422399047556025,0.0552292891222087,0.3812553771214528,0.0504686544710295,0.0835130826075563,4.0,0.6181035483174914,0.5679357706318839,0.4017251289365737,0.354195004583077,0.5092926131386203,0.5854097187482884,,0.0169101603263447,0.0026562944692153,0,,,0.4557679537045821,0.4753344085001423,0.0195664547955601,1.0,0.4234952818770553,0.6181035369817308,1.0,,participant,0.0026562944692154478,-0.027512533497065304,0.031059424206614485,0.1158,heldout,0.6181035369817307,0.4437980662305735,1.478851763270228e-16,0.1447261118133612,0.18509525883932926
116,EPPVR,arousal,subject,relative_power,linear_logistic,20260829,0.25,,0.1072741538729851,24.0,0.219047619047619,0.0422399047556025,0.0552292891222087,0.0953589196100459,0.0520448647507763,0.0208881442955338,1.0,0.1799943248480396,0.1512977898391591,0.1393256070498221,0.1347667705792871,0.2090030765492795,0.1767030745434713,,0.018760079688834,-0.0022056730860448,0,,,0.4445261360402239,0.461080542643013,0.0165544066027891,0.2501147282191856,0.1375988243656484,0.1799943261853774,0.0,,participant,-0.002205673086044968,-0.03313309084624052,0.030417217593640085,0.0954,audit,0.1799943261853772,0.163052203003271,1.6783449630075609e-16,0.002579379451562204,0.005811936554708068
117,EPPVR,arousal,subject,relative_power,linear_logistic,20260829,0.5,,0.1094227234404345,24.0,0.219047619047619,0.0422399047556025,0.0552292891222087,0.1908916756303497,0.0541934343182257,0.0418143670428385,1.0,0.2763261868365028,0.236704781998837,0.1864356228695944,0.1593103918069852,0.3148982235848446,0.269520423936866,,0.018760079688834,-0.0099611042595579,0,,,0.4445261360402239,0.4533251114695,0.0087989754292761,0.5008669609101875,0.2331315803859522,0.2763261895039611,1.0,,participant,-0.009961104259557929,-0.04075913419947028,0.015724307158961878,0.009,audit,0.2763261895039611,0.2235682683291712,2.949029909160572e-17,0.0254237498209285,0.026373392402074723
118,EPPVR,arousal,subject,relative_power,linear_logistic,20260829,0.75,,0.1149553410284807,24.0,0.219047619047619,0.0422399047556025,0.0552292891222087,0.285023673956385,0.059726051906272,0.062433757152351,1.0,0.409851371658051,0.3606250575170594,0.2504957475268083,0.2213644048716186,0.393765561138855,0.3947350892612344,,0.018760079688834,-0.0161037852196186,0,,,0.4445261360402239,0.4471824305094393,0.0026562944692154,0.7480181924816726,0.3272635787119876,0.4098513683965583,1.0,,participant,-0.016103785219618638,-0.04630741886794567,0.011196888843551236,0.003,audit,0.4098513683965581,0.3051585938133104,3.8163916471489756e-17,0.07422822015091475,0.07485637679841424
119,EPPVR,arousal,subject,relative_power,linear_logistic,20260829,1.0,,0.1056979435932383,24.0,0.219047619047619,0.0422399047556025,0.0552292891222087,0.3812553771214528,0.0504686544710295,0.0835130826075563,1.0,0.5042425133244581,0.4523693781337648,0.2968014793989511,0.2563196502973763,0.3947566043177962,0.4791164962140571,,0.018760079688834,-0.0220092970306421,0,,,0.4445261360402239,0.4412769186984157,-0.0032492173418082,1.0,0.4234952818770553,0.5042425013197241,1.0,,participant,-0.022009297030642305,-0.060259939078241585,0.01180568335112184,0.0084,audit,0.504242501319724,0.3650321891232421,2.0469737016526324e-16,0.1186732677961646,0.12101200104106549
120,EPPVR,valence,subject,relative_power,gpu_mlp,20260829,0.25,,0.032685384060384,24.0,0.219047619047619,0.0099372123593561,0.0164705882352941,0.0854046700345432,0.0162147958250899,0.0187076896266142,4.0,0.0948095026248191,0.0783956023932775,0.1040773961050774,0.1141831814628909,0.1119639952191964,0.0938889472720335,,-0.0138888888888888,0.0109126984126984,0,,,0.5158730158730158,0.5128968253968254,-0.0029761904761904,0.249489480872566,0.0953418823938993,0.0948095026034418,0.0,,participant,0.010912698412698374,-0.01620596549473703,0.03841314408928156,0.2548,heldout,0.0948095026034418,0.1036010787696067,2.6020852139652106e-17,0.002735845475963422,-0.0017443417383142153
121,EPPVR,valence,subject,relative_power,gpu_mlp,20260829,0.5,,-0.0013652563946176,24.0,0.219047619047619,0.0099372123593561,0.0164705882352941,0.1709994786569906,-0.0178358446299117,0.0374570286581979,4.0,0.0898881258962353,0.0742563486187445,0.0989516178719762,0.1010711462444493,0.1123038117010476,0.094650298322189,,-0.0138888888888888,0.0158730158730157,0,,,0.5158730158730158,0.5178571428571428,0.0019841269841269,0.4996034155332144,0.1809366910163467,0.0898881235148836,0.0,,participant,0.015873015873015817,-0.006433889735490084,0.037700075563043334,0.3412,heldout,0.0898881235148836,0.0998150576057074,1.1796119636642288e-16,0.004890968847774471,-0.0018831709758037173
122,EPPVR,valence,subject,relative_power,gpu_mlp,20260829,0.75,,0.0339235409264013,24.0,0.219047619047619,0.0099372123593561,0.0164705882352941,0.25611532977725,0.0174529526911071,0.0561014531893023,4.0,0.2129737865553627,0.1801746127642128,0.1739012610999379,0.1588319603914738,0.2208617965617092,0.2086911517366706,,-0.0138888888888888,0.0138888888888888,0,,,0.5158730158730158,0.5158730158730158,0.0,0.7484639068615525,0.2660525421366061,0.2129737842874851,1.0,,participant,0.01388888888888884,-0.007386438164394349,0.03556577069684862,0.2666,heldout,0.212973784287485,0.1842234392514998,3.9898639947466563e-17,-0.003910126749106153,0.01141955722408116
123,EPPVR,valence,subject,relative_power,gpu_mlp,20260829,1.0,,0.0129179669796509,24.0,0.219047619047619,0.0099372123593561,0.0164705882352941,0.3422620937280999,-0.0035526212556432,0.0749716967213933,4.0,0.2383675086139941,0.2026646155535139,0.1855401863710935,0.1905776063176626,0.1895312659085482,0.2371263697874635,,-0.0138888888888888,0.0188492063492062,0,,,0.5158730158730158,0.5208333333333333,0.0049603174603174,1.0,0.352199306087456,0.2383675106231637,1.0,,participant,0.018849206349206282,-0.01111111231148243,0.050595663953572505,0.452,heldout,0.2383675106231637,0.2001509012086502,8.326672684688674e-17,-0.01778912804467099,0.0167586868660492
124,EPPVR,valence,subject,relative_power,linear_logistic,20260829,0.25,,0.032685384060384,24.0,0.219047619047619,0.0099372123593561,0.0164705882352941,0.0854046700345432,0.0162147958250899,0.0187076896266142,1.0,0.0617564113645456,0.0507440420981642,0.0680515016797632,0.0749350510194696,0.0734154446609422,0.0620205334360553,,0.0039682539682539,-0.0099206349206348,0,,,0.501984126984127,0.496031746031746,-0.0059523809523809,0.249489480872566,0.0953418823938993,0.0617564113501125,0.0,,participant,-0.009920634920634885,-0.038498387299478055,0.02232880378141996,0.0336,audit,0.0617564113501125,0.0768692612122147,8.500145032286355e-17,-0.0010794454657341234,-0.0020950289764673914
125,EPPVR,valence,subject,relative_power,linear_logistic,20260829,0.5,,-0.0013652563946176,24.0,0.219047619047619,0.0099372123593561,0.0164705882352941,0.1709994786569906,-0.0178358446299117,0.0374570286581979,1.0,0.058439987589909,0.0479887557137991,0.0645721100802097,0.0659942339002212,0.0736479672711858,0.0623990770312108,,0.0039682539682539,0.0079365079365079,0,,,0.501984126984127,0.5138888888888888,0.0119047619047618,0.4996034155332144,0.1809366910163467,0.0584399859881966,0.0,,participant,0.007936507936507908,-0.026399428956210613,0.04182954067364331,0.2418,audit,0.0584399859881966,0.0739795109043121,8.673617379884035e-18,0.005457178178092829,-0.002057736071340617
126,EPPVR,valence,subject,relative_power,linear_logistic,20260829,0.75,,0.0339235409264013,24.0,0.219047619047619,0.0099372123593561,0.0164705882352941,0.25611532977725,0.0174529526911071,0.0561014531893023,1.0,0.1453399260221307,0.1213507196162735,0.1168586507001928,0.1060745064779765,0.1512042094574424,0.1443980354413862,,0.0039682539682539,0.0009920634920634,0,,,0.501984126984127,0.5069444444444444,0.0049603174603174,0.7484639068615525,0.2660525421366061,0.1453399243414601,0.0,,participant,0.0009920634920634885,-0.02163270181044936,0.024763135239481926,0.0564,audit,0.14533992434146,0.1399364209983869,8.847089727481716e-17,0.0009319765086448937,0.0015414916857435408
127,EPPVR,valence,subject,relative_power,linear_logistic,20260829,1.0,,0.0129179669796509,24.0,0.219047619047619,0.0099372123593561,0.0164705882352941,0.3422620937280999,-0.0035526212556432,0.0749716967213933,1.0,0.1643534366901314,0.1377316911230725,0.1252586837546347,0.1288912905288967,0.1281300179933076,0.1636672424118378,,0.0039682539682539,0.0069444444444443,0,,,0.501984126984127,0.5128968253968254,0.0109126984126983,1.0,0.352199306087456,0.1643534382100682,0.0,,participant,0.00694444444444442,-0.017020594887435438,0.031764992792159316,0.1424,audit,0.1643534382100681,0.1527519044544817,1.196959198423997e-16,0.0003747915234085598,0.0036789083369995652
128,EPPVR,arousal,subject,all,gpu_mlp,20260911,0.25,,0.1124152387099435,72.0,0.4178571428571428,0.0538560737953712,0.0839723994329257,0.0981815602716348,0.0284428392770177,0.0410258662563616,4.0,0.3734531975287957,0.3261822982661161,0.3372152457743755,0.3962720250792753,0.3734531975287957,0.3718855410392691,,0.028721183948392,-0.0008063751067262,0,,,0.5335594345887487,0.5614742434304145,0.0279148088416658,0.2491433496808127,0.152037634067006,0.373453195623489,1.0,,participant,-0.0008063751067262093,-0.041029312275350095,0.04011897984892128,0.1484,audit,0.3734531956234889,0.2827786219452711,9.215718466126788e-18,0.03259132682443426,0.0595035402921293
129,EPPVR,arousal,subject,all,gpu_mlp,20260911,0.5,,0.0591421377928472,72.0,0.4178571428571428,0.0538560737953712,0.0839723994329257,0.1970616689915142,-0.0248302616400784,0.0823436259714541,4.0,0.3400227363986992,0.2949910787598056,0.3158479522745487,0.3545067992660221,0.3400227363986992,0.3368620419471783,,0.028721183948392,0.0192344179869081,0,,,0.5335594345887487,0.5815150365240489,0.0479556019353002,0.4998184745729481,0.2509177427868854,0.3400227383831045,1.0,,participant,0.01923441798690817,-0.022848561219871045,0.06084158150479195,0.4566,audit,0.3400227383831045,0.2623895220509067,6.938893903907228e-17,-0.02412745181912115,0.04676720133544185
130,EPPVR,arousal,subject,all,gpu_mlp,20260911,0.75,,0.097584220589939,72.0,0.4178571428571428,0.0538560737953712,0.0839723994329257,0.2952330222081921,0.0136118211570133,0.1233652271369945,4.0,0.6457684232051814,0.5968645734918597,0.5159629404326166,0.5124703711834002,0.5722083064427058,0.6278795335583064,,0.028721183948392,0.0073048097903423,0,,,0.5335594345887487,0.5695854283274832,0.0360259937387344,0.7495796065339543,0.3490890960035633,0.6457684105118325,1.0,,participant,0.007304809790342426,-0.03345760032534599,0.047866764478385344,0.255,audit,0.6457684105118325,0.4646107629524074,1.2576745200831851e-16,0.10876327870845375,0.2011536789637606
131,EPPVR,arousal,subject,all,gpu_mlp,20260911,1.0,,0.0475439505582503,72.0,0.4178571428571428,0.0538560737953712,0.0839723994329257,0.3941152725161509,-0.0364284488746754,0.1646838817299631,4.0,0.6235383983028966,0.573592039508666,0.4999318308439928,0.6559451058521698,0.3820688255041726,0.6268359920035799,,0.028721183948392,-0.0017313347879708,0,,,0.5335594345887487,0.5605492837491699,0.0269898491604212,1.0,0.4479713463115222,0.6235383888225826,1.0,,participant,-0.0017313347879708285,-0.0508759019896388,0.04344941861927509,0.1732,audit,0.6235383888225826,0.4478235136052444,2.862293735361732e-17,0.12738659022242974,0.18825422299771571
132,EPPVR,arousal,subject,all,linear_logistic,20260911,0.25,,0.1124152387099435,72.0,0.4178571428571428,0.0538560737953712,0.0839723994329257,0.0981815602716348,0.0284428392770177,0.0410258662563616,1.0,0.2725016977308515,0.2332519225042488,0.2423162503783939,0.2920271743780315,0.2725016977308515,0.2714896648591807,,0.0245470069253391,-0.0208471682003606,0,,,0.5544303197040129,0.5581301584289915,0.0036998387249785,0.2491433496808127,0.152037634067006,0.2725016961165807,1.0,,participant,-0.02084716820036059,-0.04760394236072898,0.0030714426364283434,0.0004,heldout,0.2725016961165805,0.2212240826689885,1.0408340855860843e-17,0.025276057542919637,0.02531707963367772
133,EPPVR,arousal,subject,all,linear_logistic,20260911,0.5,,0.0591421377928472,72.0,0.4178571428571428,0.0538560737953712,0.0839723994329257,0.1970616689915142,-0.0248302616400784,0.0823436259714541,1.0,0.2445804619403049,0.2082013686295668,0.2249215117812338,0.2565795172332215,0.2445804619403049,0.2460492131866019,,0.0245470069253391,-0.0140166967080922,0,,,0.5544303197040129,0.5649606299212598,0.0105303102172469,0.4998184745729481,0.2509177427868854,0.2445804635741219,1.0,,participant,-0.014016696708092247,-0.04444680158048868,0.013395564467646143,0.0094,heldout,0.2445804635741218,0.2040107886501713,4.683753385137379e-17,0.017436491387897185,0.018199201276467458
134,EPPVR,arousal,subject,all,linear_logistic,20260911,0.75,,0.097584220589939,72.0,0.4178571428571428,0.0538560737953712,0.0839723994329257,0.2952330222081921,0.0136118211570133,0.1233652271369945,1.0,0.5339362585225887,0.4819782246865057,0.4012114165838141,0.3977990530863795,0.4566914687144807,0.5256130104509406,,0.0245470069253391,-0.0110046485153212,0,,,0.5544303197040129,0.5679726781140308,0.0135423584100179,0.7495796065339543,0.3490890960035633,0.5339362447140774,1.0,,participant,-0.011004648515321236,-0.037137112114578485,0.012761662621051061,0.0054,heldout,0.5339362447140772,0.3847059413889581,3.642919299551295e-17,0.1354775648034952,0.13708925207940645
135,EPPVR,arousal,subject,all,linear_logistic,20260911,1.0,,0.0475439505582503,72.0,0.4178571428571428,0.0538560737953712,0.0839723994329257,0.3941152725161509,-0.0364284488746754,0.1646838817299631,1.0,0.5100132260478432,0.4580949897382485,0.3859031500658466,0.5450623588513939,0.2798285220689255,0.5148959524136477,,0.0245470069253391,-0.0188786642633527,0,,,0.5544303197040129,0.5600986623659994,0.0056683426619864,1.0,0.4479713463115222,0.5100132159552067,1.0,,participant,-0.018878664263352718,-0.05599449500441551,0.016394189605489363,0.0178,heldout,0.5100132159552067,0.3688169403306734,1.734723475976807e-17,0.11906095756185937,0.12408754497409274
136,EPPVR,valence,subject,all,gpu_mlp,20260911,0.25,,-0.0153097962372155,72.0,0.4178571428571428,0.0151908155515533,-0.0048420329670329,0.0863879657509557,-0.0104677632701826,0.036097828545935,4.0,0.07125277064026,0.0586528781528127,0.1156567689180842,0.1482784001150519,0.0919184167669544,0.0751572492313464,,-0.0257936507936507,0.0069444444444445,0,,,0.5109126984126984,0.4920634920634921,-0.0188492063492062,0.250967089701118,0.101578781302509,0.0712527730668738,0.0,,participant,0.006944444444444475,-0.023470383416861296,0.0383293536491692,0.2036,audit,0.0712527730668738,0.084901188503747,2.42861286636753e-17,0.003426380626265402,-0.0021312541396293653
137,EPPVR,valence,subject,all,gpu_mlp,20260911,0.5,,0.0059478260687938,72.0,0.4178571428571428,0.0151908155515533,-0.0048420329670329,0.171321782337198,0.0107898590358267,0.0715880304766148,4.0,0.1598458723524586,0.1338373182403137,0.1926487339633165,0.2301431769013909,0.1598458723524586,0.1701824676666677,,-0.0257936507936507,0.0039682539682539,0,,,0.5109126984126984,0.4890873015873016,-0.0218253968253967,0.4979270143425913,0.1865125978887513,0.159845867399516,0.0,,participant,0.00396825396825401,-0.02886369819752872,0.03632722320035099,0.171,audit,0.1598458673995159,0.1497452972149174,1.0928757898653885e-16,-0.00032734771641301644,0.0031270472867196697
138,EPPVR,valence,subject,all,gpu_mlp,20260911,0.75,,0.022791232811394,72.0,0.4178571428571428,0.0151908155515533,-0.0048420329670329,0.2563605653278491,0.0276332657784269,0.1071220933691369,4.0,0.3060822301356807,0.2637492121582198,0.2939670438092079,0.3296082385603969,0.2771864244435241,0.3194665283333149,,-0.0257936507936507,-0.0119047619047619,0,,,0.5109126984126984,0.4732142857142857,-0.0376984126984126,0.7451952924721938,0.2715513808794024,0.3060822373878768,1.0,,participant,-0.011904761904761918,-0.0390348918735981,0.018660096777603014,0.0194,audit,0.3060822373878766,0.2417356976009124,1.734723475976807e-17,0.03275354280603446,0.035250188549768684
139,EPPVR,valence,subject,all,gpu_mlp,20260911,1.0,,0.006442655313623,72.0,0.4178571428571428,0.0151908155515533,-0.0048420329670329,0.3441546042469027,0.0112846882806559,0.1438074596317415,4.0,0.3844671634885019,0.3365509954905914,0.3438444101081927,0.38670263473822,0.2470186907280708,0.4102249108133605,,-0.0257936507936507,-0.0158730158730159,0,,,0.5109126984126984,0.4692460317460317,-0.0416666666666666,1.0,0.359345419798456,0.3844671574060043,1.0,,participant,-0.015873015873015872,-0.054576657712459564,0.024322779476642572,0.0422,audit,0.3844671574060043,0.289524930494003,2.7755575615628914e-17,0.05597718579492309,0.06399030974629599
140,EPPVR,valence,subject,all,linear_logistic,20260911,0.25,,-0.0153097962372155,72.0,0.4178571428571428,0.0151908155515533,-0.0048420329670329,0.0863879657509557,-0.0104677632701826,0.036097828545935,1.0,0.045994880452216,0.037680226327869,0.0759625682708695,0.0986154383674145,0.0598066409154522,0.0490154900977414,,0.007936507936508,-0.0168650793650792,0,,,0.5148809523809523,0.5059523809523809,-0.0089285714285713,0.250967089701118,0.101578781302509,0.0459948820612365,0.0,,participant,-0.016865079365079416,-0.0438225525431335,0.010381224146112773,0.0046,heldout,0.0459948820612365,0.0626571709369502,2.1510571102112408e-16,-0.0016570988363385746,-0.001810391893995141
141,EPPVR,valence,subject,all,linear_logistic,20260911,0.5,,0.0059478260687938,72.0,0.4178571428571428,0.0151908155515533,-0.0048420329670329,0.171321782337198,0.0107898590358267,0.0715880304766148,1.0,0.1067943959856402,0.0885084932771975,0.130427534356162,0.1581525213333673,0.1067943959856402,0.1155050551066708,,0.007936507936508,-0.0238095238095238,0,,,0.5148809523809523,0.4990079365079365,-0.0158730158730158,0.4979270143425913,0.1865125978887513,0.1067943924675837,0.0,,participant,-0.023809523809523836,-0.05357708008959889,0.007972573582082922,0.0048,heldout,0.1067943924675837,0.1126026977938627,3.469446951953614e-17,-0.0012185655568033964,-0.0012743252879356733
142,EPPVR,valence,subject,all,linear_logistic,20260911,0.75,,0.022791232811394,72.0,0.4178571428571428,0.0151908155515533,-0.0048420329670329,0.2563605653278491,0.0276332657784269,0.1071220933691369,1.0,0.2170339219598052,0.1837554597567392,0.2074298522778746,0.2360437235673799,0.1941921656165893,0.2294163656778583,,0.007936507936508,-0.007936507936508,0,,,0.5148809523809523,0.5148809523809523,0.0,0.7451952924721938,0.2715513808794024,0.2170339277620223,1.0,,participant,-0.00793650793650802,-0.04152555214241147,0.025228337896987727,0.0484,heldout,0.2170339277620223,0.1867885338449375,1.9081958235744878e-17,0.009286015292695543,0.012213769423869356
143,EPPVR,valence,subject,all,linear_logistic,20260911,1.0,,0.006442655313623,72.0,0.4178571428571428,0.0151908155515533,-0.0048420329670329,0.3441546042469027,0.0112846882806559,0.1438074596317415,1.0,0.281877833053262,0.241726293763308,0.247777270079978,0.2837918198495311,0.1709212196189058,0.3014833624573753,,0.007936507936508,-0.0218253968253968,0,,,0.5148809523809523,0.5009920634920635,-0.0138888888888888,1.0,0.359345419798456,0.2818778278505389,1.0,,participant,-0.02182539682539686,-0.05649181492626667,0.011805980815552168,0.0066,heldout,0.2818778278505389,0.2269665885844303,5.898059818321144e-17,0.02721644914177135,0.02794127750008398
144,EPPVR,arousal,subject,baseline_delta,gpu_mlp,20260911,0.25,,0.1124152387099435,72.0,0.4000000000000001,0.0538560737953712,0.0839723994329257,0.0981815602716348,0.0284428392770177,0.0392726241086539,4.0,0.3642579996099741,0.3175610885690024,0.3249088567516925,0.3291046935886647,0.3642579996099741,0.362589982220369,,-0.007423394364861,0.0069490560667869,0,,,0.5321838535243336,0.5317095152262594,-0.0004743382980741,0.2491433496808127,0.152037634067006,0.3642579961963836,1.0,,participant,0.006949056066786863,-0.036867367755621674,0.04814866669476032,0.2554,audit,0.3642579961963836,0.2771594998613796,3.729655473350135e-17,0.011376587501674485,0.05586649942959453
145,EPPVR,arousal,subject,baseline_delta,gpu_mlp,20260911,0.5,,0.0591421377928472,72.0,0.4000000000000001,0.0538560737953712,0.0839723994329257,0.1970616689915142,-0.0248302616400784,0.0788246675966057,4.0,0.328495425949268,0.2843327026584721,0.3018743627656335,0.2823131379857684,0.328495425949268,0.3245226883772714,,-0.007423394364861,0.0111232330898395,0,,,0.5321838535243336,0.5358836922493122,0.0036998387249785,0.4998184745729481,0.2509177427868854,0.3284954308171358,1.0,,participant,0.011123233089839646,-0.023232634365558624,0.04153564237058159,0.2854,audit,0.3284954308171358,0.2553755139251318,1.457167719820518e-16,0.0009557463932545841,0.04269259495521045
146,EPPVR,arousal,subject,baseline_delta,gpu_mlp,20260911,0.75,,0.097584220589939,72.0,0.4000000000000001,0.0538560737953712,0.0839723994329257,0.2952330222081921,0.0136118211570133,0.1180932088832768,4.0,0.6309903760907083,0.5813689249243906,0.4971452071760956,0.4375634069637983,0.5607131604172348,0.6124356831737449,,-0.007423394364861,-0.0035812541504601,0,,,0.5321838535243336,0.5211792050090124,-0.0110046485153212,0.7495796065339543,0.3490890960035633,0.6309903716547575,1.0,,participant,-0.003581254150460178,-0.044237314723432064,0.03569914950057863,0.1242,audit,0.6309903716547574,0.453391947711052,7.806255641895632e-17,0.14846914236417108,0.19258459087178748
147,EPPVR,arousal,subject,baseline_delta,gpu_mlp,20260911,1.0,,0.0475439505582503,72.0,0.4000000000000001,0.0538560737953712,0.0839723994329257,0.3941152725161509,-0.0364284488746754,0.1576461090064604,4.0,0.6054596396583818,0.5548271638007699,0.4786478937958172,0.5265609772802744,0.3756490000763257,0.6067973680449272,,-0.007423394364861,-0.017953704582108,0,,,0.5321838535243336,0.5068067545773646,-0.025377098946969,1.0,0.4479713463115222,0.6054596368343227,1.0,,participant,-0.017953704582107988,-0.05923445848748088,0.019073048280552025,0.0214,audit,0.6054596368343227,0.4345443930469559,1.3877787807814457e-17,0.1704373698729033,0.1777525423070026
148,EPPVR,arousal,subject,baseline_delta,linear_logistic,20260911,0.25,,0.1124152387099435,72.0,0.4000000000000001,0.0538560737953712,0.0839723994329257,0.0981815602716348,0.0284428392770177,0.0392726241086539,1.0,0.2647418526123656,0.226262148829396,0.2322594918150324,0.2356328767683625,0.2647418526123656,0.2636937042456541,,0.0126173987287734,0.0228156721373683,1,,,0.5028934636182525,0.5383265344843943,0.0354330708661417,0.2491433496808127,0.152037634067006,0.2647418497430134,1.0,,participant,0.022815672137368348,-0.0069747597794048485,0.056521944887936014,0.544,heldout,0.2647418497430134,0.2164589657084963,4.85722573273506e-17,-0.029298014659794286,-0.07333200489927383
149,EPPVR,arousal,subject,baseline_delta,linear_logistic,20260911,0.5,,0.0591421377928472,72.0,0.4000000000000001,0.0538560737953712,0.0839723994329257,0.1970616689915142,-0.0248302616400784,0.0788246675966057,1.0,0.2351360040361869,0.1997901590428405,0.213714035039169,0.1982047785427287,0.2351360040361869,0.2366634448921843,,0.0126173987287734,0.0071862252158239,0,,,0.5028934636182525,0.5226970875628498,0.0198036239445973,0.4998184745729481,0.2509177427868854,0.2351360080050291,1.0,,participant,0.007186225215823905,-0.021885849116370083,0.04277199255302542,0.198,heldout,0.2351360080050291,0.1981381245246089,5.204170427930421e-18,0.001379064012165286,0.016030225870411682
150,EPPVR,arousal,subject,baseline_delta,linear_logistic,20260911,0.75,,0.097584220589939,72.0,0.4000000000000001,0.0538560737953712,0.0839723994329257,0.2952330222081921,0.0136118211570133,0.1180932088832768,1.0,0.51797521307834,0.4660173360194381,0.3832649855927414,0.3283642129137741,0.4451024177326671,0.5089785400813002,,0.0126173987287734,0.0200407930936344,1,,,0.5028934636182525,0.5355516554406603,0.0326581918224078,0.7495796065339543,0.3490890960035633,0.5179752083216524,1.0,,participant,0.02004079309363438,-0.007897790800780059,0.05112770451232789,0.4826,heldout,0.5179752083216523,0.3740684943733288,2.0816681711721685e-17,-0.010527682349791857,-0.15944234994351705
151,EPPVR,arousal,subject,baseline_delta,linear_logistic,20260911,1.0,,0.0475439505582503,72.0,0.4000000000000001,0.0538560737953712,0.0839723994329257,0.3941152725161509,-0.0364284488746754,0.1576461090064604,1.0,0.4909336008984503,0.4392166151233194,0.3659214978003978,0.4113972979743616,0.2743638552303532,0.4936523663699272,,0.0126173987287734,0.0031306327672895,0,,,0.5028934636182525,0.5186414951143156,0.015748031496063,1.0,0.4479713463115222,0.49093359794388,1.0,,participant,0.003130632767289643,-0.03111513084731996,0.04235488297417757,0.1682,heldout,0.49093359794388,0.3563685843139084,1.4268100589909238e-16,0.06874955911910155,0.11401722970422398
152,EPPVR,valence,subject,baseline_delta,gpu_mlp,20260911,0.25,,-0.0153097962372155,72.0,0.4000000000000001,0.0151908155515533,-0.0048420329670329,0.0863879657509557,-0.0104677632701826,0.0345551863003822,4.0,0.0687766500887151,0.0565879400461336,0.1102085780495546,0.1158674985096746,0.0887927991238881,0.0728141530103626,,0.0138888888888889,-0.0009920634920635,0,,,0.5029761904761905,0.5158730158730158,0.0128968253968253,0.250967089701118,0.101578781302509,0.0687766519400981,0.0,,participant,-0.0009920634920635996,-0.029255207953974603,0.027944435086101265,0.073,audit,0.0687766519400981,0.082839048361372,9.952975943416931e-17,-7.897020382234007e-05,-0.0021320800813283284
153,EPPVR,valence,subject,baseline_delta,gpu_mlp,20260911,0.5,,0.0059478260687938,72.0,0.4000000000000001,0.0151908155515533,-0.0048420329670329,0.171321782337198,0.0107898590358267,0.0685287129348792,4.0,0.1534262853918612,0.1283027505424727,0.1830552396891755,0.1811770535063727,0.1534262853918612,0.1633467204326627,,0.0138888888888889,-0.0049603174603176,0,,,0.5029761904761905,0.5119047619047619,0.0089285714285713,0.4979270143425913,0.1865125978887513,0.1534262811990641,0.0,,participant,-0.004960317460317554,-0.029329147841781377,0.01984329395927486,0.0246,audit,0.1534262811990641,0.1454305922253991,4.597017211338539e-17,0.0019961787100396516,0.002389566607543969
154,EPPVR,valence,subject,baseline_delta,gpu_mlp,20260911,0.75,,0.022791232811394,72.0,0.4000000000000001,0.0151908155515533,-0.0048420329670329,0.2563605653278491,0.0276332657784269,0.1025442261311396,4.0,0.2936578836411603,0.2524181613205026,0.2793683218609157,0.2690303686828844,0.2654862531494262,0.3058340530853181,,0.0138888888888889,-0.007936507936508,0,,,0.5029761904761905,0.5089285714285714,0.0059523809523809,0.7451952924721938,0.2715513808794024,0.2936578922742238,1.0,,participant,-0.00793650793650802,-0.03741472512483597,0.020886875689029694,0.0276,audit,0.2936578922742237,0.2341626043492567,1.9081958235744878e-17,0.028118692525854833,0.03140283241931302
155,EPPVR,valence,subject,baseline_delta,gpu_mlp,20260911,1.0,,0.006442655313623,72.0,0.4000000000000001,0.0151908155515533,-0.0048420329670329,0.3441546042469027,0.0112846882806559,0.1376618416987611,4.0,0.3680154050620907,0.3210800820353617,0.3259859015862701,0.313859572925903,0.2419794675994571,0.3916464134554402,,0.0138888888888889,0.0029761904761904,0,,,0.5029761904761905,0.5198412698412698,0.0168650793650793,1.0,0.359345419798456,0.3680153946853597,1.0,,participant,0.0029761904761903546,-0.036508863978087905,0.040442846156656706,0.2068,audit,0.3680153946853597,0.2794543337219362,4.5536491244391186e-17,0.020711751274977833,0.0573406060894498
156,EPPVR,valence,subject,baseline_delta,linear_logistic,20260911,0.25,,-0.0153097962372155,72.0,0.4000000000000001,0.0151908155515533,-0.0048420329670329,0.0863879657509557,-0.0104677632701826,0.0345551863003822,1.0,0.0443545836178693,0.0363251607607634,0.0722315076685156,0.0760901493431453,0.0577035738327774,0.0475078926219818,,-0.0039682539682539,-0.0039682539682539,0,,,0.4781746031746031,0.4702380952380952,-0.0079365079365079,0.250967089701118,0.101578781302509,0.0443545848431531,0.0,,participant,-0.003968253968253954,-0.03125124201178551,0.024155518924817394,0.0518,heldout,0.0443545848431531,0.0610992359704035,5.377642775528102e-17,-3.104158277544084e-05,-0.0017657874395585827
157,EPPVR,valence,subject,baseline_delta,linear_logistic,20260911,0.5,,0.0059478260687938,72.0,0.4000000000000001,0.0151908155515533,-0.0048420329670329,0.171321782337198,0.0107898590358267,0.0685287129348792,1.0,0.1022461218381752,0.0846651804670474,0.1234587081550606,0.1220746137724676,0.1022461218381752,0.1106121633504218,,-0.0039682539682539,0.0148809523809523,0,,,0.4781746031746031,0.4890873015873016,0.0109126984126984,0.4979270143425913,0.1865125978887513,0.1022461188750949,0.0,,participant,0.014880952380952439,-0.0197717793751508,0.04886497594416135,0.3846,heldout,0.1022461188750949,0.1092207299773028,1.3877787807814457e-16,0.003889971828063485,-0.0014748990317548522
158,EPPVR,valence,subject,baseline_delta,linear_logistic,20260911,0.75,,0.022791232811394,72.0,0.4000000000000001,0.0151908155515533,-0.0048420329670329,0.2563605653278491,0.0276332657784269,0.1025442261311396,1.0,0.2071451666219438,0.1750439923515154,0.1959360239611381,0.1878435313570891,0.1850981150920975,0.2183643404386852,,-0.0039682539682539,0.0079365079365079,0,,,0.4781746031746031,0.4821428571428571,0.003968253968254,0.7451952924721938,0.2715513808794024,0.207145173457544,1.0,,participant,0.007936507936507964,-0.02345826062373817,0.03938884288072586,0.219,heldout,0.207145173457544,0.1805269988798909,6.418476861114186e-17,-0.0013396349028361963,0.01031912556217586
159,EPPVR,valence,subject,baseline_delta,linear_logistic,20260911,1.0,,0.006442655313623,72.0,0.4000000000000001,0.0151908155515533,-0.0048420329670329,0.3441546042469027,0.0112846882806559,0.1376618416987611,1.0,0.2679053124838446,0.2291090832565975,0.2331354741961645,0.2232766454322865,0.1670899130130694,0.2854646661409389,,-0.0039682539682539,0.001984126984127,0,,,0.4781746031746031,0.4761904761904761,-0.0019841269841269,1.0,0.359345419798456,0.2679053037332685,1.0,,participant,0.001984126984126977,-0.031028936989605425,0.03633157545700662,0.143,heldout,0.2679053037332685,0.2184030647968458,2.2985086056692694e-17,0.00991571271994273,0.024073353055759618
160,EPPVR,arousal,subject,normalized_asymmetry,gpu_mlp,20260911,0.25,,0.1124152387099435,12.0,0.275,0.0538560737953712,0.0839723994329257,0.0981815602716348,0.0284428392770177,0.0269999290746995,4.0,0.3029207593776328,0.260860626942561,0.2459515415263624,0.2806679182924137,0.3244341390239897,0.2982847275510862,,0.0261597571387914,-0.0189972488378712,0,,,0.5302153495873256,0.5373778578882459,0.0071625083009202,0.2491433496808127,0.152037634067006,0.3029207540926033,1.0,,participant,-0.01899724883787124,-0.054863222409039736,0.013889261265285308,0.0076,audit,0.3029207540926033,0.2398098989337175,3.8163916471489756e-17,0.033292910635016555,0.03425219563343161
161,EPPVR,arousal,subject,normalized_asymmetry,gpu_mlp,20260911,0.5,,0.0591421377928472,12.0,0.275,0.0538560737953712,0.0839723994329257,0.1970616689915142,-0.0248302616400784,0.0541919589726664,4.0,0.2539542274713545,0.2165806107453289,0.2147258954446913,0.2328691043431718,0.2733537218065324,0.2465608468248739,,0.0261597571387914,-0.0170287449008633,0,,,0.5302153495873256,0.5393463618252538,0.0091310122379281,0.4998184745729481,0.2509177427868854,0.2539542280114604,1.0,,participant,-0.01702874490086337,-0.048611130006611346,0.012736215721815821,0.0084,audit,0.2539542280114604,0.2098119048948793,6.938893903907228e-17,0.019730123460920374,0.02047171448927894
162,EPPVR,arousal,subject,normalized_asymmetry,gpu_mlp,20260911,0.75,,0.097584220589939,12.0,0.275,0.0538560737953712,0.0839723994329257,0.2952330222081921,0.0136118211570133,0.0811890811072528,4.0,0.522063846372779,0.4700958148972816,0.3685439336837834,0.3615933998070258,0.4739888720756565,0.4984804330755742,,0.0261597571387914,-0.0258277203301394,0,,,0.5302153495873256,0.5305473863959776,0.000332036808652,0.7495796065339543,0.3490890960035633,0.5220638342453283,1.0,,participant,-0.02582772033013947,-0.057225956954061984,0.0016987679642624946,0.0006,audit,0.5220638342453283,0.376779108568994,6.938893903907228e-17,0.13041380870207622,0.1305881503728879
163,EPPVR,arousal,subject,normalized_asymmetry,gpu_mlp,20260911,1.0,,0.0475439505582503,12.0,0.275,0.0538560737953712,0.0839723994329257,0.3941152725161509,-0.0364284488746754,0.1083816999419415,4.0,0.4735177729743134,0.4221141597202273,0.3358654144646933,0.3929459666956995,0.3348622785845019,0.4589045130545937,,0.0261597571387914,0.0047433829807417,0,,,0.5302153495873256,0.5611184897068588,0.0309031401195332,1.0,0.4479713463115222,0.4735177614532854,1.0,,participant,0.004743382980741728,-0.028512505581602454,0.03380183167755602,0.168,audit,0.4735177614532854,0.3451584055810233,2.862293735361732e-17,0.06195600189541624,0.1050847454684963
164,EPPVR,arousal,subject,normalized_asymmetry,linear_logistic,20260911,0.25,,0.1124152387099435,12.0,0.275,0.0538560737953712,0.0839723994329257,0.0981815602716348,0.0284428392770177,0.0269999290746995,1.0,0.2145078928750417,0.1815269614655869,0.1701427867307733,0.1969152264440075,0.23183046061234,0.2119891779226437,,0.0138981121335736,-0.012973152452329,0,,,0.5276776396926288,0.5286025993738734,0.0009249596812446,0.2491433496808127,0.152037634067006,0.2145078886578696,1.0,,participant,-0.012973152452328995,-0.03725271308794618,0.012474367395043373,0.0048,heldout,0.2145078886578695,0.1851935637392352,5.204170427930421e-18,0.011435560726799868,0.011716978246018757
165,EPPVR,arousal,subject,normalized_asymmetry,linear_logistic,20260911,0.5,,0.0591421377928472,12.0,0.275,0.0538560737953712,0.0839723994329257,0.1970616689915142,-0.0248302616400784,0.0541919589726664,1.0,0.1762201951200907,0.1480167541956908,0.1466696381438337,0.1602031973428305,0.1912034740519062,0.1753637928500776,,0.0138981121335736,-0.0010435442557632,0,,,0.5276776396926288,0.5405322075704393,0.0128545678778104,0.4998184745729481,0.2509177427868854,0.1762201955339234,0.0,,participant,-0.0010435442557631402,-0.02805830570869148,0.02533425018191337,0.0622,heldout,0.1762201955339234,0.1605843594138601,5.984795992119984e-17,0.003321122812318524,0.0052662208256543976
166,EPPVR,arousal,subject,normalized_asymmetry,linear_logistic,20260911,0.75,,0.097584220589939,12.0,0.275,0.0538560737953712,0.0839723994329257,0.2952330222081921,0.0136118211570133,0.0811890811072528,1.0,0.4070381140989351,0.3579447519611436,0.268398728805514,0.2625046391642593,0.3615427200595833,0.3934684555478761,,0.0138981121335736,-0.0288397685229104,0,,,0.5276776396926288,0.512735983303292,-0.0149416563893368,0.7495796065339543,0.3490890960035633,0.4070381023678585,1.0,,participant,-0.02883976852291048,-0.05218266267329454,-0.004845787573140148,0.0,heldout,0.4070381023678585,0.3034190997618251,7.979727989493313e-17,0.0736168666789509,0.0736168666789509
167,EPPVR,arousal,subject,normalized_asymmetry,linear_logistic,20260911,1.0,,0.0475439505582503,12.0,0.275,0.0538560737953712,0.0839723994329257,0.3941152725161509,-0.0364284488746754,0.1083816999419415,1.0,0.3611066579026749,0.3146138093679848,0.2412080419250223,0.2891570147360606,0.2403410156736257,0.3502161966167743,,0.0138981121335736,-0.0159852006451001,0,,,0.5276776396926288,0.5255905511811023,-0.0020870885115265,1.0,0.4479713463115222,0.361106647240763,1.0,,participant,-0.015985200645100117,-0.03690359964966774,0.004756155586801467,0.0,heldout,0.361106647240763,0.2752360526589409,1.734723475976807e-17,0.05464312599818957,0.05464312599818957
168,EPPVR,valence,subject,normalized_asymmetry,gpu_mlp,20260911,0.25,,-0.0153097962372155,12.0,0.275,0.0151908155515533,-0.0048420329670329,0.0863879657509557,-0.0104677632701826,0.0237566905815128,4.0,0.0535623594536322,0.0439427183507932,0.0780335274758975,0.0987422101782438,0.0762285467039773,0.0572299062749367,,0.0039682539682539,-0.0238095238095236,0,,,0.4900793650793651,0.4702380952380952,-0.0198412698412698,0.250967089701118,0.101578781302509,0.0535623606215223,0.0,,participant,-0.023809523809523836,-0.05147890280932188,0.004227622528560457,0.0012,audit,0.0535623606215223,0.0696382362237681,2.3592239273284576e-16,-0.001941975367561933,-0.001980557469007324
169,EPPVR,valence,subject,normalized_asymmetry,gpu_mlp,20260911,0.5,,0.0059478260687938,12.0,0.275,0.0151908155515533,-0.0048420329670329,0.171321782337198,0.0107898590358267,0.0471134901427294,4.0,0.1142354775919963,0.0948107150346691,0.1260840262972085,0.150899817939283,0.1247465431785572,0.1199965051239194,,0.0039682539682539,0.0089285714285714,0,,,0.4900793650793651,0.5029761904761905,0.0128968253968253,0.4979270143425913,0.1865125978887513,0.1142354727931841,0.0,,participant,0.008928571428571397,-0.019843197707086802,0.03864117469638582,0.2378,audit,0.114235472793184,0.1180539255828432,3.469446951953614e-18,0.0009290700455247165,-0.0008869861012371985
170,EPPVR,valence,subject,normalized_asymmetry,gpu_mlp,20260911,0.75,,0.022791232811394,12.0,0.275,0.0151908155515533,-0.0048420329670329,0.2563605653278491,0.0276332657784269,0.0704991554651585,4.0,0.2155184704706512,0.1824182372351342,0.1903994131255541,0.2196058083442761,0.2088323620328253,0.218440693429546,,0.0039682539682539,-0.0109126984126984,0,,,0.4900793650793651,0.4831349206349206,-0.0069444444444445,0.7451952924721938,0.2715513808794024,0.2155184743609722,1.0,,participant,-0.010912698412698485,-0.05019477866590023,0.028785923728719333,0.0656,audit,0.2155184743609722,0.1858320174693076,8.500145032286355e-17,0.008019810929981596,0.011914674074167991
171,EPPVR,valence,subject,normalized_asymmetry,gpu_mlp,20260911,1.0,,0.006442655313623,12.0,0.275,0.0151908155515533,-0.0048420329670329,0.3441546042469027,0.0112846882806559,0.0946425161678982,4.0,0.262790976651293,0.224508242742443,0.216239906037894,0.2516920879588825,0.1953170916300616,0.2702362521004817,,0.0039682539682539,-0.0079365079365079,0,,,0.4900793650793651,0.4861111111111111,-0.003968253968254,1.0,0.359345419798456,0.2627909651415094,1.0,,participant,-0.007936507936507964,-0.04423077031970024,0.029416665527969548,0.0728,audit,0.2627909651415094,0.2152589507142897,6.418476861114186e-17,0.01580201419678582,0.022722675497389017
172,EPPVR,valence,subject,normalized_asymmetry,linear_logistic,20260911,0.25,,-0.0153097962372155,12.0,0.275,0.0151908155515533,-0.0048420329670329,0.0863879657509557,-0.0104677632701826,0.0237566905815128,1.0,0.0343435286223427,0.0280731502157608,0.0505143084454476,0.0644156404788687,0.0493004577104449,0.0374682649488929,,0.0109126984126984,-0.0049603174603175,0,,,0.4791666666666666,0.4851190476190476,0.0059523809523809,0.250967089701118,0.101578781302509,0.0343435293863858,0.0,,participant,-0.004960317460317443,-0.031026664935052396,0.021676610130816697,0.0336,heldout,0.0343435293863858,0.0511694904954161,5.724587470723463e-17,-0.0003081341603200976,-0.0014388387468469335
173,EPPVR,valence,subject,normalized_asymmetry,linear_logistic,20260911,0.5,,0.0059478260687938,12.0,0.275,0.0151908155515533,-0.0048420329670329,0.171321782337198,0.0107898590358267,0.0471134901427294,1.0,0.0749708927961102,0.0617572299338619,0.0831475956677034,0.1004624245293384,0.0822044271892389,0.0800536961342453,,0.0109126984126984,0.0019841269841269,0,,,0.4791666666666666,0.4920634920634921,0.0128968253968254,0.4979270143425913,0.1865125978887513,0.0749708895071202,0.0,,participant,0.0019841269841270326,-0.03453030539676547,0.03995324363932013,0.1624,heldout,0.0749708895071201,0.0879588194406776,1.3270634591222574e-16,0.002102359998510564,-0.0021161196439089137
174,EPPVR,valence,subject,normalized_asymmetry,linear_logistic,20260911,0.75,,0.022791232811394,12.0,0.275,0.0151908155515533,-0.0048420329670329,0.2563605653278491,0.0276332657784269,0.0704991554651585,1.0,0.1472276696147051,0.1229717133362793,0.1287888052608147,0.1502679487055706,0.1422759341127901,0.1507156727627227,,0.0109126984126984,0.0079365079365079,0,,,0.4791666666666666,0.498015873015873,0.0188492063492063,0.7451952924721938,0.2715513808794024,0.1472276725036599,0.0,,participant,0.007936507936507964,-0.02397979055531323,0.039808763191103894,0.2238,heldout,0.1472276725036599,0.1412252440939097,6.418476861114186e-17,-0.00095526897474363,0.0017314179814605542
175,EPPVR,valence,subject,normalized_asymmetry,linear_logistic,20260911,1.0,,0.006442655313623,12.0,0.275,0.0151908155515533,-0.0048420329670329,0.3441546042469027,0.0112846882806559,0.0946425161678982,1.0,0.1830156084294878,0.1539278094471598,0.1477941035512468,0.1744885360651762,0.132347530720387,0.1878030547783889,,0.0109126984126984,0.0248015873015872,1,,,0.4791666666666666,0.5148809523809523,0.0357142857142857,1.0,0.359345419798456,0.1830155995463183,0.0,,participant,0.02480158730158727,-0.00048550518113188424,0.0486111119389534,0.6432,heldout,0.1830155995463183,0.1650202793834269,6.938893903907228e-17,-0.01688616278802943,-0.029727623256268654
176,EPPVR,arousal,subject,relative_power,gpu_mlp,20260911,0.25,,0.1124152387099435,24.0,0.1988095238095238,0.0538560737953712,0.0839723994329257,0.0981815602716348,0.0284428392770177,0.0195194292444797,4.0,0.2685563163410621,0.2296953902690165,0.2046569305592838,0.2066876362022492,0.3131141948111748,0.2606422130400957,,-0.0013992979793188,-0.0053363058533346,0,,,0.4829712550991367,0.4762356512664832,-0.0067356038326534,0.2491433496808127,0.152037634067006,0.2685563077527588,1.0,,participant,-0.005336305853334611,-0.03366940347477794,0.020251692971214635,0.0264,audit,0.2685563077527588,0.218802875198167,1.0408340855860843e-17,0.02162081099992741,0.024247792238809858
177,EPPVR,arousal,subject,relative_power,gpu_mlp,20260911,0.5,,0.0591421377928472,24.0,0.1988095238095238,0.0538560737953712,0.0839723994329257,0.1970616689915142,-0.0248302616400784,0.0391777365733129,4.0,0.2143893479193347,0.181422426191198,0.1713620850104323,0.1655487260134199,0.2530694844080385,0.205765707501234,,-0.0013992979793188,0.0238592163931314,1,,,0.4829712550991367,0.5054311735129494,0.0224599184138126,0.4998184745729481,0.2509177427868854,0.2143893454887491,1.0,,participant,0.023859216393131544,0.0008543511270545423,0.047613436821848154,0.5906,audit,0.214389345488749,0.1851186405162742,1.4224732503009818e-16,-0.022880676320986615,-0.046847529552449085
178,EPPVR,arousal,subject,relative_power,gpu_mlp,20260911,0.75,,0.097584220589939,24.0,0.1988095238095238,0.0538560737953712,0.0839723994329257,0.2952330222081921,0.0136118211570133,0.0586951365580572,4.0,0.4539190130542555,0.4030143483403188,0.2973983864689018,0.2578702790978786,0.4351424814784526,0.4280828348270755,,-0.0013992979793188,0.0175979508585521,0,,,0.4829712550991367,0.4991699079783701,0.0161986528792333,0.7495796065339543,0.3490890960035633,0.4539189966075128,1.0,,participant,0.017597950858552258,-0.008849738026037812,0.041939489543437944,0.4178,audit,0.4539189966075128,0.3326965400441492,1.5959455978986625e-16,-0.005938016980523578,0.09535546772382301
179,EPPVR,arousal,subject,relative_power,gpu_mlp,20260911,1.0,,0.0475439505582503,24.0,0.1988095238095238,0.0538560737953712,0.0839723994329257,0.3941152725161509,-0.0364284488746754,0.0783538696549966,4.0,0.3937220338866731,0.3452994708716294,0.2601398501122802,0.2817301497378072,0.2899678278286711,0.3711571032185071,,-0.0013992979793188,-0.0053363058533346,0,,,0.4829712550991367,0.4762356512664832,-0.0067356038326534,1.0,0.4479713463115222,0.3937220198011027,1.0,,participant,-0.005336305853334611,-0.03224378917366266,0.019866213016211984,0.0238,audit,0.3937220198011026,0.2952096386031748,1.0408340855860843e-17,0.0631791088070214,0.06786829815204277
180,EPPVR,arousal,subject,relative_power,linear_logistic,20260911,0.25,,0.1124152387099435,24.0,0.1988095238095238,0.0538560737953712,0.0839723994329257,0.0981815602716348,0.0284428392770177,0.0195194292444797,1.0,0.1874758457583532,0.1578160922109182,0.1392261726974327,0.1406931945591165,0.2226765756329252,0.1834103866128683,,0.0126173987287733,-0.0167915757518261,0,,,0.4795085855231951,0.4753344085001423,-0.0041741770230528,0.2491433496808127,0.152037634067006,0.1874758390983765,1.0,,participant,-0.016791575751826215,-0.04545633066445589,0.010810119286179504,0.0036,heldout,0.1874758390983764,0.1679140766160767,1.1449174941446927e-16,0.006811208429938074,0.006952053119810633
181,EPPVR,arousal,subject,relative_power,linear_logistic,20260911,0.5,,0.0591421377928472,24.0,0.1988095238095238,0.0538560737953712,0.0839723994329257,0.1970616689915142,-0.0248302616400784,0.0391777365733129,1.0,0.1463895647232293,0.1222518932407603,0.1150363855489546,0.1108542576554939,0.1755425451181447,0.1438952565492638,,0.0126173987287733,0.003012048192771,0,,,0.4795085855231951,0.4951380324447395,0.0156294469215443,0.4998184745729481,0.2509177427868854,0.1463895629199201,0.0,,participant,0.0030120481927710108,-0.03937549879774451,0.046152312029153104,0.2026,heldout,0.1463895629199201,0.1406535222514121,1.0842021724855044e-17,-0.0006777528687226773,0.001646490810156772
182,EPPVR,arousal,subject,relative_power,linear_logistic,20260911,0.75,,0.097584220589939,24.0,0.1988095238095238,0.0538560737953712,0.0839723994329257,0.2952330222081921,0.0136118211570133,0.0586951365580572,1.0,0.3431282455981782,0.2978709358467353,0.2101517463642622,0.1792255285008203,0.3261970566065256,0.3280796341636103,,0.0126173987287733,0.0028934636182525,0,,,0.4795085855231951,0.495019447870221,0.0155108623470258,0.7495796065339543,0.3490890960035633,0.3431282306433468,1.0,,participant,0.0028934636182524898,-0.024307759944349527,0.02840728596784174,0.1,heldout,0.3431282306433468,0.2642798719043527,1.0408340855860843e-17,0.0321234602228539,0.04789313197065273
183,EPPVR,arousal,subject,relative_power,linear_logistic,20260911,1.0,,0.0475439505582503,24.0,0.1988095238095238,0.0538560737953712,0.0839723994329257,0.3941152725161509,-0.0364284488746754,0.0783538696549966,1.0,0.2898259640704935,0.2489347187380536,0.1810076638792699,0.1977476206645687,0.2042278957339087,0.2743864732521852,,0.0126173987287733,0.0061426809600606,0,,,0.4795085855231951,0.4982686652120291,0.018760079688834,1.0,0.4479713463115222,0.2898259519250044,1.0,,participant,0.0061426809600606536,-0.03924907045438886,0.04825118146836755,0.2608,heldout,0.2898259519250042,0.231823777977106,5.377642775528102e-17,2.8844424326104944e-06,0.030256818373656326
184,EPPVR,valence,subject,relative_power,gpu_mlp,20260911,0.25,,-0.0153097962372155,24.0,0.1988095238095238,0.0151908155515533,-0.0048420329670329,0.0863879657509557,-0.0104677632701826,0.0171747503338209,4.0,0.0459076742006974,0.0376081625098237,0.062887771335293,0.0669971391338942,0.0730606274487387,0.048653271517074,,-0.0228174603174602,0.0079365079365079,0,,,0.5228174603174602,0.5079365079365079,-0.0148809523809523,0.250967089701118,0.101578781302509,0.0459076740266436,0.0,,participant,0.007936507936507908,-0.010434693517163396,0.02780815348960458,0.1182,audit,0.0459076740266436,0.0625747729872747,8.673617379884035e-18,0.0021320145144207957,-0.0018080876798723952
185,EPPVR,valence,subject,relative_power,gpu_mlp,20260911,0.5,,0.0059478260687938,24.0,0.1988095238095238,0.0151908155515533,-0.0048420329670329,0.171321782337198,0.0107898590358267,0.0340604019646572,4.0,0.0948712373513747,0.0784475790974622,0.0993578693290592,0.1002273158340731,0.1151485101124625,0.0979546029882039,,-0.0228174603174602,0.0148809523809523,0,,,0.5228174603174602,0.5148809523809523,-0.0079365079365079,0.4979270143425913,0.1865125978887513,0.0948712314122562,0.0,,participant,0.014880952380952328,-0.011408687476068734,0.040674910135567184,0.3514,audit,0.0948712314122562,0.1036482142331947,2.7755575615628914e-17,0.0044260617625032014,-0.0017424017640523554
186,EPPVR,valence,subject,relative_power,gpu_mlp,20260911,0.75,,0.022791232811394,24.0,0.1988095238095238,0.0151908155515533,-0.0048420329670329,0.2563605653278491,0.0276332657784269,0.05096692191637,4.0,0.17588244623636,0.1477233650262371,0.1477864153859364,0.1493755817684677,0.1872316979003299,0.1740196883532802,,-0.0228174603174602,0.0208333333333334,1,,,0.5228174603174602,0.5208333333333334,-0.0019841269841268,0.7451952924721938,0.2715513808794024,0.1758824473675053,0.0,,participant,0.02083333333333337,-0.005313954642042517,0.04640630949288605,0.517,audit,0.1758824473675053,0.1603629902968434,3.122502256758253e-17,-0.010828771976026608,-0.02582056750628614
187,EPPVR,valence,subject,relative_power,gpu_mlp,20260911,1.0,,0.006442655313623,24.0,0.1988095238095238,0.0151908155515533,-0.0048420329670329,0.3441546042469027,0.0112846882806559,0.0684212129871818,4.0,0.2090518824211461,0.1767210870944187,0.1638507830466515,0.166872480239957,0.1681827489063196,0.2083378360851721,,-0.0228174603174602,0.0009920634920635,0,,,0.5228174603174602,0.5009920634920635,-0.0218253968253967,1.0,0.359345419798456,0.2090518707943809,1.0,,participant,0.0009920634920634885,-0.02907017571851611,0.032448726240545435,0.1196,audit,0.2090518707943808,0.1817380936745365,1.1492543028346347e-17,0.004140494503109125,0.010673949990175888
188,EPPVR,valence,subject,relative_power,linear_logistic,20260911,0.25,,-0.0153097962372155,24.0,0.1988095238095238,0.0151908155515533,-0.0048420329670329,0.0863879657509557,-0.0104677632701826,0.0171747503338209,1.0,0.0293502627448958,0.0239689161846515,0.0404753498418821,0.0431776648651482,0.0471944480234888,0.0318707141961928,,0.0128968253968253,-0.0069444444444444,0,,,0.5119047619047619,0.5178571428571428,0.0059523809523809,0.250967089701118,0.101578781302509,0.0293502626316864,0.0,,participant,-0.00694444444444442,-0.03668003212660551,0.023059286456555122,0.0374,heldout,0.0293502626316864,0.0458869330813048,1.9949319973733282e-17,-7.229761427721352e-06,-0.001244172711059178
189,EPPVR,valence,subject,relative_power,linear_logistic,20260911,0.5,,0.0059478260687938,24.0,0.1988095238095238,0.0151908155515533,-0.0048420329670329,0.171321782337198,0.0107898590358267,0.0340604019646572,1.0,0.0617980930870028,0.050778695791459,0.0648473727072401,0.0654219431207832,0.0755968850241773,0.0648451927850165,,0.0128968253968253,0.0059523809523809,0,,,0.5119047619047619,0.5307539682539683,0.0188492063492063,0.4979270143425913,0.1865125978887513,0.0617980890769652,0.0,,participant,0.005952380952381042,-0.021203039772808553,0.033690849598497136,0.1546,heldout,0.0617980890769652,0.0769052779183228,1.4224732503009818e-16,0.0025757248316178264,-0.002095417958129943
190,EPPVR,valence,subject,relative_power,linear_logistic,20260911,0.75,,0.022791232811394,24.0,0.1988095238095238,0.0151908155515533,-0.0048420329670329,0.2563605653278491,0.0276332657784269,0.05096692191637,1.0,0.1182577345996662,0.0982248627458409,0.0982907121268752,0.0993880218666875,0.126459186221384,0.1183141230583027,,0.0128968253968253,-0.0049603174603174,0,,,0.5119047619047619,0.5198412698412698,0.0079365079365079,0.7451952924721938,0.2715513808794024,0.1182577354133918,0.0,,participant,-0.004960317460317443,-0.028323840443044902,0.019157340703532096,0.0214,heldout,0.1182577354133918,0.1209614627385562,4.2500725161431774e-17,-0.000531063953230302,-0.0006467834827473384
191,EPPVR,valence,subject,relative_power,linear_logistic,20260911,1.0,,0.006442655313623,24.0,0.1988095238095238,0.0151908155515533,-0.0048420329670329,0.3441546042469027,0.0112846882806559,0.0684212129871818,1.0,0.1424380874886409,0.1188612389283493,0.109667251186646,0.1117992614329149,0.1127356146251758,0.1420428309784329,,0.0128968253968253,-0.0297619047619046,0,,,0.5119047619047619,0.4950396825396825,-0.0168650793650793,1.0,0.359345419798456,0.1424380788995256,0.0,,participant,-0.029761904761904656,-0.07407426927238703,0.01190476124174893,0.0094,heldout,0.1424380788995256,0.1379475160203373,5.551115123125783e-17,0.001174666562277521,0.0012590891444062592
192,EPPVR,arousal,subject,all,gpu_mlp,20260923,0.25,,0.1125100253307657,72.0,0.4202380952380952,0.0495552981730371,0.0588284632878953,0.0980528048887114,0.0536815620428704,0.0412055239591847,4.0,0.3748221386284092,0.3274685185485822,0.3389595153392502,0.4114313660868093,0.3748221386284092,0.3732638745206041,,-0.0112418176643581,0.0308082724599182,1,,,0.5222227492647756,0.5417892040603358,0.0195664547955601,0.250618067452,0.1476081030617486,0.3748221415419781,1.0,,participant,0.03080827245991835,-0.0032601880375295877,0.06027840618044135,0.7408,heldout,0.374822141541978,0.2836161325132643,1.5265566588595902e-16,-0.07507729580860914,-0.1223584908890944
193,EPPVR,arousal,subject,all,gpu_mlp,20260923,0.5,,0.1176116131586466,72.0,0.4202380952380952,0.0495552981730371,0.0588284632878953,0.1956878823974291,0.0587831498707513,0.0822355029598719,4.0,0.5587100418939155,0.5069635624741616,0.4568692153775857,0.5130050545345834,0.5587100418939154,0.5482528836815034,,-0.0112418176643581,-0.0001185845745186,0,,,0.5222227492647756,0.5108623470258988,-0.0113604022388767,0.5004777633443345,0.2452431805704662,0.558710040867049,1.0,,participant,-0.00011858457451863202,-0.024805171089246868,0.024051223881542672,0.0536,heldout,0.5587100408670488,0.401536230510748,3.202462166979059e-17,0.13407653288268337,0.15092556535287874
194,EPPVR,arousal,subject,all,gpu_mlp,20260923,0.75,,0.1223350685825331,72.0,0.4202380952380952,0.0495552981730371,0.0588284632878953,0.2935466359265755,0.0635066052946378,0.1233594791453347,4.0,0.7269381090933554,0.683752411640028,0.5791241792088279,0.6044603672126819,0.6628840625973111,0.7072646908751419,,-0.0112418176643581,0.0437814249122472,1,,,0.5222227492647756,0.5547623565126648,0.0325396072478891,0.7506494943138198,0.3431019340996126,0.7269380963945119,1.0,,participant,0.043781424912247346,0.016034824028611182,0.07185430917888876,0.953,heldout,0.7269380963945119,0.531315061799419,1.457167719820518e-16,-0.1267142028434908,-0.14510276809542955
195,EPPVR,arousal,subject,all,gpu_mlp,20260923,1.0,,0.1008564838502718,72.0,0.4202380952380952,0.0495552981730371,0.0588284632878953,0.3910112878970274,0.0420280205623764,0.1643178388424412,4.0,0.788450453377315,0.7516698214466877,0.6322261395404534,0.745673048649763,0.5853958215529517,0.7734014853441875,,-0.0112418176643581,0.0149416563893367,0,,,0.5222227492647756,0.5259225879897543,0.0036998387249786,1.0,0.4405665860700645,0.7884504575327512,1.0,,participant,0.014941656389336866,-0.014469757210463284,0.04361267630010842,0.3494,heldout,0.7884504575327512,0.5897355849838911,1.6653345369377348e-16,0.13500411085016903,0.2738660637873125
196,EPPVR,arousal,subject,all,linear_logistic,20260923,0.25,,0.1125100253307657,72.0,0.4202380952380952,0.0495552981730371,0.0588284632878953,0.0980528048887114,0.0536815620428704,0.0412055239591847,1.0,0.2736622182868472,0.2342991154967593,0.2437501745020178,0.3052147108882002,0.2736622182868472,0.2726507178985853,,0.0198036239445972,0.0040555924485342,0,,,0.513542358410018,0.5374015748031495,0.0238592163931314,0.250618067452,0.1476081030617486,0.2736622207582865,1.0,,participant,0.004055592448534262,-0.01815176177769899,0.026187070924788714,0.0704,audit,0.2736622207582864,0.2219356988544739,6.245004513516506e-17,0.018352462360276548,0.025635556644333347
197,EPPVR,arousal,subject,all,linear_logistic,20260923,0.5,,0.1176116131586466,72.0,0.4202380952380952,0.0495552981730371,0.0588284632878953,0.1956878823974291,0.0587831498707513,0.0822355029598719,1.0,0.4430957181376066,0.3925323466106457,0.3458692319898934,0.3983118420331512,0.4430957181376065,0.4380183654373208,,0.0198036239445972,-0.0090361445783132,0,,,0.513542358410018,0.524309837776302,0.0107674793662839,0.5004777633443345,0.2452431805704662,0.4430957171098706,1.0,,participant,-0.009036144578313254,-0.023755882820114493,0.005618505587335668,0.0,audit,0.4430957171098704,0.3258764189871588,5.377642775528102e-17,0.09013837406921602,0.09013837406921602
198,EPPVR,arousal,subject,all,linear_logistic,20260923,0.75,,0.1223350685825331,72.0,0.4202380952380952,0.0495552981730371,0.0588284632878953,0.2935466359265755,0.0635066052946378,0.1233594791453347,1.0,0.6258858009696209,0.5760391308697634,0.4637849185098043,0.4898886486292011,0.5527126888523791,0.6140229885126716,,0.0198036239445972,0.0009249596812447,0,,,0.513542358410018,0.53427094203586,0.0207285836258419,0.7506494943138198,0.3431019340996126,0.6258857859898582,1.0,,participant,0.0009249596812447303,-0.023010014882311223,0.026309551345184423,0.067,audit,0.6258857859898582,0.4495713936253088,3.0249240612345574e-17,0.1659924505610906,0.18961857913794025
199,EPPVR,arousal,subject,all,linear_logistic,20260923,1.0,,0.1008564838502718,72.0,0.4202380952380952,0.0495552981730371,0.0588284632878953,0.3910112878970274,0.0420280205623764,0.1643178388424412,1.0,0.7007924528547257,0.6554317287579828,0.5193616543433723,0.6481986523092618,0.4701425465064312,0.6898118327290084,,0.0198036239445972,-0.0078740157480314,0,,,0.513542358410018,0.5254719666065838,0.0119296081965657,1.0,0.4405665860700645,0.7007924580785923,1.0,,participant,-0.007874015748031482,-0.027765034604817627,0.012507978035137039,0.004,audit,0.700792458078592,0.508760455212775,8.153200337090993e-17,0.23073661248859856,0.23227286851152507
200,EPPVR,valence,subject,all,gpu_mlp,20260923,0.25,,-0.0188739079738556,72.0,0.4202380952380952,0.0286264699095654,-0.0079545454545454,0.0898210981940882,-0.0109193625193102,0.0377462472172775,4.0,0.0695272786318147,0.0572137140430645,0.1142734934020676,0.1427883425486639,0.0943327650561707,0.074463008110116,,0.0277777777777777,-0.0168650793650792,0,,,0.5069444444444444,0.5178571428571429,0.0109126984126984,0.2497029976324287,0.1184475681036536,0.0695272768261504,0.0,,participant,-0.016865079365079305,-0.04154279669746756,0.008936275867745279,0.0036,heldout,0.0695272768261504,0.0834664427463344,1.0408340855860843e-16,-0.0020322428472416432,-0.0021326048418669682
201,EPPVR,valence,subject,all,gpu_mlp,20260923,0.5,,-0.0119942445311237,72.0,0.4202380952380952,0.0286264699095654,-0.0079545454545454,0.1793966486549285,-0.0040396990765783,0.0753893059228449,4.0,0.1330503519863524,0.1108265778439119,0.1720426552058361,0.2051358082389086,0.1613509571546339,0.1476211183704535,,0.0277777777777777,-0.0009920634920633,0,,,0.5069444444444444,0.5337301587301587,0.0267857142857143,0.4985852424461624,0.2080231185644939,0.1330503499617925,0.0,,participant,-0.0009920634920634885,-0.028852869290858507,0.027618084382265755,0.0726,heldout,0.1330503499617925,0.1314451262738938,1.8843433757798067e-16,0.00019149592431268007,0.0004245744037955704
202,EPPVR,valence,subject,all,gpu_mlp,20260923,0.75,,-0.0298065611050381,72.0,0.4202380952380952,0.0286264699095654,-0.0079545454545454,0.2701342121931708,-0.0218520156504926,0.1135206867907015,4.0,0.1783841116822682,0.1498973678992685,0.2072358422891736,0.2002613022204951,0.2278315786327597,0.2059205644847554,,0.0277777777777777,-0.0327380952380951,0,,,0.5069444444444444,0.501984126984127,-0.0049603174603174,0.7507359085127817,0.2987606821027362,0.1783841126384727,0.0,,participant,-0.03273809523809523,-0.07287780065089464,0.009177591605111852,0.0078,heldout,0.1783841126384727,0.1620006042676436,1.3183898417423734e-16,0.00532111312814872,0.005576695858733657
203,EPPVR,valence,subject,all,gpu_mlp,20260923,1.0,,-0.0057212195806549,72.0,0.4202380952380952,0.0286264699095654,-0.0079545454545454,0.3597900398361879,0.0022333258738905,0.151197481026398,4.0,0.3677818893360675,0.3208612258739692,0.3342791203979215,0.4080736629712066,0.2369993961908398,0.3995847870864846,,0.0277777777777777,-0.0307539682539681,0,,,0.5069444444444444,0.503968253968254,-0.0029761904761904,1.0,0.3884165097457533,0.3677818789948248,1.0,,participant,-0.030753968253968256,-0.05995505265891552,-0.001643649558536758,0.0002,heldout,0.3677818789948246,0.2793116642813487,1.5612511283791264e-16,0.057213116627461605,0.05724850471334697
204,EPPVR,valence,subject,all,linear_logistic,20260923,0.25,,-0.0188739079738556,72.0,0.4202380952380952,0.0286264699095654,-0.0079545454545454,0.0898210981940882,-0.0109193625193102,0.0377462472172775,1.0,0.0448515074339643,0.0367355854075832,0.0750137721527593,0.094759591481833,0.0614345969850342,0.0485397213687877,,-0.0079365079365079,0.0029761904761904,0,,,0.4920634920634921,0.4871031746031746,-0.0049603174603174,0.2497029976324287,0.1184475681036536,0.0448515062382537,0.0,,participant,0.002976190476190521,-0.018993333633989095,0.024320633849129067,0.0628,audit,0.0448515062382537,0.0615730341788429,1.209969624493823e-16,0.0003206429831891579,-0.001779580926148845
205,EPPVR,valence,subject,all,linear_logistic,20260923,0.5,,-0.0119942445311237,72.0,0.4202380952380952,0.0286264699095654,-0.0079545454545454,0.1793966486549285,-0.0040396990765783,0.0753893059228449,1.0,0.0879609942280108,0.0726376017205281,0.1155244433827263,0.1395496975720582,0.1078640880506082,0.0983719703673977,,-0.0079365079365079,0.0128968253968252,0,,,0.4920634920634921,0.4970238095238095,0.0049603174603174,0.4985852424461624,0.2080231185644939,0.0879609928199407,0.0,,participant,0.012896825396825407,-0.016346683353185655,0.042790969647467134,0.3018,audit,0.0879609928199407,0.0983168024145338,2.0643209364124004e-16,0.004321709292147584,-0.0019290573791488205
206,EPPVR,valence,subject,all,linear_logistic,20260923,0.75,,-0.0298065611050381,72.0,0.4202380952380952,0.0286264699095654,-0.0079545454545454,0.2701342121931708,-0.0218520156504926,0.1135206867907015,1.0,0.1200591792547253,0.0997556730776743,0.1411268829117148,0.1359670819846324,0.1564170952918256,0.1374675946580748,,-0.0079365079365079,0.0138888888888888,0,,,0.4920634920634921,0.498015873015873,0.0059523809523809,0.7507359085127817,0.2987606821027362,0.1200591799439719,0.0,,participant,0.013888888888888895,-0.016595123708248137,0.04333338737487793,0.3382,audit,0.1200591799439719,0.1222552978424078,9.540979117872439e-17,0.0009533029847852148,-0.0005321511617168151
207,EPPVR,valence,subject,all,linear_logistic,20260923,1.0,,-0.0057212195806549,72.0,0.4202380952380952,0.0286264699095654,-0.0079545454545454,0.3597900398361879,0.0022333258738905,0.151197481026398,1.0,0.2677084111883356,0.2289317778419081,0.239907319672755,0.3022786523833721,0.1633190366585805,0.2907843868839868,,-0.0079365079365079,0.0069444444444445,0,,,0.4920634920634921,0.4910714285714286,-0.0009920634920634,1.0,0.3884165097457533,0.2677084024694391,1.0,,participant,0.006944444444444475,-0.025705621112138033,0.040694279689341674,0.2126,audit,0.267708402469439,0.2182821216151969,2.42861286636753e-17,0.0030046495166837816,0.024020704135907525
208,EPPVR,arousal,subject,baseline_delta,gpu_mlp,20260923,0.25,,0.1125100253307657,72.0,0.3845238095238095,0.0495552981730371,0.0588284632878953,0.0980528048887114,0.0536815620428704,0.0377036380703021,4.0,0.3565082557686876,0.3103198905460896,0.3145231668209244,0.3039943835273271,0.3565082557686876,0.3547217353348411,,-0.0009249596812446,0.037757328526705,1,,,0.5189735319229675,0.5558059007684281,0.0368323688454605,0.250618067452,0.1476081030617486,0.3565082604295863,1.0,,participant,0.037757328526705214,0.0018817426403984429,0.07332146223634481,0.8228,heldout,0.356508260429586,0.2724312300828827,2.1510571102112408e-16,-0.08547779650847798,-0.11527469606334956
209,EPPVR,arousal,subject,baseline_delta,gpu_mlp,20260923,0.5,,0.1176116131586466,72.0,0.3845238095238095,0.0495552981730371,0.0588284632878953,0.1956878823974291,0.0587831498707513,0.0752466500171066,4.0,0.5331165456906304,0.4811559262306452,0.4246737949227822,0.393795192633908,0.5331165456906304,0.5186480400427886,,-0.0009249596812446,0.0188786642633525,0,,,0.5189735319229675,0.5369272365050755,0.0179537045821079,0.5004777633443345,0.2452431805704662,0.5331165437874827,1.0,,participant,0.018878664263352607,-0.02182553941383958,0.058500531502068034,0.4834,heldout,0.5331165437874827,0.3841559031194076,1.0755285551056204e-16,-0.007377656039471717,0.1366374913584233
210,EPPVR,arousal,subject,baseline_delta,gpu_mlp,20260923,0.75,,0.1223350685825331,72.0,0.3845238095238095,0.0495552981730371,0.0588284632878953,0.2935466359265755,0.0635066052946378,0.1128756707193855,4.0,0.7008855344871875,0.655531987409201,0.5421326294180575,0.4819897176764629,0.6377752092093643,0.6801284910479215,,-0.0009249596812446,0.0188786642633525,0,,,0.5189735319229675,0.5369272365050755,0.0179537045821079,0.7506494943138198,0.3431019340996126,0.7008855221586839,1.0,,participant,0.018878664263352607,-0.014642786304466426,0.05150387883186337,0.462,heldout,0.7008855221586838,0.5088387422093317,1.0755285551056204e-16,0.05487242492527478,0.23232364959847623
211,EPPVR,arousal,subject,baseline_delta,gpu_mlp,20260923,1.0,,0.1008564838502718,72.0,0.3845238095238095,0.0495552981730371,0.0588284632878953,0.3910112878970274,0.0420280205623764,0.150353149988976,4.0,0.7620093190066397,0.7222509962462192,0.5919481243293686,0.5903571972920281,0.5720944370269331,0.7440020304768938,,-0.0009249596812446,0.0276776396926285,1,,,0.5189735319229675,0.5457262119343516,0.026752680011384,1.0,0.4405665860700645,0.7620093280072835,1.0,,participant,0.02767763969262871,-0.017206478165462613,0.06901700329035519,0.6254,heldout,0.7620093280072835,0.5635758318402775,2.0816681711721685e-16,0.014839880729959943,-0.133826494598361
212,EPPVR,arousal,subject,baseline_delta,linear_logistic,20260923,0.25,,0.1125100253307657,72.0,0.3845238095238095,0.0495552981730371,0.0588284632878953,0.0980528048887114,0.0536815620428704,0.0377036380703021,1.0,0.2582492945581989,0.2204303535574475,0.2238533193363729,0.2153649730687794,0.2582492945581989,0.2571492573051081,,0.0257091357556209,0.0050991367042974,0,,,0.5087989754292761,0.5396072478891946,0.0308082724599184,0.250618067452,0.1476081030617486,0.2582492984500318,1.0,,participant,0.005099136704297513,-0.02258556489832699,0.03274003937840459,0.1414,audit,0.2582492984500317,0.2124618602736485,1.1362438767648086e-16,0.008603970562713038,0.02155265807899421
213,EPPVR,arousal,subject,baseline_delta,linear_logistic,20260923,0.5,,0.1176116131586466,72.0,0.3845238095238095,0.0495552981730371,0.0588284632878953,0.1956878823974291,0.0587831498707513,0.0752466500171066,1.0,0.4177843217171325,0.368199667847315,0.3169315175778756,0.2898890482797701,0.4177843217171325,0.4109117571429908,,0.0257091357556209,0.012973152452329,0,,,0.5087989754292761,0.547481263637226,0.0386822882079499,0.5004777633443345,0.2452431805704662,0.4177843198572826,1.0,,participant,0.012973152452328995,-0.018761788820847867,0.04390040142461657,0.318,audit,0.4177843198572826,0.3100742120081918,5.204170427930421e-18,0.009894092374089388,0.07839772096611114
214,EPPVR,arousal,subject,baseline_delta,linear_logistic,20260923,0.75,,0.1223350685825331,72.0,0.3845238095238095,0.0495552981730371,0.0588284632878953,0.2935466359265755,0.0635066052946378,0.1128756707193855,1.0,0.595556020348217,0.5446085329610217,0.4266915659976904,0.3689769198543384,0.5252746550585625,0.5827939039079452,,0.0257091357556209,0.012973152452329,0,,,0.5087989754292761,0.547481263637226,0.0386822882079499,0.7506494943138198,0.3431019340996126,0.5955560061835347,1.0,,participant,0.012973152452328995,-0.02077144323848188,0.04539864966645836,0.338,audit,0.5955560061835345,0.4273996819481317,5.204170427930421e-18,0.05834279318878577,0.17201646837191809
215,EPPVR,arousal,subject,baseline_delta,linear_logistic,20260923,1.0,,0.1008564838502718,72.0,0.3845238095238095,0.0495552981730371,0.0588284632878953,0.3910112878970274,0.0420280205623764,0.150353149988976,1.0,0.6680084339653238,0.620369967778514,0.4769491381190305,0.4752467952027361,0.4565760525404591,0.6539958403951777,,0.0257091357556209,0.0059055118110235,0,,,0.5087989754292761,0.5404136229959207,0.0316146475666445,1.0,0.4405665860700645,0.6680084449721561,1.0,,participant,0.0059055118110236116,-0.03054979061707854,0.04254052042961119,0.2138,audit,0.6680084449721561,0.4819728829253361,1.1188966420050406e-16,0.1343886163475381,0.21393742267875832
216,EPPVR,valence,subject,baseline_delta,gpu_mlp,20260923,0.25,,-0.0188739079738556,72.0,0.3845238095238095,0.0286264699095654,-0.0079545454545454,0.0898210981940882,-0.0109193625193102,0.0345383508532029,4.0,0.0647129597980552,0.0532032781789336,0.1036520842607828,0.0972696194433586,0.0879632022159914,0.0696718270078377,,-0.0317460317460317,-0.0277777777777777,0,,,0.5357142857142857,0.4761904761904762,-0.0595238095238094,0.2497029976324287,0.1184475681036536,0.0647129587784563,0.0,,participant,-0.027777777777777735,-0.06258766409009694,0.009704369609244161,0.0066,heldout,0.0647129587784563,0.079406673187549,3.469446951953614e-17,-0.0019236956826520061,-0.0021176527128520294
217,EPPVR,valence,subject,baseline_delta,gpu_mlp,20260923,0.5,,-0.0119942445311237,72.0,0.3845238095238095,0.0286264699095654,-0.0079545454545454,0.1793966486549285,-0.0040396990765783,0.0689822827565975,4.0,0.1220170340458228,0.1014205910355311,0.1546453756605912,0.1414379534830988,0.1483724341357433,0.13517663805955,,-0.0317460317460317,-0.0208333333333332,0,,,0.5357142857142857,0.4831349206349207,-0.052579365079365,0.4985852424461624,0.2080231185644939,0.122017032550049,0.0,,participant,-0.02083333333333326,-0.050198274105787276,0.00961719721090046,0.0046,heldout,0.122017032550049,0.1236558107321364,5.898059818321144e-17,-0.00038752653622701333,-0.0004026032955022213
218,EPPVR,valence,subject,baseline_delta,gpu_mlp,20260923,0.75,,-0.0298065611050381,72.0,0.3845238095238095,0.0286264699095654,-0.0079545454545454,0.2701342121931708,-0.0218520156504926,0.1038730363552311,4.0,0.1612264038504652,0.1350293254017848,0.1843377619123411,0.1341249213297876,0.2071167419094418,0.1854472823159295,,-0.0317460317460317,-0.0099206349206349,0,,,0.5357142857142857,0.494047619047619,-0.0416666666666666,0.7507359085127817,0.2987606821027362,0.1612264037068027,0.0,,participant,-0.009920634920634885,-0.038712031207978725,0.020098065398633475,0.0254,heldout,0.1612264037068027,0.1506680853850511,1.3877787807814457e-17,0.002756718727886888,0.0032930812986318655
219,EPPVR,valence,subject,baseline_delta,gpu_mlp,20260923,1.0,,-0.0057212195806549,72.0,0.3845238095238095,0.0286264699095654,-0.0079545454545454,0.3597900398361879,0.0022333258738905,0.1383478367465341,4.0,0.3349554268753697,0.2902996882586326,0.298929681802581,0.2640791548568721,0.2272747991731813,0.3620656338214225,,-0.0317460317460317,-0.0198412698412698,0,,,0.5357142857142857,0.4841269841269841,-0.0515873015873015,1.0,0.3884165097457533,0.3349554132714437,1.0,,participant,-0.019841269841269826,-0.05158766899257898,0.01208568764850494,0.008,heldout,0.3349554132714436,0.2593058055700009,2.7755575615628914e-17,0.043745234354313406,0.04495562807753649
220,EPPVR,valence,subject,baseline_delta,linear_logistic,20260923,0.25,,-0.0188739079738556,72.0,0.3845238095238095,0.0286264699095654,-0.0079545454545454,0.0898210981940882,-0.0109193625193102,0.0345383508532029,1.0,0.0416693098516138,0.0341086467469367,0.0677622746796149,0.0634189556346739,0.0571462288823355,0.0454344747566893,,-0.0257936507936508,0.007936507936508,0,,,0.503968253968254,0.4861111111111111,-0.0178571428571427,0.2497029976324287,0.1184475681036536,0.0416693091789085,0.0,,participant,0.00793650793650802,-0.029356937436386944,0.044941348768770685,0.2504,audit,0.0416693091789084,0.0585101692554295,1.9081958235744878e-17,0.006746794147470224,-0.0016871085788515475
221,EPPVR,valence,subject,baseline_delta,linear_logistic,20260923,0.5,,-0.0119942445311237,72.0,0.3845238095238095,0.0286264699095654,-0.0079545454545454,0.1793966486549285,-0.0040396990765783,0.0689822827565975,1.0,0.0803203368080754,0.0662313386224695,0.1031305027625594,0.0938137134490158,0.0986816265624536,0.0896810770705161,,-0.0257936507936508,0.0198412698412699,0,,,0.503968253968254,0.498015873015873,-0.0059523809523809,0.4985852424461624,0.2080231185644939,0.0803203357766889,0.0,,participant,0.019841269841269882,-0.009434656659141182,0.04635103838518262,0.4954,audit,0.0803203357766889,0.0922820596539227,1.734723475976807e-17,0.009787053822873149,-0.002064622194690095
222,EPPVR,valence,subject,baseline_delta,linear_logistic,20260923,0.75,,-0.0298065611050381,72.0,0.3845238095238095,0.0286264699095654,-0.0079545454545454,0.2701342121931708,-0.0218520156504926,0.1038730363552311,1.0,0.1077755173727762,0.0893384247129044,0.124387260044787,0.0887086652499541,0.1410096422450938,0.1227846565108583,,-0.0257936507936508,0.005952380952381,0,,,0.503968253968254,0.4841269841269842,-0.0198412698412697,0.7507359085127817,0.2987606821027362,0.1077755172706219,0.0,,participant,0.005952380952381042,-0.01695293951779604,0.02573990714736283,0.0862,audit,0.1077755172706219,0.1133271064151542,4.2500725161431774e-17,-0.00027037695696419627,-0.0012274709254815643
223,EPPVR,valence,subject,baseline_delta,linear_logistic,20260923,1.0,,-0.0057212195806549,72.0,0.3845238095238095,0.0286264699095654,-0.0079545454545454,0.3597900398361879,0.0022333258738905,0.1383478367465341,1.0,0.2404173747774808,0.2044898897827017,0.2113689567310581,0.1840103429223246,0.1559995812479041,0.2592180148536692,,-0.0257936507936508,0.0029761904761905,0,,,0.503968253968254,0.4811507936507936,-0.0228174603174603,1.0,0.3884165097457533,0.2404173636251059,1.0,,participant,0.0029761904761904656,-0.026029763044789433,0.02976854750886559,0.1082,audit,0.2404173636251058,0.201425807273479,3.426078865054194e-17,0.008790380102181595,0.017228152896673635
224,EPPVR,arousal,subject,normalized_asymmetry,gpu_mlp,20260923,0.25,,0.1125100253307657,12.0,0.2333333333333333,0.0495552981730371,0.0588284632878953,0.0980528048887114,0.0536815620428704,0.022878987807366,4.0,0.2839714418990797,0.2436228505358231,0.2227908967364009,0.2891646762462334,0.3183791730646275,0.2772100240670513,,-0.0115738544730101,0.0345081111848969,1,,,0.5384214021440091,0.561355658855896,0.0229342567118868,0.250618067452,0.1476081030617486,0.2839714471715691,1.0,,participant,0.03450811118489705,0.0006734981550835078,0.06659208852797745,0.788,heldout,0.2839714471715689,0.2282468883186169,1.5265566588595902e-16,-0.05927876397066839,-0.08290597692432011
225,EPPVR,arousal,subject,normalized_asymmetry,gpu_mlp,20260923,0.5,,0.1176116131586466,12.0,0.2333333333333333,0.0495552981730371,0.0588284632878953,0.1956878823974291,0.0587831498707513,0.0456605058927334,4.0,0.4244558853855272,0.3745888579514716,0.2980176845035138,0.3644856873427294,0.4648351718926832,0.408274738109374,,-0.0115738544730101,0.0115738544730101,0,,,0.5384214021440091,0.5384214021440091,0.0,0.5004777633443345,0.2452431805704662,0.4244558849067684,1.0,,participant,0.011573854473010181,-0.019877282436937094,0.041715629398822784,0.2836,heldout,0.4244558849067682,0.3142210431741216,8.153200337090993e-17,0.018902732027797315,0.08142793425855449
226,EPPVR,arousal,subject,normalized_asymmetry,gpu_mlp,20260923,0.75,,0.1223350685825331,12.0,0.2333333333333333,0.0495552981730371,0.0588284632878953,0.2935466359265755,0.0635066052946378,0.0684942150495342,4.0,0.5771880845008095,0.5257692317352978,0.3852984463014979,0.4280040642560895,0.5471245355052509,0.5517248313627722,,-0.0115738544730101,0.0216535433070866,1,,,0.5384214021440091,0.5485010909780856,0.0100796888340765,0.7506494943138198,0.3431019340996126,0.5771880750790015,1.0,,participant,0.021653543307086687,-0.013889949792064727,0.05471852133050559,0.5222,heldout,0.5771880750790013,0.414372223332612,8.673617379884035e-17,-0.008603141020138228,-0.16418996894898788
227,EPPVR,arousal,subject,normalized_asymmetry,gpu_mlp,20260923,1.0,,0.1008564838502718,12.0,0.2333333333333333,0.0495552981730371,0.0588284632878953,0.3910112878970274,0.0420280205623764,0.091235967175973,4.0,0.6273244656545756,0.5775400936006456,0.4142068200086741,0.4913427791512519,0.5040845291707002,0.5952617767353993,,-0.0115738544730101,0.0385637036334312,1,,,0.5384214021440091,0.5654112513044303,0.0269898491604211,1.0,0.4405665860700645,0.6273244750775854,1.0,,participant,0.03856370363343131,0.0024828568217344586,0.07744126319885254,0.822,heldout,0.6273244750775853,0.4506454434037232,1.1102230246251565e-16,-0.10000564670099962,-0.16290338197689444
228,EPPVR,arousal,subject,normalized_asymmetry,linear_logistic,20260923,0.25,,0.1125100253307657,12.0,0.2333333333333333,0.0495552981730371,0.0588284632878953,0.0980528048887114,0.0536815620428704,0.022878987807366,1.0,0.1995063700111156,0.1683376387579807,0.1526754558667261,0.2035941307833323,0.2269232418197219,0.1959500871454451,,0.0013992979793189,0.0207285836258418,1,,,0.5312588938430889,0.5533867754482497,0.0221278816051607,0.250618067452,0.1476081030617486,0.1995063741523075,1.0,,participant,0.020728583625841845,0.00733339823782444,0.03504387373104691,0.5124,audit,0.1995063741523074,0.1756555035005169,4.5102810375396984e-17,-0.015494434826574546,-0.038753803886200644
229,EPPVR,arousal,subject,normalized_asymmetry,linear_logistic,20260923,0.5,,0.1176116131586466,12.0,0.2333333333333333,0.0495552981730371,0.0588284632878953,0.1956878823974291,0.0587831498707513,0.0456605058927334,1.0,0.3166859803627244,0.273464357520772,0.2106438322770989,0.2649332581839945,0.3531028485570618,0.3091382710072392,,0.0013992979793189,0.0057869272365049,0,,,0.5312588938430889,0.5384451190589128,0.0071862252158239,0.5004777633443345,0.2452431805704662,0.3166859799386377,1.0,,participant,0.0057869272365049795,-0.009534968249499797,0.02117413594387469,0.0362,audit,0.3166859799386375,0.2481906327148279,7.979727989493313e-17,0.033732356583304694,0.038691419722308516
230,EPPVR,arousal,subject,normalized_asymmetry,linear_logistic,20260923,0.75,,0.1223350685825331,12.0,0.2333333333333333,0.0495552981730371,0.0588284632878953,0.2935466359265755,0.0635066052946378,0.0684942150495342,1.0,0.4617510514309983,0.410628525585734,0.2826382984016151,0.3198339013421447,0.4315630551456197,0.4455241536483975,,0.0013992979793189,0.0056683426619863,0,,,0.5312588938430889,0.5383265344843943,0.0070676406413053,0.7506494943138198,0.3431019340996126,0.4617510418356498,1.0,,participant,0.0056683426619864585,-0.010519714117981494,0.02086532134562729,0.0308,audit,0.4617510418356496,0.33765839227277,1.5872719805187785e-16,0.09155672755100261,0.09920083476407598
231,EPPVR,arousal,subject,normalized_asymmetry,linear_logistic,20260923,1.0,,0.1008564838502718,12.0,0.2333333333333333,0.0495552981730371,0.0588284632878953,0.3910112878970274,0.0420280205623764,0.091235967175973,1.0,0.5140512247979298,0.4621096039008064,0.3076998261435911,0.3777361228843038,0.3897893991794016,0.4889344083938255,,0.0013992979793189,0.0026562944692152,0,,,0.5312588938430889,0.5353144862916231,0.0040555924485342,1.0,0.4405665860700645,0.5140512348663985,1.0,,participant,0.0026562944692153367,-0.016304741520434617,0.02162095559760924,0.037,audit,0.5140512348663983,0.3714759464985439,1.3660947373317356e-16,0.1157037219014587,0.1262542932406799
232,EPPVR,valence,subject,normalized_asymmetry,gpu_mlp,20260923,0.25,,-0.0188739079738556,12.0,0.2333333333333333,0.0286264699095654,-0.0079545454545454,0.0898210981940882,-0.0109193625193102,0.0209582562452872,4.0,0.0475836445170109,0.0389935225513706,0.067815925835367,0.0922000050630029,0.075804422318838,0.0511344719856287,,0.0188492063492063,-0.0039682539682539,0,,,0.4732142857142857,0.4880952380952381,0.0148809523809524,0.2497029976324287,0.1184475681036536,0.0475836438351984,0.0,,participant,-0.003968253968253954,-0.0443803415633738,0.03643980622291565,0.1192,heldout,0.0475836438351984,0.0641500909878835,5.377642775528102e-17,0.0020984099880814126,-0.0018510310131187179
233,EPPVR,valence,subject,normalized_asymmetry,gpu_mlp,20260923,0.5,,-0.0119942445311237,12.0,0.2333333333333333,0.0286264699095654,-0.0079545454545454,0.1793966486549285,-0.0040396990765783,0.0418592180194833,4.0,0.083672044311068,0.0690392574879163,0.0963932127859691,0.1292786643980908,0.1188033999510736,0.090389896487481,,0.0188492063492063,-0.0099206349206349,0,,,0.4732142857142857,0.4821428571428571,0.0089285714285714,0.4985852424461624,0.2080231185644939,0.0836720441163429,0.0,,participant,-0.009920634920634941,-0.04347171895205974,0.02115482795052229,0.03,heldout,0.0836720441163428,0.0949485605626461,4.163336342344337e-17,-0.0013376271995330607,-0.002014218186311259
234,EPPVR,valence,subject,normalized_asymmetry,gpu_mlp,20260923,0.75,,-0.0298065611050381,12.0,0.2333333333333333,0.0286264699095654,-0.0079545454545454,0.2701342121931708,-0.0218520156504926,0.0630313161784065,4.0,0.1029618281753539,0.0852695117657097,0.1087625029435462,0.115132791505268,0.1551998572286947,0.1139063174917032,,0.0188492063492063,-0.0059523809523809,0,,,0.4732142857142857,0.4861111111111111,0.0128968253968254,0.7507359085127817,0.2987606821027362,0.1029618281291914,0.0,,participant,-0.005952380952380987,-0.04218815416097641,0.029787627421319483,0.0766,heldout,0.1029618281291914,0.1097555667403068,8.673617379884035e-17,-0.00040434562355791154,-0.0014451463787807928
235,EPPVR,valence,subject,normalized_asymmetry,gpu_mlp,20260923,1.0,,-0.0057212195806549,12.0,0.2333333333333333,0.0286264699095654,-0.0079545454545454,0.3597900398361879,0.0022333258738905,0.0839510092951105,4.0,0.214850494563465,0.1818290782880958,0.1758713482745315,0.2278078066010339,0.1752891485173557,0.221443226969644,,0.0188492063492063,-0.0218253968253967,0,,,0.4732142857142857,0.4702380952380952,-0.0029761904761904,1.0,0.3884165097457533,0.2148504851325852,1.0,,participant,-0.02182539682539686,-0.05643658274784684,0.009624320222064829,0.0044,heldout,0.2148504851325852,0.1854100586056425,1.5959455978986625e-16,0.011524765376122334,0.011783841129559429
236,EPPVR,valence,subject,normalized_asymmetry,linear_logistic,20260923,0.25,,-0.0188739079738556,12.0,0.2333333333333333,0.0286264699095654,-0.0079545454545454,0.0898210981940882,-0.0109193625193102,0.0209582562452872,1.0,0.0304410508654269,0.0248648324951593,0.0437291282288229,0.0599963555512892,0.0490182071126148,0.0334174123467475,,0.0059523809523809,-0.0039682539682541,0,,,0.4811507936507937,0.4831349206349206,0.0019841269841268,0.2497029976324287,0.1184475681036536,0.0304410504213949,0.0,,participant,-0.003968253968254065,-0.03125,0.022088487073779105,0.0378,audit,0.0304410504213949,0.0470632270457162,3.469446951953614e-17,-3.165323640003589e-05,-0.0012882897891987263
237,EPPVR,valence,subject,normalized_asymmetry,linear_logistic,20260923,0.5,,-0.0119942445311237,12.0,0.2333333333333333,0.0286264699095654,-0.0079545454545454,0.1793966486549285,-0.0040396990765783,0.0418592180194833,1.0,0.0542689779476492,0.044528400062183,0.0628405986181312,0.0853416684153463,0.0781071957486596,0.0591492812755487,,0.0059523809523809,-0.0198412698412698,0,,,0.4811507936507937,0.4672619047619047,-0.0138888888888889,0.4985852424461624,0.2080231185644939,0.0542689778172995,0.0,,participant,-0.019841269841269882,-0.04801239864900708,0.005392058519646502,0.0008,audit,0.0542689778172995,0.0702742957423662,8.326672684688674e-17,-0.001967746180070897,-0.001993354688751002
238,EPPVR,valence,subject,normalized_asymmetry,linear_logistic,20260923,0.75,,-0.0298065611050381,12.0,0.2333333333333333,0.0286264699095654,-0.0079545454545454,0.2701342121931708,-0.0218520156504926,0.0630313161784065,1.0,0.0672778602864656,0.0553389837200372,0.0712438410236071,0.0755861042983168,0.1035003945734558,0.0738836343765824,,0.0059523809523809,0.0099206349206349,0,,,0.4811507936507937,0.4970238095238095,0.0158730158730158,0.7507359085127817,0.2987606821027362,0.0672778602551019,0.0,,participant,0.009920634920634885,-0.015927720814943314,0.03473438359796999,0.2106,audit,0.0672778602551019,0.0815802525222184,1.3877787807814457e-17,0.0038951405018255655,-0.002129027121083901
239,EPPVR,valence,subject,normalized_asymmetry,linear_logistic,20260923,1.0,,-0.0057212195806549,12.0,0.2333333333333333,0.0286264699095654,-0.0079545454545454,0.3597900398361879,0.0022333258738905,0.0839510092951105,1.0,0.1467317640776619,0.1225457719134621,0.1182750369537869,0.1563992654232918,0.1178310275614692,0.1506368668343952,,0.0059523809523809,-0.0039682539682541,0,,,0.4811507936507937,0.4831349206349206,0.0019841269841268,1.0,0.3884165097457533,0.1467317570780623,0.0,,participant,-0.003968253968254065,-0.028688822500407697,0.021034467965364446,0.0318,audit,0.1467317570780622,0.1408870444612383,3.469446951953614e-17,0.0013093255157625248,0.0016810492381925286
240,EPPVR,arousal,subject,relative_power,gpu_mlp,20260923,0.25,,0.1125100253307657,24.0,0.2261904761904761,0.0495552981730371,0.0588284632878953,0.0980528048887114,0.0536815620428704,0.0221786106295895,4.0,0.2807711239894396,0.2407243804992999,0.2189663350288201,0.2229554661882137,0.3173208755504433,0.273707168028566,,-0.0207285836258419,0.0276776396926287,1,,,0.4812399203111659,0.4881889763779528,0.0069490560667868,0.250618067452,0.1476081030617486,0.2807711253601621,1.0,,participant,0.02767763969262882,-0.004848211968783289,0.06004836382344365,0.6708,heldout,0.280771125360162,0.2262895427074109,1.1796119636642288e-16,-0.04546702358964827,-0.08133769760821963
241,EPPVR,arousal,subject,relative_power,gpu_mlp,20260923,0.5,,0.1176116131586466,24.0,0.2261904761904761,0.0495552981730371,0.0588284632878953,0.1956878823974291,0.0587831498707513,0.0442627353041803,4.0,0.4194183944125674,0.3697629705114212,0.2925796885887978,0.2877613242497246,0.4624127825633882,0.4032815024384683,,-0.0207285836258419,0.0254719666065837,1,,,0.4812399203111659,0.4859833032919077,0.0047433829807418,0.5004777633443345,0.2452431805704662,0.4194183883379234,1.0,,participant,0.025471966606583796,-0.0037205414380878207,0.053867610264569474,0.6294,heldout,0.4194183883379232,0.3110887763250496,9.71445146547012e-17,-0.057229757881241065,-0.13752366630518298
242,EPPVR,arousal,subject,relative_power,gpu_mlp,20260923,0.75,,0.1223350685825331,24.0,0.2261904761904761,0.0495552981730371,0.0588284632878953,0.2935466359265755,0.0635066052946378,0.0663974533643444,4.0,0.5709469811099548,0.5194011154673057,0.3782063816393836,0.3447927372596613,0.5435014462996284,0.5453179134988485,,-0.0207285836258419,0.0166729911773077,0,,,0.4812399203111659,0.4771843278626316,-0.0040555924485342,0.7506494943138198,0.3431019340996126,0.5709469648286943,1.0,,participant,0.016672991177307694,-0.020913463085889816,0.05284718750044699,0.4308,heldout,0.5709469648286943,0.4100078595441385,6.938893903907228e-18,0.019208858645959007,0.1578739917591323
243,EPPVR,arousal,subject,relative_power,gpu_mlp,20260923,1.0,,0.1008564838502718,24.0,0.2261904761904761,0.0495552981730371,0.0588284632878953,0.3910112878970274,0.0420280205623764,0.08844302940528,4.0,0.6201957490695538,0.5701116624152591,0.4059937275811678,0.4052443019997765,0.499218591380404,0.5875684781763135,,-0.0207285836258419,0.0187600796888341,0,,,0.4812399203111659,0.479271416374158,-0.0019685039370078,1.0,0.4405665860700645,0.6201957505545571,1.0,,participant,0.018760079688834086,-0.018896189471706747,0.05897343652322888,0.4664,heldout,0.6201957505545571,0.4453442158216779,1.3877787807814457e-17,0.023209786841275483,0.18631129844010522
244,EPPVR,arousal,subject,relative_power,linear_logistic,20260923,0.25,,0.1125100253307657,24.0,0.2261904761904761,0.0495552981730371,0.0588284632878953,0.0980528048887114,0.0536815620428704,0.0221786106295895,1.0,0.1969960691334229,0.1661381249690158,0.1498225114932373,0.1527670273458489,0.2260681195458472,0.1932993909603047,,0.0207285836258419,-0.0138981121335737,0,,,0.4716345697751636,0.4784650412674319,0.0068304714922682,0.250618067452,0.1476081030617486,0.1969960702071779,1.0,,participant,-0.013898112133573615,-0.04388356283307075,0.019136444712057634,0.0228,audit,0.1969960702071778,0.1740474479594942,8.500145032286355e-17,0.007468480361364119,0.00851493753585848
245,EPPVR,arousal,subject,relative_power,linear_logistic,20260923,0.5,,0.1176116131586466,24.0,0.2261904761904761,0.0495552981730371,0.0588284632878953,0.1956878823974291,0.0587831498707513,0.0442627353041803,1.0,0.3122336414486797,0.2693801233998945,0.2063315500182417,0.2024877657723949,0.3508809634584431,0.3047000810768863,,0.0207285836258419,-0.0140166967080922,0,,,0.4716345697751636,0.4783464566929134,0.0067118869177497,0.5004777633443345,0.2452431805704662,0.3122336360915678,1.0,,participant,-0.014016696708092136,-0.039246524684131145,0.011099757254123684,0.0038,audit,0.3122336360915677,0.2454809663920756,6.418476861114186e-17,0.03672161835645802,0.03722893864617417
246,EPPVR,arousal,subject,relative_power,linear_logistic,20260923,0.75,,0.1223350685825331,24.0,0.2261904761904761,0.0495552981730371,0.0588284632878953,0.2935466359265755,0.0635066052946378,0.0663974533643444,1.0,0.4554137018923487,0.4044655698472573,0.2765856239830442,0.2485157221686391,0.4279820300745958,0.4391092299326393,,0.0207285836258419,0.0009249596812446,0,,,0.4716345697751636,0.4932881130822503,0.0216535433070866,0.7506494943138198,0.3431019340996126,0.4554136854086724,1.0,,participant,0.0009249596812447303,-0.028086167760193348,0.029239843506365923,0.091,audit,0.4554136854086723,0.333641691802953,1.3032110113275763e-16,0.0739223435121315,0.09608484634837246
247,EPPVR,arousal,subject,relative_power,linear_logistic,20260923,1.0,,0.1008564838502718,24.0,0.2261904761904761,0.0495552981730371,0.0588284632878953,0.3910112878970274,0.0420280205623764,0.08844302940528,1.0,0.5064604224088266,0.4545683311752825,0.3005152034746793,0.2998112853100925,0.3851698438783138,0.4810357283864865,,0.0207285836258419,-0.0018499193624893,0,,,0.4716345697751636,0.4905132340385162,0.0188786642633526,1.0,0.4405665860700645,0.5064604239846455,1.0,,participant,-0.001849919362489294,-0.03204223979264498,0.02682563289999962,0.0712,audit,0.5064604239846455,0.3664847381602372,6.071532165918825e-18,0.10225856009693356,0.12219109775832929
248,EPPVR,valence,subject,relative_power,gpu_mlp,20260923,0.25,,-0.0188739079738556,24.0,0.2261904761904761,0.0286264699095654,-0.0079545454545454,0.0898210981940882,-0.0109193625193102,0.0203166769724723,4.0,0.0468912977589595,0.0384211217852003,0.0664448224586927,0.0663506902318968,0.07549177157583,0.0503448869715122,,-0.0178571428571427,-0.005952380952381,0,,,0.5128968253968254,0.4890873015873016,-0.0238095238095237,0.2497029976324287,0.1184475681036536,0.0468912963999268,0.0,,participant,-0.005952380952380931,-0.0336095254868269,0.022818288113921878,0.0392,heldout,0.0468912963999268,0.0635014048532536,6.852157730108388e-17,-0.0005314022375302109,-0.0018336347402710322
249,EPPVR,valence,subject,relative_power,gpu_mlp,20260923,0.5,,-0.0119942445311237,24.0,0.2261904761904761,0.0286264699095654,-0.0079545454545454,0.1793966486549285,-0.0040396990765783,0.0405778133862338,4.0,0.0821632034774959,0.067774770162892,0.0941965363134851,0.0944674066332396,0.1178716856228068,0.0885962544125451,,-0.0178571428571427,0.0188492063492061,0,,,0.5128968253968254,0.5138888888888888,0.0009920634920634,0.4985852424461624,0.2080231185644939,0.0821632013984544,0.0,,participant,0.018849206349206282,-0.009326388104818761,0.047917431965470304,0.4638,heldout,0.0821632013984543,0.0937520312783207,1.8388068845354155e-16,0.008711146891795835,-0.002038651704768259
250,EPPVR,valence,subject,relative_power,gpu_mlp,20260923,0.75,,-0.0298065611050381,24.0,0.2261904761904761,0.0286264699095654,-0.0079545454545454,0.2701342121931708,-0.0218520156504926,0.0611017860913124,4.0,0.1007336332842804,0.0833886035341561,0.1059725172201535,0.0836419506409586,0.1534449470123422,0.1111531478569701,,-0.0178571428571427,0.028769841269841,1,,,0.5128968253968254,0.5238095238095237,0.0109126984126983,0.7507359085127817,0.2987606821027362,0.100733630712292,0.0,,participant,0.028769841269841168,-0.009864017367362976,0.06804910581558936,0.6692,heldout,0.100733630712292,0.1080871110692716,1.6653345369377348e-16,0.008306338886960862,0.01317140149113849
251,EPPVR,valence,subject,relative_power,gpu_mlp,20260923,1.0,,-0.0057212195806549,24.0,0.2261904761904761,0.0286264699095654,-0.0079545454545454,0.3597900398361879,0.0022333258738905,0.0813810804391377,4.0,0.2100284124709029,0.1775805011661453,0.1711817559349752,0.1675003089584818,0.1727150714655309,0.215807719030859,,-0.0178571428571427,0.0337301587301585,1,,,0.5128968253968254,0.5287698412698413,0.0158730158730159,1.0,0.3884165097457533,0.2100283986853507,1.0,,participant,0.03373015873015872,0.0037029477884061635,0.06279891412705177,0.8114,heldout,0.2100283986853506,0.1823576441532484,2.220446049250313e-16,-0.03404648258148568,-0.04448389119099461
252,EPPVR,valence,subject,relative_power,linear_logistic,20260923,0.25,,-0.0188739079738556,24.0,0.2261904761904761,0.0286264699095654,-0.0079545454545454,0.0898210981940882,-0.0109193625193102,0.0203166769724723,1.0,0.0299902764547859,0.0244945458394753,0.0428226408742417,0.0427505167884921,0.04881019973018,0.032902733380651,,-0.0029761904761905,-0.0009920634920635,0,,,0.5168650793650794,0.5128968253968254,-0.003968253968254,0.2497029976324287,0.1184475681036536,0.029990275570176,0.0,,participant,-0.0009920634920634885,-0.023481128644198178,0.022153106424957495,0.0354,audit,0.029990275570176,0.0465787237336354,1.1492543028346347e-17,-9.56987459063087e-05,-0.001270160875879234
253,EPPVR,valence,subject,relative_power,linear_logistic,20260923,0.5,,-0.0119942445311237,24.0,0.2261904761904761,0.0286264699095654,-0.0079545454545454,0.1793966486549285,-0.0040396990765783,0.0405778133862338,1.0,0.0532595387502987,0.0436917718618102,0.061356623567892,0.0615254727420053,0.0774665834167088,0.0579471489372622,,-0.0029761904761905,-0.0148809523809524,0,,,0.5168650793650794,0.4990079365079365,-0.0178571428571429,0.4985852424461624,0.2080231185644939,0.0532595373601903,0.0,,participant,-0.014880952380952328,-0.04414545642212033,0.012898479006253159,0.0058,audit,0.0532595373601902,0.0693648771223265,7.112366251504909e-17,-0.001788085917133178,-0.0019749078583739584
254,EPPVR,valence,subject,relative_power,linear_logistic,20260923,0.75,,-0.0298065611050381,24.0,0.2261904761904761,0.0286264699095654,-0.0079545454545454,0.2701342121931708,-0.0218520156504926,0.0611017860913124,1.0,0.0657652858736061,0.0540792623289918,0.0693414068626646,0.0542488333728463,0.1022593102387751,0.0720611463264185,,-0.0029761904761905,-0.001984126984127,0,,,0.5168650793650794,0.5119047619047619,-0.0049603174603175,0.7507359085127817,0.2987606821027362,0.0657652841291546,0.0,,participant,-0.001984126984126977,-0.0248150703497231,0.02058367147110402,0.028,audit,0.0657652841291546,0.0803014714106385,2.2985086056692694e-17,-0.0013092272263620596,-0.0021232537141251586
255,EPPVR,valence,subject,relative_power,linear_logistic,20260923,1.0,,-0.0057212195806549,24.0,0.2261904761904761,0.0286264699095654,-0.0079545454545454,0.3597900398361879,0.0022333258738905,0.0813810804391377,1.0,0.1431597697669631,0.1194801098977994,0.114907110177071,0.1122478033818336,0.115982047838125,0.1465595098847143,,-0.0029761904761905,-0.0049603174603175,0,,,0.5168650793650794,0.5089285714285714,-0.007936507936508,1.0,0.3884165097457533,0.1431597595750553,0.0,,participant,-0.004960317460317443,-0.032608985994011165,0.02000446920283132,0.0254,audit,0.1431597595750552,0.1384430406290973,5.724587470723463e-17,0.0010886319405030622,0.0013282412629577259
256,EPPVR,arousal,subject,all,gpu_mlp,20261007,0.25,,0.1267317013379473,72.0,0.4047619047619047,0.0466983269486497,0.0840844217856369,0.0981007474814659,0.0426472795523104,0.0397074454091647,4.0,0.4191713643524121,0.3695265571315761,0.3611097886495608,0.4139493489021248,0.4044179143389647,0.416004667531184,,0.016317237453752,0.0279148088416658,1,,,0.5435442557632103,0.5877763020586282,0.0442320462954178,0.2501752436190972,0.1447990744301156,0.4191713709570644,1.0,,participant,0.02791480884166586,-0.009688997152261436,0.0645290959626436,0.6562,audit,0.4191713709570643,0.310935361802608,6.245004513516506e-17,-0.06302509940360237,-0.13744817929820652
257,EPPVR,arousal,subject,all,gpu_mlp,20261007,0.5,,0.1448008747245243,72.0,0.4047619047619047,0.0466983269486497,0.0840844217856369,0.1956501279360912,0.0607164529388874,0.0791917184503226,4.0,0.6479852435777664,0.5991974868146842,0.5120204251434792,0.5190600609603644,0.5672514064561774,0.633737022986,,0.016317237453752,0.0121667773456029,0,,,0.5435442557632103,0.5720282705625652,0.0284840147993549,0.4987929639731595,0.2423484548847409,0.6479852368560206,1.0,,participant,0.012166777345602897,-0.025913870707154275,0.04746872996911406,0.3262,audit,0.6479852368560205,0.4663147752501237,3.469446951953614e-18,0.08391358841509254,0.2024353975667796
258,EPPVR,arousal,subject,all,gpu_mlp,20261007,0.75,,0.1434855424624979,72.0,0.4047619047619047,0.0466983269486497,0.0840844217856369,0.296090237558494,0.059401120676861,0.1198460485355809,4.0,0.7802525864291296,0.7425121192025377,0.618105219393954,0.6004346317723989,0.6574835265356859,0.7618287422469011,,0.016317237453752,0.0200407930936344,1,,,0.5435442557632103,0.5799022863105967,0.0363580305473864,0.7549516794676248,0.3427885645071438,0.7802525838768031,1.0,,participant,0.02004079309363438,-0.014579682820476591,0.05069444701075554,0.485,audit,0.780252583876803,0.5814346860655882,2.0816681711721685e-17,0.07787443960936002,-0.12690799513619117
259,EPPVR,arousal,subject,all,gpu_mlp,20261007,1.0,,0.1413476969115891,72.0,0.4047619047619047,0.0466983269486497,0.0840844217856369,0.3921260750345023,0.0572632751259522,0.1587176970377747,4.0,0.8678066501694283,0.8420593173254769,0.7082575756275631,0.7417094900969674,0.6591285071807993,0.8523347549514178,,0.016317237453752,0.0259463049046579,1,,,0.5435442557632103,0.5858077981216203,0.04226354235841,1.0,0.4388244019831521,0.8678066467154133,1.0,,participant,0.02594630490465799,0.0013064623111858978,0.047879011277109355,0.6736,audit,0.8678066467154133,0.6818678409512551,9.020562075079397e-17,0.03764786443445011,-0.08373298796839238
260,EPPVR,arousal,subject,all,linear_logistic,20261007,0.25,,0.1267317013379473,72.0,0.4047619047619047,0.0466983269486497,0.0840844217856369,0.0981007474814659,0.0426472795523104,0.0397074454091647,1.0,0.3120158140721702,0.2691804788200505,0.2621460460857777,0.3074221780599246,0.299091779325676,0.3097028152928913,,0.0239778009676501,0.0069490560667867,0,,,0.5425007115074472,0.573427568541884,0.0309268570344368,0.2501752436190972,0.1447990744301156,0.3120158198954197,1.0,,participant,0.006949056066786752,-0.014809984713792801,0.03180647734552619,0.1326,heldout,0.3120158198954197,0.2453483838024213,5.204170427930421e-17,0.019477838378687586,0.037158042430550764
261,EPPVR,arousal,subject,all,linear_logistic,20261007,0.5,,0.1448008747245243,72.0,0.4047619047619047,0.0466983269486497,0.0840844217856369,0.1956501279360912,0.0607164529388874,0.0791917184503226,1.0,0.5363504520657069,0.4844016592278196,0.3974257962925569,0.4041365224983929,0.4516786920568573,0.527374375934378,,0.0239778009676501,0.0127359833032918,0,,,0.5425007115074472,0.5792144957783891,0.0367137842709419,0.4987929639731595,0.2423484548847409,0.5363504447375529,1.0,,participant,0.012735983303291842,-0.007206496782600879,0.032692636456340546,0.2426,heldout,0.5363504447375528,0.3863283611421633,4.163336342344337e-17,0.06563148198689792,0.1384221969473809
262,EPPVR,arousal,subject,all,linear_logistic,20261007,0.75,,0.1434855424624979,72.0,0.4047619047619047,0.0466983269486497,0.0840844217856369,0.296090237558494,0.059401120676861,0.1198460485355809,1.0,0.6905309902360971,0.6444039773486533,0.5043049011092656,0.4856890020039956,0.5467539925530052,0.6773724159064131,,0.0239778009676501,0.0039370078740156,0,,,0.5425007115074472,0.570415520349113,0.0279148088416658,0.7549516794676248,0.3427885645071438,0.6905309870549949,1.0,,participant,0.003937007874015741,-0.019737261440604927,0.02708336622454226,0.088,heldout,0.6905309870549948,0.5002096749259938,1.4137996329210978e-16,0.1931267742588729,0.22662332519357703
263,EPPVR,arousal,subject,all,linear_logistic,20261007,1.0,,0.1413476969115891,72.0,0.4047619047619047,0.0466983269486497,0.0840844217856369,0.3921260750345023,0.0572632751259522,0.1587176970377747,1.0,0.8048939512201279,0.7701387610231042,0.6041155200317219,0.6434423853605596,0.5485656321976708,0.7915011006791819,,0.0239778009676501,0.0097239351105207,0,,,0.5425007115074472,0.576202447585618,0.0337017360781708,1.0,0.4388244019831521,0.8048939464918715,1.0,,participant,0.00972393511052072,-0.015313862008042634,0.033144362270832,0.1964,heldout,0.8048939464918713,0.6069577245487652,2.0816681711721685e-17,0.20170723773059257,0.27945658570984466
264,EPPVR,valence,subject,all,gpu_mlp,20261007,0.25,,-0.0137867340417545,72.0,0.4047619047619047,0.0119415593803749,0.0185096153846153,0.0812795847493797,-0.0322963494263698,0.0328988795414155,4.0,0.0687244326307196,0.056544415548279,0.1109305174125104,0.1179584037770329,0.086846114458498,0.0720854604201634,,0.0,0.0019841269841269,0,,,0.4910714285714286,0.4930555555555556,0.0019841269841269,0.250567077687681,0.0932211441297546,0.0687244335925418,0.0,,participant,0.001984126984126977,-0.03406276749446988,0.032662250101566315,0.139,audit,0.0687244335925418,0.0827953281076392,7.719519468096792e-17,0.0017796900913611365,-0.0021320185838359434
265,EPPVR,valence,subject,all,gpu_mlp,20261007,0.5,,-0.0040151147257333,72.0,0.4047619047619047,0.0119415593803749,0.0185096153846153,0.1621595531022067,-0.0225247301103486,0.0656360095889884,4.0,0.1289329121391561,0.1073117563911106,0.1649869150656113,0.168801129383559,0.1409495435597147,0.1398774743326508,,0.0,0.0069444444444444,0,,,0.4910714285714286,0.498015873015873,0.0069444444444444,0.5001631979146637,0.1741011124825816,0.1289329140603045,0.0,,participant,0.00694444444444442,-0.02240149937570095,0.0347222238779068,0.1736,audit,0.1289329140603045,0.1285579899991853,1.9949319973733282e-17,-3.36340985693474e-05,9.653953545123509e-05
266,EPPVR,valence,subject,all,gpu_mlp,20261007,0.75,,-0.0025074311061074,72.0,0.4047619047619047,0.0119415593803749,0.0185096153846153,0.2418415872813443,-0.0210170464907227,0.0978882615186393,4.0,0.205884464022343,0.1739358011667964,0.2224119712208737,0.2143054344992776,0.205350492124185,0.2252709455082291,,0.0,0.0238095238095237,1,,,0.4910714285714286,0.5148809523809523,0.0238095238095237,0.7465944098967106,0.2537831466617192,0.2058844596673046,1.0,,participant,0.023809523809523725,-0.01501221843063831,0.060763418953865736,0.592,audit,0.2058844596673046,0.179725180582505,2.42861286636753e-17,-0.020885316239318802,-0.0422312879725153
267,EPPVR,valence,subject,all,gpu_mlp,20261007,1.0,,-0.0202106459298457,72.0,0.4047619047619047,0.0119415593803749,0.0185096153846153,0.3242315877365885,-0.038720261314461,0.1312365950362382,4.0,0.2559011335451683,0.2183248542206149,0.2561630371017332,0.2084513332166709,0.2327505051203504,0.2871657789717935,,0.0,-0.0029761904761904,0,,,0.4910714285714286,0.4880952380952381,-0.0029761904761904,1.0,0.3361731471169634,0.2559011432910545,1.0,,participant,-0.0029761904761904656,-0.041603140719234946,0.029863246530294388,0.092,audit,0.2559011432910545,0.2110136984803904,6.548581121812447e-17,0.012699324346133505,0.020958614191295695
268,EPPVR,valence,subject,all,linear_logistic,20261007,0.25,,-0.0137867340417545,72.0,0.4047619047619047,0.0119415593803749,0.0185096153846153,0.0812795847493797,-0.0322963494263698,0.0328988795414155,1.0,0.0443200257061764,0.0362966217213314,0.072725005044906,0.0775261880352427,0.0563963010003256,0.0470037534220773,,0.0049603174603174,-0.0158730158730158,0,,,0.4851190476190476,0.4742063492063492,-0.0109126984126984,0.250567077687681,0.0932211441297546,0.044320026342705,0.0,,participant,-0.015873015873015928,-0.05080399289727211,0.018117647618055344,0.0184,heldout,0.044320026342705,0.0610662254739892,1.2836953722228372e-16,-0.0011485590305907634,-0.0017648191586220217
269,EPPVR,valence,subject,all,linear_logistic,20261007,0.5,,-0.0040151147257333,72.0,0.4047619047619047,0.0119415593803749,0.0185096153846153,0.1621595531022067,-0.0225247301103486,0.0656360095889884,1.0,0.0851019395109154,0.0702382567219111,0.1104773182635014,0.1131778638099657,0.0934718540992274,0.0935412366617333,,0.0049603174603174,0.0099206349206349,0,,,0.4851190476190476,0.5,0.0148809523809523,0.5001631979146637,0.1741011124825816,0.0851019408427726,0.0,,participant,0.009920634920634885,-0.024307444458827376,0.04367444179952143,0.2758,heldout,0.0851019408427726,0.0960768253611595,1.3877787807814457e-17,0.00406533026407023,-0.001988416036271972
270,EPPVR,valence,subject,all,linear_logistic,20261007,0.75,,-0.0025074311061074,72.0,0.4047619047619047,0.0119415593803749,0.0185096153846153,0.2418415872813443,-0.0210170464907227,0.0978882615186393,1.0,0.140101182015382,0.1168584361394037,0.1523924008152336,0.1463273094738434,0.1397078068052016,0.153999490877223,,0.0049603174603174,0.0109126984126983,0,,,0.4851190476190476,0.5009920634920635,0.0158730158730158,0.7465944098967106,0.2537831466617192,0.1401011788063513,0.0,,participant,0.010912698412698374,-0.026097266003489494,0.04815294090658426,0.3162,heldout,0.1401011788063513,0.1363388089672745,7.45931094670027e-17,-0.001339253213917927,0.0010400694723142548
271,EPPVR,valence,subject,all,linear_logistic,20261007,1.0,,-0.0202106459298457,72.0,0.4047619047619047,0.0119415593803749,0.0185096153846153,0.3242315877365885,-0.038720261314461,0.1312365950362382,1.0,0.1777131199770511,0.1493140570172219,0.17794960434703,0.1419945472013914,0.1601138822319706,0.1982081846947606,,0.0049603174603174,-0.0079365079365078,0,,,0.4851190476190476,0.4821428571428572,-0.0029761904761904,1.0,0.3361731471169634,0.1777131274563577,0.0,,participant,-0.007936507936507908,-0.04465480335056782,0.028454670589417207,0.0676,heldout,0.1777131274563577,0.1615618319768622,1.0755285551056204e-16,0.003296074969771995,0.005479730118599785
272,EPPVR,arousal,subject,baseline_delta,gpu_mlp,20261007,0.25,,0.1267317013379473,72.0,0.3642857142857144,0.0466983269486497,0.0840844217856369,0.0981007474814659,0.0426472795523104,0.0357367008682483,4.0,0.3975495933853925,0.3489272051213866,0.3325885977662304,0.3639248570888558,0.3830552705881898,0.3931146138596517,,0.0116924390475287,-0.0089175600037947,0,,,0.5463191348069443,0.5490940138506784,0.002774879043734,0.2501752436190972,0.1447990744301156,0.3975496014186376,1.0,,participant,-0.008917560003794622,-0.027654944313690064,0.008971335645765063,0.0012,audit,0.3975496014186376,0.2975655005535255,7.806255641895632e-17,0.0692604966263712,0.06950045846844745
273,EPPVR,arousal,subject,baseline_delta,gpu_mlp,20261007,0.5,,0.1448008747245243,72.0,0.3642857142857144,0.0466983269486497,0.0840844217856369,0.1956501279360912,0.0607164529388874,0.0712725466052904,4.0,0.62085252606824,0.570795112002977,0.4750245377183473,0.4666512177879195,0.5383294432030103,0.6060325397435395,,0.0116924390475287,-0.0036998387249786,0,,,0.5463191348069443,0.5543117351294944,0.0079926003225501,0.4987929639731595,0.2423484548847409,0.6208525169792093,1.0,,participant,-0.003699838724978588,-0.03365061581134796,0.025051107723265874,0.0518,audit,0.6208525169792093,0.4458304656344345,1.214306433183765e-17,0.16856075923228406,0.1866930437516027
274,EPPVR,arousal,subject,baseline_delta,gpu_mlp,20261007,0.75,,0.1434855424624979,72.0,0.3642857142857144,0.0466983269486497,0.0840844217856369,0.296090237558494,0.059401120676861,0.1078614436820228,4.0,0.7543187765178193,0.7137582962109512,0.577045274491054,0.5353401027613145,0.6240422321988425,0.7346948759139016,,0.0116924390475287,0.0330139455459633,1,,,0.5463191348069443,0.5910255194004363,0.044706384593492,0.7549516794676248,0.3427885645071438,0.7543187751931087,1.0,,participant,0.033013945545963375,0.00444444454042241,0.06121310722082853,0.8024,audit,0.7543187751931086,0.5562816771129095,7.632783294297951e-17,-0.058262424681823285,-0.13652668584311797
275,EPPVR,arousal,subject,baseline_delta,gpu_mlp,20261007,1.0,,0.1413476969115891,72.0,0.3642857142857144,0.0466983269486497,0.0840844217856369,0.3921260750345023,0.0572632751259522,0.1428459273339973,4.0,0.8467395971300798,0.8177507549228202,0.6669218214841452,0.660995453385998,0.645101441218147,0.8288198759377213,,0.0116924390475287,0.0288397685229104,1,,,0.5463191348069443,0.5868513423773836,0.0405322075704392,1.0,0.4388244019831521,0.8467395918190664,1.0,,participant,0.02883976852291059,-0.004120200697798281,0.058442665822803955,0.6912,audit,0.8467395918190664,0.6549050241031377,1.9081958235744878e-16,0.022875239347887967,-0.09560178967346963
276,EPPVR,arousal,subject,baseline_delta,linear_logistic,20261007,0.25,,0.1267317013379473,72.0,0.3642857142857144,0.0466983269486497,0.0840844217856369,0.0981007474814659,0.0426472795523104,0.0357367008682483,1.0,0.2931318406619743,0.251939633250025,0.2385230574317174,0.2644618640155431,0.2806708955034994,0.29010401741064,,0.038113082250261,-0.0178351200075894,0,,,0.5261597571387914,0.5464377193814629,0.0202779622426715,0.2501752436190972,0.1447990744301156,0.2931318476118946,1.0,,participant,-0.017835120007589467,-0.04844650626182556,0.01248183760326355,0.0044,heldout,0.2931318476118946,0.2338416331811328,6.591949208711867e-17,0.030722616788552815,0.03124437067554353
277,EPPVR,arousal,subject,baseline_delta,linear_logistic,20261007,0.5,,0.1448008747245243,72.0,0.3642857142857144,0.0466983269486497,0.0840844217856369,0.1956501279360912,0.0607164529388874,0.0712725466052904,1.0,0.5071575857970152,0.4552599556912141,0.3625580520823747,0.3547717516680194,0.4228909572695707,0.4982008038611577,,0.038113082250261,-0.0057869272365052,0,,,0.5261597571387914,0.5584859121525472,0.0323261550137558,0.4987929639731595,0.2423484548847409,0.5071575761460233,1.0,,participant,-0.005786927236505202,-0.038701921701431274,0.027418166818097216,0.0646,heldout,0.5071575761460233,0.3669418479092414,1.734723475976807e-18,0.10444661520706836,0.12256248729526056
278,EPPVR,arousal,subject,baseline_delta,linear_logistic,20261007,0.75,,0.1434855424624979,72.0,0.3642857142857144,0.0466983269486497,0.0840844217856369,0.296090237558494,0.059401120676861,0.1078614436820228,1.0,0.6586410578807741,0.6104422988246851,0.4616658864421748,0.4199595325588563,0.5105497327171333,0.644580680149056,,0.038113082250261,-0.0157480314960631,0,,,0.5261597571387914,0.5485248078929893,0.0223650507541979,0.7549516794676248,0.3427885645071438,0.6586410562736322,1.0,,participant,-0.015748031496063075,-0.047353049367666246,0.015245862235315115,0.01,heldout,0.658641056273632,0.4745863747425055,2.42861286636753e-17,0.20489472028738934,0.20857581391801186
279,EPPVR,arousal,subject,baseline_delta,linear_logistic,20261007,1.0,,0.1413476969115891,72.0,0.3642857142857144,0.0466983269486497,0.0840844217856369,0.3921260750345023,0.0572632751259522,0.1428459273339973,1.0,0.7763843072750237,0.7382023944998006,0.5572483612234533,0.5506252821524042,0.5332109159474776,0.7603971477261117,,0.038113082250261,-0.019922208519116,0,,,0.5261597571387914,0.5443506308699364,0.018190873731145,1.0,0.4388244019831521,0.7763843001698191,1.0,,participant,-0.01992220851911597,-0.047361313737928866,0.004893954144790767,0.0008,heldout,0.7763843001698191,0.5775791873763946,3.122502256758253e-17,0.2688567756793339,0.26917486385980344
280,EPPVR,valence,subject,baseline_delta,gpu_mlp,20261007,0.25,,-0.0137867340417545,72.0,0.3642857142857144,0.0119415593803749,0.0185096153846153,0.0812795847493797,-0.0322963494263698,0.029608991587274,4.0,0.0634937196391182,0.0521887887980243,0.0994450690673,0.1028979663669208,0.0803551449066721,0.0671366732536999,,-0.003968253968254,0.0386904761904762,1,,,0.4920634920634921,0.5267857142857143,0.0347222222222222,0.250567077687681,0.0932211441297546,0.0634937206483079,0.0,,participant,0.03869047619047622,0.003870644979178906,0.07327583711594342,0.8616,audit,0.0634937206483079,0.0783645403727636,2.0816681711721685e-17,0.023515847923112898,0.027632090822842348
281,EPPVR,valence,subject,baseline_delta,gpu_mlp,20261007,0.5,,-0.0040151147257333,72.0,0.3642857142857144,0.0119415593803749,0.0185096153846153,0.1621595531022067,-0.0225247301103486,0.0590724086300896,4.0,0.1173253057570766,0.0974329383026962,0.1465324148838615,0.1467125633218153,0.1284195935822787,0.1271025450898379,,-0.003968253968254,0.0307539682539683,1,,,0.4920634920634921,0.5188492063492064,0.0267857142857143,0.5001631979146637,0.1741011124825816,0.117325308167339,0.0,,participant,0.03075396825396831,0.0019556864543119447,0.06012180997058747,0.766,audit,0.117325308167339,0.120289771962197,1.0408340855860843e-17,0.0038371572315661906,0.005224526287559761
282,EPPVR,valence,subject,baseline_delta,gpu_mlp,20261007,0.75,,-0.0025074311061074,72.0,0.3642857142857144,0.0119415593803749,0.0185096153846153,0.2418415872813443,-0.0210170464907227,0.0880994353667754,4.0,0.1854319452007658,0.1560334502204438,0.1961995616611399,0.1881182871506655,0.1849386645815414,0.2017771222630705,,-0.003968253968254,0.0456349206349206,1,,,0.4920634920634921,0.5337301587301587,0.0416666666666666,0.7465944098967106,0.2537831466617192,0.1854319425651233,0.0,,participant,0.04563492063492064,0.010705509688705206,0.08312093317508697,0.9212,audit,0.1854319425651232,0.1665896834141119,4.163336342344337e-17,-0.028082095556362208,-0.03105163559856161
283,EPPVR,valence,subject,baseline_delta,gpu_mlp,20261007,1.0,,-0.0202106459298457,72.0,0.3642857142857144,0.0119415593803749,0.0185096153846153,0.3242315877365885,-0.038720261314461,0.1181129355326144,4.0,0.2278168786934604,0.1932932156447481,0.2238709914318657,0.1809274285046615,0.2185607388042291,0.2539699914453078,,-0.003968253968254,0.0496031746031745,1,,,0.4920634920634921,0.5376984126984127,0.0456349206349205,1.0,0.3361731471169634,0.2278168868044636,1.0,,participant,0.049603174603174593,0.014027728652581574,0.08717116210609673,0.948,audit,0.2278168868044636,0.1935651777269055,9.020562075079397e-17,-0.05050818452622097,-0.05407036227028705
284,EPPVR,valence,subject,baseline_delta,linear_logistic,20261007,0.25,,-0.0137867340417545,72.0,0.3642857142857144,0.0119415593803749,0.0185096153846153,0.0812795847493797,-0.0322963494263698,0.029608991587274,1.0,0.0408652595296522,0.0334453953785355,0.0649064676262121,0.0672344724710069,0.0520514546984074,0.0438556423692963,,0.0168650793650793,-0.0049603174603175,0,,,0.4672619047619047,0.4791666666666666,0.0119047619047618,0.250567077687681,0.0932211441297546,0.0408652601948721,0.0,,participant,-0.004960317460317443,-0.03212079266086221,0.021289053093641916,0.0322,heldout,0.0408652601948721,0.0577250857048592,5.724587470723463e-17,-0.0005764432659955727,-0.001662216028838742
285,EPPVR,valence,subject,baseline_delta,linear_logistic,20261007,0.5,,-0.0040151147257333,72.0,0.3642857142857144,0.0119415593803749,0.0185096153846153,0.1621595531022067,-0.0225247301103486,0.0590724086300896,1.0,0.0770911285483401,0.0635294379728376,0.0974086893633103,0.0975140039779835,0.0847461470527861,0.0846497246187519,,0.0168650793650793,-0.0009920634920635,0,,,0.4672619047619047,0.4831349206349206,0.0158730158730158,0.5001631979146637,0.1741011124825816,0.0770911302042442,0.0,,participant,-0.0009920634920634885,-0.03228013440966606,0.027677247440442414,0.0774,heldout,0.0770911302042442,0.0896826481094563,1.1492543028346347e-17,-0.00015076804403000015,-0.002099935015756833
286,EPPVR,valence,subject,baseline_delta,linear_logistic,20261007,0.75,,-0.0025074311061074,72.0,0.3642857142857144,0.0119415593803749,0.0185096153846153,0.2418415872813443,-0.0210170464907227,0.0880994353667754,1.0,0.1251536520317185,0.1040905190679173,0.1330204794708007,0.1271030051001786,0.1247961554031425,0.1366799534823688,,0.0168650793650793,0.0198412698412697,0,,,0.4672619047619047,0.503968253968254,0.0367063492063491,0.7465944098967106,0.2537831466617192,0.125153650121206,0.0,,participant,0.019841269841269882,-0.016342440620064735,0.05639744261279693,0.4926,heldout,0.125153650121206,0.1258876253346258,1.8041124150158794e-16,0.0005388543065313056,-0.00018425807372987602
287,EPPVR,valence,subject,baseline_delta,linear_logistic,20261007,1.0,,-0.0202106459298457,72.0,0.3642857142857144,0.0119415593803749,0.0185096153846153,0.3242315877365885,-0.038720261314461,0.1181129355326144,1.0,0.1564060697743852,0.1308700272516287,0.1534827569031234,0.1218942976075407,0.1494896396093334,0.1729878736350729,,0.0168650793650793,0.0188492063492063,0,,,0.4672619047619047,0.5029761904761905,0.0357142857142857,1.0,0.3361731471169634,0.156406075857912,0.0,,participant,0.018849206349206393,-0.016629447788000105,0.052037378121167405,0.4764,heldout,0.156406075857912,0.147438301239663,9.367506770274758e-17,-0.005819687763434334,0.00272480789283331
288,EPPVR,arousal,subject,normalized_asymmetry,gpu_mlp,20261007,0.25,,0.1267317013379473,12.0,0.2333333333333333,0.0466983269486497,0.0840844217856369,0.0981007474814659,0.0426472795523104,0.022890174412342,4.0,0.3306435357586365,0.2863151462871521,0.2489939892029036,0.3505085136779696,0.3537549114500594,0.3221880314649807,,-0.0107911962811877,0.0060240963855421,0,,,0.5540745659804572,0.5493074660848116,-0.0047670998956456,0.2501752436190972,0.1447990744301156,0.3306435421451664,1.0,,participant,0.0060240963855421326,-0.012003529747016727,0.023757003247737864,0.0622,audit,0.3306435421451662,0.2566823672763652,3.2959746043559335e-17,0.03423854413802465,0.04343931429170349
289,EPPVR,arousal,subject,normalized_asymmetry,gpu_mlp,20261007,0.5,,0.1448008747245243,12.0,0.2333333333333333,0.0466983269486497,0.0840844217856369,0.1956501279360912,0.0607164529388874,0.0456516965184212,4.0,0.5286070181503584,0.4766372162915963,0.3591501678247537,0.4374777986330298,0.4846597891647873,0.5135623426975868,,-0.0107911962811877,0.0147044872402996,0,,,0.5540745659804572,0.5579878569395693,0.003913290959112,0.4987929639731595,0.2423484548847409,0.5286070078893434,1.0,,participant,0.014704487240299824,-0.009434855775907636,0.03992331083863972,0.3196,audit,0.5286070078893431,0.3811372871365839,2.237793284010081e-16,0.03989709163872556,0.13415973714388926
290,EPPVR,arousal,subject,normalized_asymmetry,gpu_mlp,20261007,0.75,,0.1434855424624979,12.0,0.2333333333333333,0.0466983269486497,0.0840844217856369,0.296090237558494,0.059401120676861,0.0690877220969819,4.0,0.6573488598316689,0.6090759343947953,0.4397639274388791,0.4927195060608766,0.5498535340874148,0.6339181542137435,,-0.0107911962811877,0.0188786642633525,0,,,0.5540745659804572,0.5621620339626221,0.0080874679821648,0.7549516794676248,0.3427885645071438,0.657348852552409,1.0,,participant,0.018878664263352607,-0.006814530096016824,0.04481323398649693,0.4444,audit,0.6573488525524088,0.4735760223092118,1.0755285551056204e-16,0.044495973525599926,0.20783326504575342
291,EPPVR,arousal,subject,normalized_asymmetry,gpu_mlp,20261007,1.0,,0.1413476969115891,12.0,0.2333333333333333,0.0466983269486497,0.0840844217856369,0.3921260750345023,0.0572632751259522,0.0914960841747172,4.0,0.7597542924905484,0.7197577894123829,0.5177539094810055,0.6096931337798044,0.5881309067051411,0.7323204996462159,,-0.0107911962811877,0.0327767763969262,1,,,0.5540745659804572,0.5760601460961958,0.0219855801157385,1.0,0.4388244019831521,0.7597542843142576,1.0,,participant,0.03277677639692633,-0.00027319586952216917,0.06860653329640619,0.7544,audit,0.7597542843142575,0.561423283387373,1.3183898417423734e-16,-0.037211344794072225,-0.1346315324493579
292,EPPVR,arousal,subject,normalized_asymmetry,linear_logistic,20261007,0.25,,0.1267317013379473,12.0,0.2333333333333333,0.0466983269486497,0.0840844217856369,0.0981007474814659,0.0426472795523104,0.022890174412342,1.0,0.2368889823642181,0.201348988816525,0.1724619518399893,0.2532523731043395,0.2559529703215933,0.2319941661182945,,-0.0086803908547576,0.0196850393700786,0,,,0.5362394459728679,0.547244094488189,0.0110046485153211,0.2501752436190972,0.1447990744301156,0.236888987580728,1.0,,participant,0.019685039370078816,-0.0006218436174094676,0.04033198999240993,0.4756,heldout,0.2368889875807279,0.1992304417185375,2.1510571102112408e-16,-0.01939718529445683,0.016423623529658697
293,EPPVR,arousal,subject,normalized_asymmetry,linear_logistic,20261007,0.5,,0.1448008747245243,12.0,0.2333333333333333,0.0466983269486497,0.0840844217856369,0.1956501279360912,0.0607164529388874,0.0456516965184212,1.0,0.4133865781363263,0.363997552517556,0.2605044913726367,0.3282874989158988,0.3714698859749649,0.4051429348442938,,-0.0086803908547576,0.0206099990513233,1,,,0.5362394459728679,0.5481690541694336,0.0119296081965657,0.4987929639731595,0.2423484548847409,0.4133865681505312,1.0,,participant,0.020609999051323435,-0.00397843609098345,0.04495466519147154,0.513,heldout,0.413386568150531,0.3073471985386755,1.3530843112619095e-16,-0.03237023894406216,-0.13565258494600935
294,EPPVR,arousal,subject,normalized_asymmetry,linear_logistic,20261007,0.75,,0.1434855424624979,12.0,0.2333333333333333,0.0466983269486497,0.0840844217856369,0.296090237558494,0.059401120676861,0.0690877220969819,1.0,0.5466058120429461,0.4947235902894092,0.3303917557322127,0.3790317289978192,0.4342683710961001,0.530215601054263,,-0.0086803908547576,0.0048619675552603,0,,,0.5362394459728679,0.5324210226733707,-0.0038184232994972,0.7549516794676248,0.3427885645071438,0.5466058040337429,1.0,,participant,0.004861967555260471,-0.014344338816590608,0.023117635119706388,0.0522,heldout,0.5466058040337426,0.3932618886347618,1.717376241217039e-16,0.12811388718314082,0.1441229919507944
295,EPPVR,arousal,subject,normalized_asymmetry,linear_logistic,20261007,1.0,,0.1413476969115891,12.0,0.2333333333333333,0.0466983269486497,0.0840844217856369,0.3921260750345023,0.0572632751259522,0.0914960841747172,1.0,0.6652539954573138,0.617446627236455,0.4029356469176143,0.495371750000453,0.4729534153952894,0.6408618475410747,,-0.0086803908547576,0.0345081111848969,1,,,0.5362394459728679,0.5620671663030072,0.0258277203301393,1.0,0.4388244019831521,0.6652539854819114,1.0,,participant,0.03450811118489705,0.011704512871801853,0.05951048927381634,0.8778,heldout,0.6652539854819113,0.4797893646329674,1.5265566588595902e-16,-0.1132366575777454,-0.15856421091322728
296,EPPVR,valence,subject,normalized_asymmetry,gpu_mlp,20261007,0.25,,-0.0137867340417545,12.0,0.2333333333333333,0.0119415593803749,0.0185096153846153,0.0812795847493797,-0.0322963494263698,0.0189652364415219,4.0,0.0490111635629603,0.0401742068435864,0.0692320342461696,0.0977769821144992,0.0725505618339155,0.0518796338035011,,-0.0267857142857142,0.0029761904761905,0,,,0.5138888888888888,0.4900793650793651,-0.0238095238095237,0.250567077687681,0.0932211441297546,0.0490111639268726,0.0,,participant,0.002976190476190521,-0.03377531934529543,0.04067474585026502,0.185,audit,0.0490111639268726,0.0654786087878338,2.1250362580715887e-17,0.004207600579232236,-0.0018853540193234084
297,EPPVR,valence,subject,normalized_asymmetry,gpu_mlp,20261007,0.5,,-0.0040151147257333,12.0,0.2333333333333333,0.0119415593803749,0.0185096153846153,0.1621595531022067,-0.0225247301103486,0.0378372290571815,4.0,0.0857978756453315,0.0708220516544224,0.0982737607471811,0.131445590018799,0.1091512186082218,0.0911187661185779,,-0.0267857142857142,-0.0119047619047619,0,,,0.5138888888888888,0.4751984126984127,-0.0386904761904761,0.5001631979146637,0.1741011124825816,0.0857978770991362,0.0,,participant,-0.011904761904761918,-0.04741611387580633,0.023521077493205637,0.0372,audit,0.0857978770991361,0.0966240056713466,1.734723475976807e-17,-0.0011694587914854965,-0.001974922757257958
298,EPPVR,valence,subject,normalized_asymmetry,gpu_mlp,20261007,0.75,,-0.0025074311061074,12.0,0.2333333333333333,0.0119415593803749,0.0185096153846153,0.2418415872813443,-0.0210170464907227,0.0564297036989803,4.0,0.1300247267286833,0.1082432329047478,0.1275068147002491,0.1582894500990076,0.149262975879053,0.1367419171595807,,-0.0267857142857142,0.0049603174603175,0,,,0.5138888888888888,0.4920634920634921,-0.0218253968253967,0.7465944098967106,0.2537831466617192,0.1300247230656684,0.0,,participant,0.004960317460317498,-0.03585650576278567,0.045943451952189164,0.2356,audit,0.1300247230656683,0.1293257688970727,1.734723475976807e-18,-0.000148073096757571,0.00018127410748468298
299,EPPVR,valence,subject,normalized_asymmetry,gpu_mlp,20261007,1.0,,-0.0202106459298457,12.0,0.2333333333333333,0.0119415593803749,0.0185096153846153,0.3242315877365885,-0.038720261314461,0.0756540371385373,4.0,0.1523044601056354,0.1273369930429356,0.1398332439550527,0.1482230645071152,0.1670865219627962,0.1629302682296722,,-0.0267857142857142,0.0128968253968254,0,,,0.5138888888888888,0.5,-0.0138888888888888,1.0,0.3361731471169634,0.1523044678619757,0.0,,participant,0.012896825396825407,-0.023811605526134372,0.047162840235978346,0.3512,audit,0.1523044678619756,0.1446724557271623,6.938893903907228e-18,-0.003094193838901041,0.0022665314845918202
300,EPPVR,valence,subject,normalized_asymmetry,linear_logistic,20261007,0.25,,-0.0137867340417545,12.0,0.2333333333333333,0.0119415593803749,0.0185096153846153,0.0812795847493797,-0.0322963494263698,0.0189652364415219,1.0,0.0313712282919509,0.0256291234709746,0.0446663648879385,0.0637622230961084,0.0468558363616773,0.034020729369665,,0.0009920634920633,0.0019841269841271,0,,,0.5188492063492064,0.5218253968253969,0.0029761904761904,0.250567077687681,0.0932211441297546,0.0313712285292058,0.0,,participant,0.001984126984127088,-0.01811666488647461,0.021974922111257907,0.0388,heldout,0.0313712285292058,0.0480560548534589,1.1709383462843448e-17,-3.0487905884954203e-05,-0.0013252304286469952
301,EPPVR,valence,subject,normalized_asymmetry,linear_logistic,20261007,0.5,,-0.0040151147257333,12.0,0.2333333333333333,0.0119415593803749,0.0185096153846153,0.1621595531022067,-0.0225247301103486,0.0378372290571815,1.0,0.0556931779030463,0.0457093295496372,0.0641130083306748,0.0868455909523717,0.0714931258234194,0.0600042130700785,,0.0009920634920633,0.0029761904761904,0,,,0.5188492063492064,0.5228174603174602,0.0039682539682538,0.5001631979146637,0.1741011124825816,0.0556931788778169,0.0,,participant,0.0029761904761904656,-0.021212969766929747,0.0277777798473835,0.083,heldout,0.0556931788778169,0.0715487635619782,6.548581121812447e-17,0.0006145316638394271,-0.0020174953937313494
302,EPPVR,valence,subject,normalized_asymmetry,linear_logistic,20261007,0.75,,-0.0025074311061074,12.0,0.2333333333333333,0.0119415593803749,0.0185096153846153,0.2418415872813443,-0.0210170464907227,0.0564297036989803,1.0,0.0858591746432588,0.070873480537806,0.0841325147253057,0.1056895544265344,0.0993086994062626,0.0906463244872409,,0.0009920634920633,0.0009920634920635,0,,,0.5188492063492064,0.5208333333333334,0.0019841269841269,0.7465944098967106,0.2537831466617192,0.0858591721016679,0.0,,participant,0.0009920634920635996,-0.028573120618239044,0.028327416907995933,0.0936,heldout,0.0858591721016679,0.0966721384848286,9.952975943416931e-17,5.048238168163175e-05,-0.0019737049252460523
303,EPPVR,valence,subject,normalized_asymmetry,linear_logistic,20261007,1.0,,-0.0202106459298457,12.0,0.2333333333333333,0.0119415593803749,0.0185096153846153,0.3242315877365885,-0.038720261314461,0.0756540371385373,1.0,0.1014536700032718,0.0839962397194368,0.0927113941544343,0.0985764913048865,0.1119521549695145,0.1078094303099605,,0.0009920634920633,-0.0119047619047617,0,,,0.5188492063492064,0.5079365079365079,-0.0109126984126984,1.0,0.3361731471169634,0.1014536754798914,0.0,,participant,-0.011904761904761862,-0.04169613141566515,0.01622151937335729,0.0128,heldout,0.1014536754798914,0.1086273627613933,1.6306400674181987e-16,-0.0013234092777097695,-0.0015070556721162188
304,EPPVR,arousal,subject,relative_power,gpu_mlp,20261007,0.25,,0.1267317013379473,24.0,0.1952380952380952,0.0466983269486497,0.0840844217856369,0.0981007474814659,0.0426472795523104,0.0191530030797147,4.0,0.3122716746100406,0.2694149657949204,0.2274922504030548,0.2645779058725077,0.3478237335082365,0.3035768490184127,,0.0167915757518262,0.0149416563893367,0,,,0.4334029029503842,0.4651361350915473,0.031733232141163,0.2501752436190972,0.1447990744301156,0.3122716822166774,1.0,,participant,0.014941656389336866,-0.008196793915703892,0.03679630775004625,0.3176,audit,0.3122716822166772,0.2455041244707166,1.6653345369377348e-16,-0.005169424297933852,0.037241328382300334
305,EPPVR,arousal,subject,relative_power,gpu_mlp,20261007,0.5,,0.1448008747245243,24.0,0.1952380952380952,0.0466983269486497,0.0840844217856369,0.1956501279360912,0.0607164529388874,0.038198358311332,4.0,0.5011026432596439,0.449259806582891,0.3277409498144047,0.341415784942466,0.4716995780609106,0.4861304537517625,,0.0167915757518262,0.0091547291528316,0,,,0.4334029029503842,0.4593492078550422,0.0259463049046579,0.4987929639731595,0.2423484548847409,0.5011026340990664,1.0,,participant,0.009154729152831775,-0.025679092574864625,0.045202530641108685,0.247,audit,0.5011026340990663,0.3629802181173504,1.7520707107365752e-16,0.0511167376615358,0.11934921115650349
306,EPPVR,arousal,subject,relative_power,gpu_mlp,20261007,0.75,,0.1434855424624979,24.0,0.1952380952380952,0.0466983269486497,0.0840844217856369,0.296090237558494,0.059401120676861,0.0578080939995155,4.0,0.6259061674294151,0.5760603682893906,0.4006091289348911,0.38514754106062,0.5303303699038585,0.6017007935835605,,0.0167915757518262,0.0279148088416658,1,,,0.4334029029503842,0.4781092875438762,0.044706384593492,0.7549516794676248,0.3427885645071438,0.6259061605655035,1.0,,participant,0.02791480884166586,-0.00378203671425581,0.05849687252193686,0.6726,audit,0.6259061605655033,0.4495865893129022,6.245004513516506e-17,-0.04755466670515759,-0.16300872196136082
307,EPPVR,arousal,subject,relative_power,gpu_mlp,20261007,1.0,,0.1413476969115891,24.0,0.1952380952380952,0.0466983269486497,0.0840844217856369,0.3921260750345023,0.0572632751259522,0.0765579479829266,4.0,0.7288959597043059,0.6858861016090365,0.4724619876612411,0.4956982373092836,0.5627029928032589,0.6990255935514647,,0.0167915757518262,-0.0009249596812447,0,,,0.4334029029503842,0.4492695190209657,0.0158666160705815,1.0,0.4388244019831521,0.7288959539123657,1.0,,participant,-0.0009249596812446748,-0.037516376189887526,0.03344422755762933,0.1136,audit,0.7288959539123656,0.5330519068869388,2.5261910618912253e-17,0.20264920870983874,0.2471449761940157
308,EPPVR,arousal,subject,relative_power,linear_logistic,20261007,0.25,,0.1267317013379473,24.0,0.1952380952380952,0.0466983269486497,0.0840844217856369,0.0981007474814659,0.0426472795523104,0.0191530030797147,1.0,0.22199875391335,0.1881419392400466,0.1561945766608738,0.1843957633298201,0.2510246242291166,0.2171331824272032,,0.005786927236505,0.0049805521297789,0,,,0.4716345697751636,0.4824020491414477,0.010767479366284,0.2501752436190972,0.1447990744301156,0.2219987600308503,1.0,,participant,0.004980552129778992,-0.018940615467727184,0.02976940297521649,0.12,heldout,0.2219987600308502,0.1899149247424772,9.194034422677078e-17,0.0055156503460847125,0.01321577081529423
309,EPPVR,arousal,subject,relative_power,linear_logistic,20261007,0.5,,0.1448008747245243,24.0,0.1952380952380952,0.0466983269486497,0.0840844217856369,0.1956501279360912,0.0607164529388874,0.038198358311332,1.0,0.3869560632001337,0.3389004876359704,0.2345646000790627,0.245728078158949,0.3594254230259335,0.3788954105450264,,0.005786927236505,0.0077554311735129,0,,,0.4716345697751636,0.4851769281851816,0.0135423584100179,0.4987929639731595,0.2423484548847409,0.3869560545077635,1.0,,participant,0.007755431173512961,-0.019726289575919508,0.03776484942063689,0.1868,heldout,0.3869560545077634,0.2910521777581957,6.071532165918825e-17,0.029193929588788314,0.06502361794242681
310,EPPVR,arousal,subject,relative_power,linear_logistic,20261007,0.75,,0.1434855424624979,24.0,0.1952380952380952,0.0466983269486497,0.0840844217856369,0.296090237558494,0.059401120676861,0.0578080939995155,1.0,0.5125368164166971,0.4606031760896618,0.2958328293442692,0.282459972298641,0.4150650438515126,0.4959370165855111,,0.005786927236505,0.0149416563893369,0,,,0.4716345697751636,0.4923631534010055,0.0207285836258419,0.7549516794676248,0.3427885645071438,0.5125368090926895,1.0,,participant,0.014941656389336866,-0.020080509642139078,0.04942554077133534,0.3798,heldout,0.5125368090926894,0.3704776628205125,3.469446951953614e-17,0.017532154517621006,0.1254402820259666
311,EPPVR,arousal,subject,relative_power,linear_logistic,20261007,1.0,,0.1413476969115891,24.0,0.1952380952380952,0.0466983269486497,0.0840844217856369,0.3921260750345023,0.0572632751259522,0.0765579479829266,1.0,0.6281976176415351,0.5784515058761789,0.3601859472156765,0.3818405055449111,0.4470995468322059,0.6023613683084893,,0.005786927236505,0.0028934636182525,0,,,0.4716345697751636,0.4803149606299213,0.0086803908547576,1.0,0.4388244019831521,0.6281976107956283,1.0,,participant,0.002893463618252601,-0.024181521404534577,0.03119415631517767,0.1148,heldout,0.6281976107956282,0.4512983258966571,1.0061396160665481e-16,0.15034598343940647,0.19096205925221027
312,EPPVR,valence,subject,relative_power,gpu_mlp,20261007,0.25,,-0.0137867340417545,24.0,0.1952380952380952,0.0119415593803749,0.0185096153846153,0.0812795847493797,-0.0322963494263698,0.0158688713082122,4.0,0.0454237318531676,0.0372082982908091,0.0621816488923127,0.0687124544146232,0.0711119200761728,0.0478509428752922,,0.0089285714285714,0.0089285714285714,0,,,0.4880952380952381,0.5059523809523809,0.0178571428571428,0.250567077687681,0.0932211441297546,0.045423732390046,0.0,,participant,0.008928571428571397,-0.017056449269875883,0.03334725145250557,0.1896,audit,0.045423732390046,0.0621166532444775,3.469446951953614e-18,0.004534792441948286,-0.0017951631460521437
313,EPPVR,valence,subject,relative_power,gpu_mlp,20261007,0.5,,-0.0040151147257333,24.0,0.1952380952380952,0.0119415593803749,0.0185096153846153,0.1621595531022067,-0.0225247301103486,0.0316597222723355,4.0,0.0781819757360651,0.0644417842876163,0.0871635832650113,0.0899943118546166,0.1050349222496236,0.0822675588288492,,0.0089285714285714,0.0029761904761905,0,,,0.4880952380952381,0.5,0.0119047619047619,0.5001631979146637,0.1741011124825816,0.0781819772883963,0.0,,participant,0.0029761904761904656,-0.03224500231444836,0.037770453840494156,0.1622,audit,0.0781819772883962,0.0905641930359947,3.426078865054194e-17,0.0019273393009833417,-0.002089451487537611
314,EPPVR,valence,subject,relative_power,gpu_mlp,20261007,0.75,,-0.0025074311061074,24.0,0.1952380952380952,0.0119415593803749,0.0185096153846153,0.2418415872813443,-0.0210170464907227,0.0472166908501672,4.0,0.1167940776734565,0.0969818814333128,0.1118073242383894,0.1131041444977213,0.1412921118999005,0.1212071595365004,,0.0089285714285714,-0.0099206349206348,0,,,0.4880952380952381,0.4871031746031746,-0.0009920634920634,0.7465944098967106,0.2537831466617192,0.1167940752484525,0.0,,participant,-0.009920634920634885,-0.0446428582072258,0.02529305270873009,0.0494,audit,0.1167940752484525,0.1199064688340027,8.500145032286355e-17,-0.0004292007688461155,-0.000736705255098476
315,EPPVR,valence,subject,relative_power,gpu_mlp,20261007,1.0,,-0.0202106459298457,24.0,0.1952380952380952,0.0119415593803749,0.0185096153846153,0.3242315877365885,-0.038720261314461,0.0633023576057149,4.0,0.1345959258761249,0.1121473855985682,0.120947211216255,0.1020801449974876,0.1554476778739074,0.1416845057285632,,0.0089285714285714,-0.007936507936508,0,,,0.4880952380952381,0.4890873015873015,0.0009920634920634,1.0,0.3361731471169634,0.1345959334983709,0.0,,participant,-0.007936507936507964,-0.04067486878484487,0.02867868002504109,0.0582,audit,0.1345959334983709,0.132523157910534,3.642919299551295e-17,0.0003124068532933339,0.0005536779317175493
316,EPPVR,valence,subject,relative_power,linear_logistic,20261007,0.25,,-0.0137867340417545,24.0,0.1952380952380952,0.0119415593803749,0.0185096153846153,0.0812795847493797,-0.0322963494263698,0.0158688713082122,1.0,0.0290355509461325,0.023710496788473,0.0400101363056014,0.044312098625515,0.0459014913595812,0.0313841162992966,,0.0039682539682539,0.0138888888888888,0,,,0.5059523809523809,0.5238095238095237,0.0178571428571427,0.250567077687681,0.0932211441297546,0.0290355512952052,0.0,,participant,0.01388888888888884,-0.010886729671619832,0.040205151308327906,0.307,heldout,0.0290355512952052,0.0455450517654759,3.9898639947466563e-17,0.008905544787442835,-0.0012312885013033871
317,EPPVR,valence,subject,relative_power,linear_logistic,20261007,0.5,,-0.0040151147257333,24.0,0.1952380952380952,0.0119415593803749,0.0185096153846153,0.1621595531022067,-0.0225247301103486,0.0316597222723355,1.0,0.0506016282935661,0.0414904136358612,0.0566223115163286,0.0585114118637503,0.0686874875292104,0.054025152269707,,0.0039682539682539,0.0039682539682539,0,,,0.5059523809523809,0.5138888888888888,0.0079365079365079,0.5001631979146637,0.1741011124825816,0.0506016293283401,0.0,,participant,0.003968253968253954,-0.02325248774141073,0.03003486981615424,0.1102,heldout,0.0506016293283401,0.0669450162420812,5.377642775528102e-17,0.0016809721668187515,-0.0019211103089697861
318,EPPVR,valence,subject,relative_power,linear_logistic,20261007,0.75,,-0.0025074311061074,24.0,0.1952380952380952,0.0119415593803749,0.0185096153846153,0.2418415872813443,-0.0210170464907227,0.0472166908501672,1.0,0.0767262383009121,0.0632243397706036,0.0733247367739807,0.0741958446660918,0.0937116188674714,0.080010050477569,,0.0039682539682539,-0.0089285714285713,0,,,0.5059523809523809,0.5009920634920635,-0.0049603174603174,0.7465944098967106,0.2537831466617192,0.0767262366355677,0.0,,participant,-0.008928571428571397,-0.0459505376406014,0.025847835885360833,0.053,heldout,0.0767262366355677,0.0893869645895576,9.71445146547012e-17,-0.0007610768871547637,-0.002103114050277693
319,EPPVR,valence,subject,relative_power,linear_logistic,20261007,1.0,,-0.0202106459298457,24.0,0.1952380952380952,0.0119415593803749,0.0185096153846153,0.3242315877365885,-0.038720261314461,0.0633023576057149,1.0,0.0890365820485011,0.0735409236346538,0.0796007289547025,0.0666790325223466,0.1036757934213507,0.0932886202646581,,0.0039682539682539,0.0039682539682539,0,,,0.5059523809523809,0.5138888888888888,0.0079365079365079,1.0,0.3361731471169634,0.089036587356142,0.0,,participant,0.003968253968253954,-0.03338402230292559,0.041201073490083055,0.1924,heldout,0.089036587356142,0.0991541530504963,5.377642775528102e-17,0.001989207100054194,-0.0019040321791333366
0,SEED-IV,arousal,subject,all,gpu_mlp,20260813,0.25,0.0226948952988833,0.0,90.0,0.6425925925925928,0.0002082229302624,0.0,0.0224866723686209,0.0,0.0144497690961323,4.0,0.0839650383269617,0.2703347430145718,0.1758298413862788,0.5070413815890753,0.0871796812626051,0.0839650383269617,0.0092592592592591,0.0129629629629629,-0.0037037037037038,0,,,,,,,,,,0.0772202673118535,participant_x_stimulus,-0.0037037037037037646,-0.04573520431295037,0.0388925452716648,0.1342,audit,0.0839650390772256,0.0839650390772256,3.5561831257524545e-17,0.0,0.0
1,SEED-IV,arousal,subject,all,gpu_mlp,20260813,0.5,0.0447507992189669,0.0,90.0,0.6425925925925928,0.0002082229302624,0.0,0.0445425762887045,0.0,0.0286227295781119,4.0,0.0993575560605894,0.3083906006176451,0.2711898298219427,0.5818847090731202,0.1030951852059114,0.0993575560605894,0.0166666666666666,0.0129629629629629,0.0037037037037037,0,,,,,,,,,,0.0798786592524792,participant_x_stimulus,0.0037037037037036535,-0.04201696971431374,0.05294340522959825,0.2458,audit,0.0993575568442583,0.0993575568442583,4.640385298237959e-17,0.0,0.0
2,SEED-IV,arousal,subject,all,gpu_mlp,20260813,0.75,0.0657873402060972,0.0,90.0,0.6425925925925928,0.0002082229302624,0.0,0.0655791172758347,0.0,0.0421406549902123,4.0,0.1163276783449659,0.347296026588674,0.3874515278068483,0.6416691289855566,0.120618193975025,0.1163276783449659,0.0055555555555555,0.0129629629629629,-0.0074074074074074,0,,,,,,,,,,0.0824917949809893,participant_x_stimulus,-0.007407407407407418,-0.05982905998826027,0.03888889029622078,0.1344,audit,0.1163276787250326,0.1163276787250326,1.8214596497756474e-17,0.0,0.0
3,SEED-IV,arousal,subject,all,gpu_mlp,20260813,1.0,0.0905416688270916,0.0,90.0,0.6425925925925928,0.0002082229302624,0.0,0.0903334458968291,0.0,0.0580476031966661,4.0,0.1394653530258303,0.3957970585771774,0.541475709353652,0.7697437901770536,0.1444697373923131,0.1394653530258303,0.0092592592592591,0.0129629629629629,-0.0037037037037038,0,,,,,,,,,,0.0856662311567863,participant_x_stimulus,-0.0037037037037037646,-0.05625000223517418,0.05052924146875739,0.1898,audit,0.1394653532433273,0.1394653532433273,3.5561831257524545e-17,0.0,0.0
4,SEED-IV,arousal,subject,all,gpu_mlp,20260829,0.25,0.0228346634361539,0.0,90.0,0.6416666666666667,0.000225379803272,0.0,0.0226092836328819,0.0,0.0145076236644325,4.0,0.0839242423165838,0.2702301066617258,0.1761605363719971,0.5086992268734921,0.0871374719315299,0.0839242423165838,0.0351851851851852,0.0148148148148148,0.0203703703703704,1,,,,,,,,,,0.0451614015989448,participant_x_stimulus,0.020370370370370372,-0.030371183576062322,0.07500470206141464,0.51,heldout,0.0839242421421893,0.0839242421421893,2.7755575615628914e-17,0.0,0.0
5,SEED-IV,arousal,subject,all,gpu_mlp,20260829,0.5,0.0455070041221178,0.0,90.0,0.6416666666666667,0.000225379803272,0.0,0.0452816243188457,0.0,0.029055708937926,4.0,0.0997610819859697,0.3093514828218988,0.2745874626889424,0.5840338249532353,0.1035121463164416,0.0997610819859697,0.05,0.0148148148148148,0.0351851851851852,1,,,,,,,,,,0.0442563316892425,participant_x_stimulus,0.03518518518518521,-0.029245280008763076,0.10065430663526057,0.6872,heldout,0.099761082513539,0.099761082513539,6.938893903907228e-18,0.0,0.0
6,SEED-IV,arousal,subject,all,gpu_mlp,20260829,0.75,0.068227542958067,0.0,90.0,0.6416666666666667,0.000225379803272,0.0,0.068002163154795,0.0,0.0436347213576601,4.0,0.1182429695551664,0.351501466527742,0.4015172272689871,0.669227991776044,0.1225943265792996,0.1182429695551664,0.0185185185185184,0.0148148148148148,0.0037037037037035,0,,,,,,,,,,0.0433667071833567,participant_x_stimulus,0.0037037037037036535,-0.042967946734279394,0.05247496562078594,0.2458,heldout,0.1182429697094172,0.1182429697094172,1.5352302762394743e-16,0.0,0.0
7,SEED-IV,arousal,subject,all,gpu_mlp,20260829,1.0,0.0909547866519596,0.0,90.0,0.6416666666666667,0.000225379803272,0.0,0.0907294068486875,0.0,0.0582180360612412,4.0,0.1396245748416774,0.3961142117704839,0.5432280573523866,0.8068202062558342,0.1446337122481643,0.1396245748416774,0.0185185185185184,0.0148148148148148,0.0037037037037035,0,,,,,,,,,,0.0424939154988625,participant_x_stimulus,0.0037037037037036535,-0.04884949391707778,0.061430383007973405,0.2586,heldout,0.1396245749761779,0.1396245749761779,1.5352302762394743e-16,0.0,0.0
8,SEED-IV,arousal,subject,all,gpu_mlp,20260911,0.25,0.0222788209198685,0.0,90.0,0.6481481481481483,0.0002531766583008,0.0,0.0220256442615677,0.0,0.0142758805399049,4.0,0.0843865350476709,0.271414594013761,0.1748373972023257,0.5022408687305492,0.0876157717215345,0.0843865350476709,0.0092592592592593,0.0037037037037037,0.0055555555555556,0,,,,,,,,,,0.0763527158293399,participant_x_stimulus,0.005555555555555536,-0.045458706095814705,0.05516973631456494,0.2866,audit,0.0843865360197662,0.0843865360197662,6.418476861114186e-17,0.0,0.0
9,SEED-IV,arousal,subject,all,gpu_mlp,20260911,0.5,0.0438639166290289,0.0,90.0,0.6481481481481483,0.0002531766583008,0.0,0.0436107399707281,0.0,0.0282662203513978,4.0,0.0995679103779726,0.3088917209921195,0.2682906623401616,0.5775821496230639,0.1033125449142522,0.0995679103779726,0.0018518518518519,0.0037037037037037,-0.0018518518518517,0,,,,,,,,,,0.0864324431648482,participant_x_stimulus,-0.0018518518518517713,-0.059238623920828105,0.0555555559694767,0.218,audit,0.0995679104640574,0.0995679104640574,7.134050294954619e-17,0.0,0.0
10,SEED-IV,arousal,subject,all,gpu_mlp,20260911,0.75,0.0660716192107824,0.0,90.0,0.6481481481481483,0.0002531766583008,0.0,0.0658184425524816,0.0,0.0426601016543862,4.0,0.1176754887978072,0.3502591983696683,0.3919596733806365,0.6484807930355234,0.1220088520891803,0.1176754887978072,0.0111111111111111,0.0037037037037037,0.0074074074074073,0,,,,,,,,,,0.0980458379072181,participant_x_stimulus,0.007407407407407418,-0.042966047395020725,0.057446352392434986,0.3114,audit,0.1176754888624094,0.1176754888624094,1.1796119636642288e-16,0.0,0.0
11,SEED-IV,arousal,subject,all,gpu_mlp,20260911,1.0,0.0885139431692821,0.0,90.0,0.6481481481481483,0.0002531766583008,0.0,0.0882607665109813,0.0,0.0572060523682286,4.0,0.1388058702426719,0.3944811131066098,0.5327303675300314,0.7353933988336802,0.143790544748329,0.1388058702426719,0.0166666666666667,0.0037037037037037,0.012962962962963,0,,,,,,,,,,0.1111748967383996,participant_x_stimulus,0.012962962962962954,-0.04085182445123792,0.07065862640738482,0.4002,audit,0.1388058698970343,0.1388058698970343,4.683753385137379e-17,0.0,0.0
12,SEED-IV,arousal,subject,all,gpu_mlp,20260923,0.25,0.0238882773956422,0.0,90.0,0.6250000000000001,0.000319641562699,0.0,0.0235686358329431,0.0,0.0147303973955895,4.0,0.0823882063064306,0.2662753294970276,0.1774723424636755,0.5230016243513167,0.08554811735922,0.0823882063064306,0.0277777777777779,0.0185185185185186,0.0092592592592593,0,,,,,,,,,,0.0452373465986574,participant_x_stimulus,0.0092592592592593,-0.050435976963490246,0.07118090335279699,0.3582,heldout,0.0823882073173645,0.0823882073173645,0.0,0.0,0.0
13,SEED-IV,arousal,subject,all,gpu_mlp,20260923,0.5,0.047568068113108,0.0,90.0,0.6250000000000001,0.000319641562699,0.0,0.047248426550409,0.0,0.0295302665940056,4.0,0.0984715538002648,0.3062744623025894,0.2788224666931487,0.6012489744418966,0.1021796346510315,0.0984715538002648,0.0425925925925927,0.0185185185185186,0.0240740740740741,1,,,,,,,,,,0.04437001560612,participant_x_stimulus,0.024074074074074137,-0.04730532523244619,0.09603291507810352,0.5532,heldout,0.098471553321449,0.098471553321449,3.8163916471489756e-17,0.0,0.0
14,SEED-IV,arousal,subject,all,gpu_mlp,20260923,0.75,0.0705327318215738,0.0,90.0,0.6250000000000001,0.000319641562699,0.0,0.0702130902588748,0.0,0.0438831814117967,4.0,0.1166817821273164,0.3480762611243521,0.4050017222814268,0.6822415117957383,0.1209835700714963,0.1166817821273164,0.0351851851851852,0.0185185185185186,0.0166666666666666,0,,,,,,,,,,0.0435440400906795,participant_x_stimulus,0.016666666666666607,-0.04153632055968046,0.07213126458227627,0.46,heldout,0.1166817822331848,0.1166817822331848,6.938893903907228e-18,0.0,0.0
15,SEED-IV,arousal,subject,all,gpu_mlp,20260923,1.0,0.0950548775266376,0.0,90.0,0.6250000000000001,0.000319641562699,0.0,0.0947352359639386,0.0,0.0592095224774616,4.0,0.1392834307890398,0.3954344129172114,0.5546157311017802,0.8548567061589565,0.1442823818045054,0.1392834307890398,0.0148148148148148,0.0185185185185186,-0.0037037037037038,0,,,,,,,,,,0.0426782568606432,participant_x_stimulus,-0.0037037037037037646,-0.05744353840127587,0.05068763541057704,0.1898,heldout,0.1392834309686758,0.1392834309686758,3.5561831257524545e-17,0.0,0.0
16,SEED-IV,arousal,subject,all,gpu_mlp,20261007,0.25,0.0233238751679728,0.0,90.0,0.6398148148148151,0.0003299781208466,0.0,0.0229938970471261,0.0,0.0147118359810779,4.0,0.0839321128082534,0.2702502913533829,0.1773304399522588,0.5196828264364775,0.0871456150965768,0.0839321128082534,0.0259259259259259,0.024074074074074,0.0018518518518518,0,,,,,,,,,,0.0692880348502591,participant_x_stimulus,0.0018518518518518823,-0.05921723460778594,0.0651590460911392,0.2674,audit,0.0839321133894632,0.0839321133894632,8.218252467440124e-17,0.0,0.0
17,SEED-IV,arousal,subject,all,gpu_mlp,20261007,0.5,0.0467162122390136,0.0,90.0,0.6398148148148151,0.0003299781208466,0.0,0.046386234118167,0.0,0.0296785997922716,4.0,0.1002871397798545,0.3106014243401525,0.2795397027200213,0.5996633183007227,0.1040556978257521,0.1002871397798545,0.0037037037037036,0.024074074074074,-0.0203703703703704,0,,,,,,,,,,0.0739971295274089,participant_x_stimulus,-0.020370370370370372,-0.07193060126155615,0.026393310213461453,0.0466,audit,0.1002871401699261,0.1002871401699261,2.7755575615628914e-17,0.0,0.0
18,SEED-IV,arousal,subject,all,gpu_mlp,20261007,0.75,0.0679482327207852,0.0,90.0,0.6398148148148151,0.0003299781208466,0.0,0.0676182545999386,0.0,0.0432631610449607,4.0,0.1175229481729466,0.3499247337307083,0.3981364654097102,0.6488214250688452,0.1218514699626174,0.1175229481729466,0.0092592592592591,0.024074074074074,-0.0148148148148149,0,,,,,,,,,,0.078524508743533,participant_x_stimulus,-0.014814814814814836,-0.06640219278633594,0.03266750872135151,0.0806,audit,0.1175229486262077,0.1175229486262077,6.418476861114186e-17,0.0,0.0
19,SEED-IV,arousal,subject,all,gpu_mlp,20261007,1.0,0.0925565142607889,0.0,90.0,0.6398148148148151,0.0003299781208466,0.0,0.0922265361399422,0.0,0.059007904141389,4.0,0.1406544756332202,0.3981605006129646,0.5510988749351916,0.8435170072324355,0.1456943047284869,0.1406544756332202,0.0222222222222221,0.024074074074074,-0.0018518518518518,0,,,,,,,,,,0.0840879390864404,participant_x_stimulus,-0.0018518518518518823,-0.055783667229115964,0.05185388550162313,0.1942,audit,0.1406544757662418,0.1406544757662418,8.218252467440124e-17,0.0,0.0
20,SEED-IV,arousal,subject,all,linear_logistic,20260813,0.25,0.0226948952988833,0.0,90.0,0.6425925925925928,0.0002082229302624,0.0,0.0224866723686209,0.0,0.0144497690961323,1.0,0.054465131199669,0.1888559764647168,0.1182704712383297,0.3926065877460435,0.0566201650425504,0.054465131199669,0.0148148148148148,0.0092592592592591,0.0055555555555557,0,,,,,,,,,,0.0709077994351709,participant_x_stimulus,0.005555555555555647,-0.03888889029622078,0.05129019692540168,0.2574,heldout,0.0544651317020111,0.0544651317020111,5.2909066017292616e-17,0.0,0.0
21,SEED-IV,arousal,subject,all,linear_logistic,20260813,0.5,0.0447507992189669,0.0,90.0,0.6425925925925928,0.0002082229302624,0.0,0.0445425762887045,0.0,0.0286227295781119,1.0,0.0648324568802144,0.2188825539514588,0.1895948051491254,0.4665448331786198,0.0673684701716894,0.0648324568802144,0.0166666666666666,0.0092592592592591,0.0074074074074075,0,,,,,,,,,,0.0733661554303443,participant_x_stimulus,0.007407407407407418,-0.03684698101133108,0.05614035204052925,0.2894,heldout,0.0648324574111736,0.0648324574111736,8.153200337090993e-17,0.0,0.0
22,SEED-IV,arousal,subject,all,linear_logistic,20260813,0.75,0.0657873402060972,0.0,90.0,0.6425925925925928,0.0002082229302624,0.0,0.0655791172758347,0.0,0.0421406549902123,1.0,0.0764060017856437,0.2505873492117782,0.2845325895006552,0.5294857436090004,0.0793563141884156,0.0764060017856437,0.011111111111111,0.0092592592592591,0.0018518518518519,0,,,,,,,,,,0.0757837896140727,participant_x_stimulus,0.0018518518518518823,-0.047619800362735984,0.05240776240825652,0.2292,heldout,0.0764060020465557,0.0764060020465557,1.7780915628762273e-17,0.0,0.0
23,SEED-IV,arousal,subject,all,linear_logistic,20260813,1.0,0.0905416688270916,0.0,90.0,0.6425925925925928,0.0002082229302624,0.0,0.0903334458968291,0.0,0.0580476031966661,1.0,0.0924338076435065,0.2916168018781976,0.4261036965255741,0.6775049432806335,0.0959387240351243,0.0924338076435065,-0.0037037037037037,0.0092592592592591,-0.0129629629629628,0,,,,,,,,,,0.0787222375033243,participant_x_stimulus,-0.012962962962962954,-0.06934567354619503,0.045615349709987624,0.1298,heldout,0.092433807795536,0.092433807795536,1.5439038936193583e-16,0.0,0.0
24,SEED-IV,arousal,subject,all,linear_logistic,20260829,0.25,0.0228346634361539,0.0,90.0,0.6416666666666667,0.000225379803272,0.0,0.0226092836328819,0.0,0.0145076236644325,1.0,0.0544378164979973,0.1887747183023267,0.1185084766880051,0.3941894661313742,0.0565918342597525,0.0544378164979973,0.024074074074074,0.0333333333333332,-0.0092592592592592,0,,,,,,,,,,0.0474453198120408,participant_x_stimulus,-0.00925925925925919,-0.05694675948470831,0.03575724670663473,0.0976,audit,0.0544378163812345,0.0544378163812345,1.0408340855860843e-17,0.0,0.0
25,SEED-IV,arousal,subject,all,linear_logistic,20260829,0.5,0.0455070041221178,0.0,90.0,0.6416666666666667,0.000225379803272,0.0,0.0452816243188457,0.0,0.029055708937926,1.0,0.0651059004130954,0.2196531216123002,0.1922398124252522,0.4687455332140483,0.0676518360564258,0.0651059004130954,0.0296296296296295,0.0333333333333332,-0.0037037037037037,0,,,,,,,,,,0.0464967072741345,participant_x_stimulus,-0.0037037037037036535,-0.046982487011700866,0.04262968413531775,0.1402,audit,0.0651059007706509,0.0651059007706509,4.640385298237959e-17,0.0,0.0
26,SEED-IV,arousal,subject,all,linear_logistic,20260829,0.75,0.068227542958067,0.0,90.0,0.6416666666666667,0.000225379803272,0.0,0.068002163154795,0.0,0.0436347213576601,1.0,0.0777218089213815,0.2540775902361826,0.2966715776286579,0.5597529359430965,0.080718488975798,0.0777218089213815,0.0370370370370369,0.0333333333333332,0.0037037037037037,0,,,,,,,,,,0.0455641945738237,participant_x_stimulus,0.0037037037037037646,-0.03465913599357009,0.04361458523198957,0.194,audit,0.0777218090274309,0.0777218090274309,6.461844948013606e-17,0.0,0.0
27,SEED-IV,arousal,subject,all,linear_logistic,20260829,1.0,0.0909547866519596,0.0,90.0,0.6416666666666667,0.000225379803272,0.0,0.0907294068486875,0.0,0.0582180360612412,1.0,0.092545109942139,0.2918908043584966,0.4278310513035103,0.7241104812269635,0.0960538000374701,0.092545109942139,0.0092592592592593,0.0333333333333332,-0.0240740740740739,0,,,,,,,,,,0.0446492407832437,participant_x_stimulus,-0.024074074074073915,-0.07254100255668164,0.021549784485250696,0.0288,audit,0.092545110036166,0.092545110036166,1.3877787807814457e-17,0.0,0.0
28,SEED-IV,arousal,subject,all,linear_logistic,20260911,0.25,0.0222788209198685,0.0,90.0,0.6481481481481483,0.0002531766583008,0.0,0.0220256442615677,0.0,0.0142758805399049,1.0,0.0547473916157454,0.1896949741603167,0.1175565715867049,0.3880366742960144,0.056912921487198,0.0547473916157454,0.0092592592592593,0.0425925925925927,-0.0333333333333334,0,,,,,,,,,,0.0553476375120028,participant_x_stimulus,-0.03333333333333344,-0.08278662152588367,0.009430921915918572,0.0058,heldout,0.0547473922668262,0.0547473922668262,3.469446951953614e-17,0.0,0.0
29,SEED-IV,arousal,subject,all,linear_logistic,20260911,0.5,0.0438639166290289,0.0,90.0,0.6481481481481483,0.0002531766583008,0.0,0.0436107399707281,0.0,0.0282662203513978,1.0,0.0649749898299708,0.2192843437153971,0.1873437058854234,0.4621524496739313,0.067516175974585,0.0649749898299708,0.0240740740740741,0.0425925925925927,-0.0185185185185186,0,,,,,,,,,,0.0628430415585033,participant_x_stimulus,-0.0185185185185186,-0.06711197532713413,0.029575328342616537,0.0576,heldout,0.0649749898883053,0.0649749898883053,0.0,0.0,0.0
30,SEED-IV,arousal,subject,all,linear_logistic,20260911,0.75,0.0660716192107824,0.0,90.0,0.6481481481481483,0.0002531766583008,0.0,0.0658184425524816,0.0,0.0426601016543862,1.0,0.0773317448530433,0.2530452836270722,0.2884070551966025,0.5368908390158259,0.0803146950905131,0.0773317448530433,-0.0055555555555555,0.0425925925925927,-0.0481481481481482,0,,,,,,,,,,0.0715350599615742,participant_x_stimulus,-0.04814814814814827,-0.09666666388511658,-0.002544817957095863,0.0018,heldout,0.0773317448974385,0.0773317448974385,7.632783294297951e-17,0.0,0.0
31,SEED-IV,arousal,subject,all,linear_logistic,20260911,1.0,0.0885139431692821,0.0,90.0,0.6481481481481483,0.0002531766583008,0.0,0.0882607665109813,0.0,0.0572060523682286,1.0,0.0919729511619295,0.2904807075571557,0.417524969128209,0.6359029164911345,0.0954622308271076,0.0919729511619295,0.0203703703703704,0.0425925925925927,-0.0222222222222223,0,,,,,,,,,,0.0814346480736252,participant_x_stimulus,-0.022222222222222254,-0.06666667014360428,0.020746595738455643,0.0286,heldout,0.0919729509204552,0.0919729509204552,4.5102810375396984e-17,0.0,0.0
32,SEED-IV,arousal,subject,all,linear_logistic,20260923,0.25,0.0238882773956422,0.0,90.0,0.6250000000000001,0.000319641562699,0.0,0.0235686358329431,0.0,0.0147303973955895,1.0,0.0534099952463195,0.185708671328767,0.1194532168103618,0.4079456340403329,0.0555257319551462,0.0534099952463195,0.0111111111111112,-0.0092592592592591,0.0203703703703703,1,,,,,,,,,,0.0473578325742832,participant_x_stimulus,0.020370370370370483,-0.019887392641976476,0.06807936523109671,0.5012,audit,0.0534099959223763,0.0534099959223763,1.8388068845354155e-16,0.0,0.0
33,SEED-IV,arousal,subject,all,linear_logistic,20260923,0.5,0.047568068113108,0.0,90.0,0.6250000000000001,0.000319641562699,0.0,0.047248426550409,0.0,0.0295302665940056,1.0,0.0642323688098598,0.2171877322897532,0.1955471222132137,0.4865372188295196,0.0667465841885936,0.0642323688098598,0.0092592592592593,-0.0092592592592591,0.0185185185185184,0,,,,,,,,,,0.0464518237414366,participant_x_stimulus,0.01851851851851849,-0.025004960689693687,0.06870048046112054,0.4668,audit,0.0642323684856694,0.0642323684856694,9.020562075079397e-17,0.0,0.0
34,SEED-IV,arousal,subject,all,linear_logistic,20260923,0.75,0.0705327318215738,0.0,90.0,0.6250000000000001,0.000319641562699,0.0,0.0702130902588748,0.0,0.0438831814117967,1.0,0.0766491239522738,0.2512339464545659,0.2997018306099114,0.5743339886604569,0.0796080150103906,0.0766491239522738,-0.009259259259259,-0.0092592592592591,9.887923813067799e-17,0,,,,,,,,,,0.0455889428610444,participant_x_stimulus,1.1102230246251565e-16,-0.04541959194466472,0.04333368316292762,0.1868,audit,0.0766491240249715,0.0766491240249715,1.2143064331837662e-17,0.0,0.0
35,SEED-IV,arousal,subject,all,linear_logistic,20260923,1.0,0.0950548775266376,0.0,90.0,0.6250000000000001,0.000319641562699,0.0,0.0947352359639386,0.0,0.0592095224774616,1.0,0.0923066538596507,0.2913035892416946,0.439125268272091,0.7872915750557123,0.0958072577932994,0.0923066538596507,0.012962962962963,-0.0092592592592591,0.0222222222222221,1,,,,,,,,,,0.0446844004871798,participant_x_stimulus,0.022222222222222254,-0.021886200504377482,0.0682285580784082,0.5404,audit,0.0923066539851976,0.0923066539851976,1.5265566588595902e-16,0.0,0.0
36,SEED-IV,arousal,subject,all,linear_logistic,20261007,0.25,0.0233238751679728,0.0,90.0,0.6398148148148151,0.0003299781208466,0.0,0.0229938970471261,0.0,0.0147118359810779,1.0,0.054443086067624,0.1887903927184739,0.1193509735521196,0.4047374408506876,0.0565972998574387,0.054443086067624,0.0018518518518517,0.024074074074074,-0.0222222222222223,0,,,,,,,,,,0.059216949997769,participant_x_stimulus,-0.022222222222222254,-0.06621969938278198,0.02116611092351374,0.0274,heldout,0.0544430864567655,0.0544430864567655,4.5102810375396984e-17,0.0,0.0
37,SEED-IV,arousal,subject,all,linear_logistic,20261007,0.5,0.0467162122390136,0.0,90.0,0.6398148148148151,0.0003299781208466,0.0,0.046386234118167,0.0,0.0296785997922716,1.0,0.0654625037979043,0.2206564277003449,0.1961083939855316,0.4848862133215991,0.0680213696475666,0.0654625037979043,0.0444444444444445,0.024074074074074,0.0203703703703705,1,,,,,,,,,,0.0632881169255519,participant_x_stimulus,0.020370370370370483,-0.01759233046323061,0.06336972638964652,0.4958,heldout,0.0654625040623792,0.0654625040623792,1.734723475976807e-17,0.0,0.0
38,SEED-IV,arousal,subject,all,linear_logistic,20261007,0.75,0.0679482327207852,0.0,90.0,0.6398148148148151,0.0003299781208466,0.0,0.0676182545999386,0.0,0.0432631610449607,1.0,0.0772269237287776,0.2527675355912701,0.293740328612068,0.5372624436315722,0.0802061821354186,0.0772269237287776,0.0259259259259259,0.024074074074074,0.0018518518518518,0,,,,,,,,,,0.0672078389815599,participant_x_stimulus,0.0018518518518518823,-0.04047619178891182,0.04489018097519873,0.2064,heldout,0.077226924040226,0.077226924040226,8.218252467440124e-17,0.0,0.0
39,SEED-IV,arousal,subject,all,linear_logistic,20261007,1.0,0.0925565142607889,0.0,90.0,0.6398148148148151,0.0003299781208466,0.0,0.0922265361399422,0.0,0.059007904141389,1.0,0.0932653866636833,0.2936605046744808,0.4356244598865529,0.7720805662102139,0.0967984718641724,0.0932653866636833,0.0129629629629629,0.024074074074074,-0.0111111111111111,0,,,,,,,,,,0.0720321633885669,participant_x_stimulus,-0.011111111111111072,-0.058111457247287036,0.03811447788029906,0.0984,heldout,0.0932653867567515,0.0932653867567515,2.7755575615628914e-17,0.0,0.0
40,SEED-IV,arousal,subject,normalized_asymmetry,gpu_mlp,20260813,0.25,0.0226948952988833,0.0,15.0,0.2851851851851853,0.0002082229302624,0.0,0.0224866723686209,0.0,0.0064128658236437,4.0,0.0478026263117506,0.1686868299925548,0.1350708614822856,0.2927840416654921,0.0554606373843104,0.0478026263117506,0.0203703703703703,0.0074074074074073,0.0129629629629629,0,,,,,,,,,,0.0691327158573602,participant_x_stimulus,0.012962962962963065,-0.03333333134651184,0.05944643029943106,0.379,audit,0.0478026270482228,0.0478026270482228,1.6479873021779667e-16,0.0,0.0
41,SEED-IV,arousal,subject,normalized_asymmetry,gpu_mlp,20260813,0.5,0.0447507992189669,0.0,15.0,0.2851851851851853,0.0002082229302624,0.0,0.0445425762887045,0.0,0.0127028828675194,4.0,0.0540971850228748,0.1877604164729858,0.1729554097195419,0.3282814516886368,0.0608895205594873,0.0540971850228748,0.0129629629629628,0.0074074074074073,0.0055555555555554,0,,,,,,,,,,0.070814237769977,participant_x_stimulus,0.005555555555555536,-0.041672150325030084,0.04916711747646331,0.2688,audit,0.0540971854949805,0.0540971854949805,1.3617579286417936e-16,0.0,0.0
42,SEED-IV,arousal,subject,normalized_asymmetry,gpu_mlp,20260813,0.75,0.0657873402060972,0.0,15.0,0.2851851851851853,0.0002082229302624,0.0,0.0655791172758347,0.0,0.0187021927045899,4.0,0.060822352416114,0.2074577371037946,0.2164800497135407,0.3776670605184458,0.0683980283781592,0.060822352416114,0.0092592592592591,0.0074074074074073,0.0018518518518517,0,,,,,,,,,,0.0724531731173005,participant_x_stimulus,0.0018518518518518823,-0.04724703663960099,0.04904721993952989,0.2168,audit,0.0608223529300082,0.0608223529300082,1.8236280541206185e-16,0.0,0.0
43,SEED-IV,arousal,subject,normalized_asymmetry,gpu_mlp,20260813,1.0,0.0905416688270916,0.0,15.0,0.2851851851851853,0.0002082229302624,0.0,0.0903334458968291,0.0,0.0257617604965031,4.0,0.0697349750328645,0.232537443995478,0.2771691095071695,0.4692247038243145,0.0783281714915401,0.0697349750328645,0.011111111111111,0.0074074074074073,0.0037037037037037,0,,,,,,,,,,0.0744265069296517,participant_x_stimulus,0.0037037037037037646,-0.048372668027877805,0.05500676613301029,0.2554,audit,0.0697349760555933,0.0697349760555933,6.461844948013606e-17,0.0,0.0
44,SEED-IV,arousal,subject,normalized_asymmetry,gpu_mlp,20260829,0.25,0.0228346634361539,0.0,15.0,0.2972222222222223,0.000225379803272,0.0,0.0226092836328819,0.0,0.0067199815242176,4.0,0.0487681201598972,0.1716537405138294,0.136500177853875,0.3007676956363768,0.0554858323867742,0.0487681201598972,0.0074074074074073,0.0,0.0074074074074073,0,,,,,,,,,,0.0480323425483434,participant_x_stimulus,0.007407407407407307,-0.03819901281967759,0.05455862991511803,0.2798,heldout,0.048768120374929,0.048768120374929,6.938893903907228e-18,0.0,0.0
45,SEED-IV,arousal,subject,normalized_asymmetry,gpu_mlp,20260829,0.5,0.0455070041221178,0.0,15.0,0.2972222222222223,0.000225379803272,0.0,0.0452816243188457,0.0,0.0134587050058791,4.0,0.0554722386528186,0.1918438881198099,0.1772144764001862,0.337096742596683,0.061358131661784,0.0554722386528186,0.0203703703703703,0.0,0.0203703703703703,1,,,,,,,,,,0.0473451769951674,participant_x_stimulus,0.020370370370370372,-0.021719114622101188,0.0648029364645481,0.5022,heldout,0.0554722397321914,0.0554722397321914,7.28583859910259e-17,0.0,0.0
46,SEED-IV,arousal,subject,normalized_asymmetry,gpu_mlp,20260829,0.75,0.068227542958067,0.0,15.0,0.2972222222222223,0.000225379803272,0.0,0.068002163154795,0.0,0.0202117540487862,4.0,0.063053958296475,0.2138444562812778,0.2269973367241377,0.4065634839720563,0.069684960096112,0.063053958296475,0.011111111111111,0.0,0.011111111111111,0,,,,,,,,,,0.0466659291190548,participant_x_stimulus,0.011111111111111072,-0.031884171441197394,0.05442727152258153,0.3384,heldout,0.0630539588301631,0.0630539588301631,7.112366251504909e-17,0.0,0.0
47,SEED-IV,arousal,subject,normalized_asymmetry,gpu_mlp,20260829,1.0,0.0909547866519596,0.0,15.0,0.2972222222222223,0.000225379803272,0.0,0.0907294068486875,0.0,0.026966795924471,4.0,0.071596041430978,0.2376334600924992,0.2859242419764959,0.4783605537703833,0.0790495715973734,0.071596041430978,0.0,0.0,0.0,0,,,,,,,,,,0.0459957594454671,participant_x_stimulus,0.0,-0.04281162573024631,0.04583912137895814,0.1826,heldout,0.071596042393533,0.071596042393533,0.0,0.0,0.0
48,SEED-IV,arousal,subject,normalized_asymmetry,gpu_mlp,20260911,0.25,0.0222788209198685,0.0,15.0,0.2898148148148149,0.0002531766583008,0.0,0.0220256442615677,0.0,0.0063833580128432,4.0,0.0480334367001248,0.1693974809088091,0.134821711811087,0.2881468383869726,0.0553659986051774,0.0480334367001248,0.0074074074074074,0.0222222222222222,-0.0148148148148147,0,,,,,,,,,,0.0502411865147709,participant_x_stimulus,-0.014814814814814836,-0.06363811418414116,0.03615218922495841,0.0822,audit,0.0480334372055595,0.0480334372055595,1.3704315460216776e-16,0.0,0.0
49,SEED-IV,arousal,subject,normalized_asymmetry,gpu_mlp,20260911,0.5,0.0438639166290289,0.0,15.0,0.2898148148148149,0.0002531766583008,0.0,0.0436107399707281,0.0,0.0126390385285536,4.0,0.0542495434670056,0.1882143170449669,0.1722387879228081,0.3283127550364311,0.0606555303627475,0.0542495434670056,0.0037037037037036,0.0222222222222222,-0.0185185185185185,0,,,,,,,,,,0.0549745126062384,participant_x_stimulus,-0.0185185185185186,-0.06166739845648408,0.026817042380571365,0.0462,audit,0.0542495435475281,0.0542495435475281,1.0061396160665481e-16,0.0,0.0
50,SEED-IV,arousal,subject,normalized_asymmetry,gpu_mlp,20260911,0.75,0.0660716192107824,0.0,15.0,0.2898148148148149,0.0002531766583008,0.0,0.0658184425524816,0.0,0.0190751597397469,4.0,0.0614313002321346,0.2092077563881599,0.2188529213282402,0.3828119651815061,0.0686238010236617,0.0614313002321346,0.0277777777777777,0.0222222222222222,0.0055555555555555,0,,,,,,,,,,0.0602806313832005,participant_x_stimulus,0.005555555555555536,-0.04095272580161691,0.05057151960209006,0.2558,audit,0.0614313006177352,0.0614313006177352,3.5561831257524545e-17,0.0,0.0
51,SEED-IV,arousal,subject,normalized_asymmetry,gpu_mlp,20260911,1.0,0.0885139431692821,0.0,15.0,0.2898148148148149,0.0002531766583008,0.0,0.0882607665109813,0.0,0.0255792777017936,4.0,0.0695841406590433,0.2321223382081486,0.2745335549239625,0.4290234156536999,0.0776522179736626,0.0695841406590433,0.0166666666666667,0.0222222222222222,-0.0055555555555554,0,,,,,,,,,,0.0661268527274681,participant_x_stimulus,-0.005555555555555536,-0.05400416441261768,0.045536209456622595,0.1592,audit,0.0695841413776658,0.0695841413776658,1.3617579286417936e-16,0.0,0.0
52,SEED-IV,arousal,subject,normalized_asymmetry,gpu_mlp,20260923,0.25,0.0238882773956422,0.0,15.0,0.2879629629629631,0.000319641562699,0.0,0.0235686358329431,0.0,0.0067868942074493,4.0,0.0483101213110419,0.1702482290893338,0.1370516336833693,0.3094658918345382,0.0556833370744751,0.0483101213110419,0.0074074074074074,0.0185185185185186,-0.0111111111111112,0,,,,,,,,,,0.0478534961654435,participant_x_stimulus,-0.011111111111111183,-0.06260069031268357,0.04296527579426762,0.1128,heldout,0.0483101209392212,0.0483101209392212,1.734723475976807e-17,0.0,0.0
53,SEED-IV,arousal,subject,normalized_asymmetry,gpu_mlp,20260923,0.5,0.047568068113108,0.0,15.0,0.2879629629629631,0.000319641562699,0.0,0.047248426550409,0.0,0.0136057969047937,4.0,0.0551896037453387,0.1910069406387384,0.1788338189711016,0.3543243906874788,0.0618633441066881,0.0551896037453387,0.0,0.0185185185185186,-0.0185185185185186,0,,,,,,,,,,0.0471964175505491,participant_x_stimulus,-0.0185185185185186,-0.06998279560357332,0.03184682792052624,0.0644,heldout,0.0551896023245034,0.0551896023245034,0.0,0.0,0.0
54,SEED-IV,arousal,subject,normalized_asymmetry,gpu_mlp,20260923,0.75,0.0705327318215738,0.0,15.0,0.2879629629629631,0.000319641562699,0.0,0.0702130902588748,0.0,0.0202187695097315,4.0,0.0627341534079906,0.2129336641197803,0.2282754024973128,0.4120208523882174,0.0702523736692146,0.0627341534079906,-0.0037037037037037,0.0185185185185186,-0.0222222222222223,0,,,,,,,,,,0.04656738021224,participant_x_stimulus,-0.022222222222222365,-0.08104127142578363,0.03423895658925157,0.0752,heldout,0.0627341524231162,0.0627341524231162,6.591949208711867e-17,0.0,0.0
55,SEED-IV,arousal,subject,normalized_asymmetry,gpu_mlp,20260923,1.0,0.0950548775266376,0.0,15.0,0.2879629629629631,0.000319641562699,0.0,0.0947352359639386,0.0,0.0272802392451712,4.0,0.0718456145037025,0.2383132471103055,0.2908797727078193,0.5425558894343095,0.0803621512725795,0.0718456145037025,-0.0092592592592593,0.0185185185185186,-0.0277777777777779,0,,,,,,,,,,0.0459044884415887,participant_x_stimulus,-0.0277777777777779,-0.08083630707114935,0.020117018604651093,0.0256,heldout,0.0718456135363227,0.0718456135363227,0.0,0.0,0.0
56,SEED-IV,arousal,subject,normalized_asymmetry,gpu_mlp,20261007,0.25,0.0233238751679728,0.0,15.0,0.2796296296296297,0.0003299781208466,0.0,0.0229938970471261,0.0,0.0064297749150297,4.0,0.0475130435191625,0.1677939892864869,0.1352779850619743,0.3033422977206459,0.0555649349049404,0.0475130435191625,0.0166666666666666,0.0185185185185183,-0.0018518518518516,0,,,,,,,,,,0.0563947609700048,participant_x_stimulus,-0.0018518518518517713,-0.05270387111231684,0.05119141666218637,0.2086,audit,0.0475130427730621,0.0475130427730621,1.713039432527097e-16,0.0,0.0
57,SEED-IV,arousal,subject,normalized_asymmetry,gpu_mlp,20261007,0.5,0.0467162122390136,0.0,15.0,0.2796296296296297,0.0003299781208466,0.0,0.046386234118167,0.0,0.0129709654663763,4.0,0.0541284722261108,0.1878536556126075,0.1751274671773803,0.3432632645518618,0.0614118871374995,0.0541284722261108,0.024074074074074,0.0185185185185183,0.0055555555555557,0,,,,,,,,,,0.0590937282221771,participant_x_stimulus,0.005555555555555647,-0.04299257388338446,0.056020014360547044,0.2784,audit,0.0541284713750563,0.0541284713750563,5.2909066017292616e-17,0.0,0.0
58,SEED-IV,arousal,subject,normalized_asymmetry,gpu_mlp,20261007,0.75,0.0679482327207852,0.0,15.0,0.2796296296296297,0.0003299781208466,0.0,0.0676182545999386,0.0,0.0189080674899828,4.0,0.0608763188572681,0.2076130490012013,0.2188203679656002,0.3804240613464551,0.0690014730041513,0.0608763188572681,0.0166666666666666,0.0185185185185183,-0.0018518518518516,0,,,,,,,,,,0.0616478090961238,participant_x_stimulus,-0.0018518518518517713,-0.046190086938440796,0.04583333432674408,0.1752,audit,0.0608763185949689,0.0608763185949689,1.713039432527097e-16,0.0,0.0
59,SEED-IV,arousal,subject,normalized_asymmetry,gpu_mlp,20261007,1.0,0.0925565142607889,0.0,15.0,0.2796296296296297,0.0003299781208466,0.0,0.0922265361399422,0.0,0.0257892721428357,4.0,0.0696784649678693,0.2323819622749535,0.2786195042052647,0.5237822461025003,0.0788797636825324,0.0696784649678693,0.0166666666666666,0.0185185185185183,-0.0018518518518516,0,,,,,,,,,,0.0647369403239708,participant_x_stimulus,-0.0018518518518517713,-0.058454595413058995,0.05770495254546401,0.2306,audit,0.0696784643962908,0.0696784643962908,1.713039432527097e-16,0.0,0.0
60,SEED-IV,arousal,subject,normalized_asymmetry,linear_logistic,20260813,0.25,0.0226948952988833,0.0,15.0,0.2851851851851853,0.0002082229302624,0.0,0.0224866723686209,0.0,0.0064128658236437,1.0,0.0305836750908793,0.1130961036066024,0.0894068443116622,0.2064535166532354,0.0355862916577092,0.0305836750908793,-0.0037037037037037,-0.0055555555555555,0.0018518518518518,0,,,,,,,,,,0.0634359262722868,participant_x_stimulus,0.0018518518518517713,-0.04183240085840225,0.0473437619395554,0.198,heldout,0.030583675570588,0.030583675570588,2.883977778811442e-17,0.0,0.0
61,SEED-IV,arousal,subject,normalized_asymmetry,linear_logistic,20260813,0.5,0.0447507992189669,0.0,15.0,0.2851851851851853,0.0002082229302624,0.0,0.0445425762887045,0.0,0.0127028828675194,1.0,0.0346934867591509,0.126843073505232,0.1162043363426923,0.234961563563222,0.0391503689550657,0.0346934867591509,0.0129629629629629,-0.0055555555555555,0.0185185185185184,0,,,,,,,,,,0.0649885584311717,participant_x_stimulus,0.01851851851851849,-0.028309011040255426,0.067436508461833,0.4736,heldout,0.0346934870681315,0.0346934870681315,9.020562075079397e-17,0.0,0.0
62,SEED-IV,arousal,subject,normalized_asymmetry,linear_logistic,20260813,0.75,0.0657873402060972,0.0,15.0,0.2851851851851853,0.0002082229302624,0.0,0.0655791172758347,0.0,0.0187021927045899,1.0,0.0391061829945908,0.1412611900453622,0.148003177112473,0.2760783950610372,0.044104040067043,0.0391061829945908,-0.0129629629629629,-0.0055555555555555,-0.0074074074074074,0,,,,,,,,,,0.0665023132638744,participant_x_stimulus,-0.007407407407407418,-0.060004631988704205,0.0382731490768492,0.114,heldout,0.0391061833326429,0.0391061833326429,1.8214596497756474e-17,0.0,0.0
63,SEED-IV,arousal,subject,normalized_asymmetry,linear_logistic,20260813,1.0,0.0905416688270916,0.0,15.0,0.2851851851851853,0.0002082229302624,0.0,0.0903334458968291,0.0,0.0257617604965031,1.0,0.0449890548512176,0.1599534510705469,0.1942545598568991,0.357141396208084,0.0506990869006683,0.0449890548512176,-0.0166666666666667,-0.0055555555555555,-0.0111111111111112,0,,,,,,,,,,0.0683255085773474,participant_x_stimulus,-0.011111111111111183,-0.0652785323560238,0.04190873065963382,0.1196,heldout,0.0449890555285758,0.0449890555285758,1.734723475976807e-17,0.0,0.0
64,SEED-IV,arousal,subject,normalized_asymmetry,linear_logistic,20260829,0.25,0.0228346634361539,0.0,15.0,0.2972222222222223,0.000225379803272,0.0,0.0226092836328819,0.0,0.0067199815242176,1.0,0.0312127891989563,0.1152207854696695,0.0904034515016657,0.2127914100303604,0.0356027983382915,0.0312127891989563,-0.0166666666666666,-0.024074074074074,0.0074074074074074,0,,,,,,,,,,0.0504537791241196,participant_x_stimulus,0.007407407407407418,-0.03029854679480195,0.0505109468474984,0.2626,audit,0.0312127893391219,0.0312127893391219,1.8214596497756474e-17,0.0,0.0
65,SEED-IV,arousal,subject,normalized_asymmetry,linear_logistic,20260829,0.5,0.0455070041221178,0.0,15.0,0.2972222222222223,0.000225379803272,0.0,0.0452816243188457,0.0,0.0134587050058791,1.0,0.0355938922700235,0.1298134354566437,0.1192674283334473,0.2421744026665055,0.0394587033672228,0.0355938922700235,-0.011111111111111,-0.024074074074074,0.012962962962963,0,,,,,,,,,,0.0497337815476903,participant_x_stimulus,0.012962962962962954,-0.03333592303097248,0.06445549391210074,0.3906,audit,0.0355938929771815,0.0355938929771815,4.683753385137379e-17,0.0,0.0
66,SEED-IV,arousal,subject,normalized_asymmetry,linear_logistic,20260829,0.75,0.068227542958067,0.0,15.0,0.2972222222222223,0.000225379803272,0.0,0.068002163154795,0.0,0.0202117540487862,1.0,0.0405754338954079,0.1459853855969534,0.1558554021989711,0.3009609281828399,0.0449559303525703,0.0405754338954079,-0.0240740740740741,-0.024074074074074,-9.714451465470121e-17,0,,,,,,,,,,0.0490220284437912,participant_x_stimulus,-1.1102230246251565e-16,-0.051058804243803026,0.05666562132537357,0.2296,audit,0.0405754342470773,0.0405754342470773,1.3877787807814444e-17,0.0,0.0
67,SEED-IV,arousal,subject,normalized_asymmetry,linear_logistic,20260829,1.0,0.0909547866519596,0.0,15.0,0.2972222222222223,0.000225379803272,0.0,0.0907294068486875,0.0,0.026966795924471,1.0,0.0462225236444724,0.163798295154518,0.2011193416029534,0.3655981232858182,0.0511801542221958,0.0462225236444724,-0.0148148148148148,-0.024074074074074,0.0092592592592592,0,,,,,,,,,,0.0483197377898303,participant_x_stimulus,0.00925925925925919,-0.02956427028402686,0.051633987575769424,0.2958,audit,0.0462225242828832,0.0462225242828832,1.0408340855860843e-17,0.0,0.0
68,SEED-IV,arousal,subject,normalized_asymmetry,linear_logistic,20260911,0.25,0.0222788209198685,0.0,15.0,0.2898148148148149,0.0002531766583008,0.0,0.0220256442615677,0.0,0.0063833580128432,1.0,0.0307340289350987,0.1136045639115407,0.0892332358149008,0.2027915660316783,0.0355242912240865,0.0307340289350987,-1.1102230246251563e-16,0.0129629629629629,-0.012962962962963,0,,,,,,,,,,0.036138484534553,participant_x_stimulus,-0.012962962962963065,-0.06030313204973936,0.02828690437600015,0.0626,heldout,0.0307340292643763,0.0307340292643763,6.418476861114186e-17,0.0,0.0
69,SEED-IV,arousal,subject,normalized_asymmetry,linear_logistic,20260911,0.5,0.0438639166290289,0.0,15.0,0.2898148148148149,0.0002531766583008,0.0,0.0436107399707281,0.0,0.0126390385285536,1.0,0.0347932070695465,0.1271727669767328,0.1156899639162946,0.2349870813457871,0.038996450365043,0.0347932070695465,0.0074074074074073,0.0129629629629629,-0.0055555555555556,0,,,,,,,,,,0.039598561463173,participant_x_stimulus,-0.005555555555555647,-0.05167054943740368,0.03706485889852042,0.1228,heldout,0.0347932071222524,0.0347932071222524,4.683753385137379e-17,0.0,0.0
70,SEED-IV,arousal,subject,normalized_asymmetry,linear_logistic,20260911,0.75,0.0660716192107824,0.0,15.0,0.2898148148148149,0.0002531766583008,0.0,0.0658184425524816,0.0,0.0190751597397469,1.0,0.039506856378877,0.1425532445039366,0.1497689366287045,0.2804630582973484,0.0442534308230554,0.039506856378877,0.0222222222222221,0.0129629629629629,0.0092592592592592,0,,,,,,,,,,0.0434888949117776,participant_x_stimulus,0.00925925925925919,-0.03555202400311828,0.05255108345299956,0.3164,heldout,0.0395068566326519,0.0395068566326519,1.0408340855860843e-17,0.0,0.0
71,SEED-IV,arousal,subject,normalized_asymmetry,linear_logistic,20260911,1.0,0.0885139431692821,0.0,15.0,0.2898148148148149,0.0002531766583008,0.0,0.0882607665109813,0.0,0.0255792777017936,1.0,0.0448891622751761,0.1596409637868336,0.1921977880114169,0.320740089141854,0.0502485667385302,0.0448891622751761,-0.0092592592592593,0.0129629629629629,-0.0222222222222222,0,,,,,,,,,,0.0477894147057743,participant_x_stimulus,-0.022222222222222254,-0.06899107471108436,0.022197433281689872,0.0312,heldout,0.0448891627510685,0.0448891627510685,5.551115123125783e-17,0.0,0.0
72,SEED-IV,arousal,subject,normalized_asymmetry,linear_logistic,20260923,0.25,0.0238882773956422,0.0,15.0,0.2879629629629631,0.000319641562699,0.0,0.0235686358329431,0.0,0.0067868942074493,1.0,0.0309143006432544,0.1142136387535396,0.0907882583134144,0.2197449119335137,0.0357322058377573,0.0309143006432544,-0.0129629629629629,-0.0074074074074073,-0.0055555555555556,0,,,,,,,,,,0.0500901796463205,participant_x_stimulus,-0.005555555555555647,-0.051347853429615495,0.03722304217517375,0.1188,audit,0.0309143004009722,0.0309143004009722,4.683753385137379e-17,0.0,0.0
73,SEED-IV,arousal,subject,normalized_asymmetry,linear_logistic,20260923,0.5,0.047568068113108,0.0,15.0,0.2879629629629631,0.000319641562699,0.0,0.047248426550409,0.0,0.0136057969047937,1.0,0.0354087420440258,0.1292038401819888,0.1204347710816216,0.25642747941662,0.0397912436636402,0.0354087420440258,0.0037037037037037,-0.0074074074074073,0.011111111111111,0,,,,,,,,,,0.0494039825774521,participant_x_stimulus,0.011111111111111072,-0.025278659956529736,0.04912369633093475,0.3116,audit,0.035408741113356,0.035408741113356,7.112366251504909e-17,0.0,0.0
74,SEED-IV,arousal,subject,normalized_asymmetry,linear_logistic,20260923,0.75,0.0705327318215738,0.0,15.0,0.2879629629629631,0.000319641562699,0.0,0.0702130902588748,0.0,0.0202187695097315,1.0,0.0403647267193865,0.1453101927121728,0.1568141740113674,0.3057310649417153,0.045331798075936,0.0403647267193865,-0.0055555555555555,-0.0074074074074073,0.0018518518518517,0,,,,,,,,,,0.0487470279584423,participant_x_stimulus,0.0018518518518517713,-0.03769112722948194,0.03942708466202015,0.1666,audit,0.0403647260705695,0.0403647260705695,7.134050294954619e-17,0.0,0.0
75,SEED-IV,arousal,subject,normalized_asymmetry,linear_logistic,20260923,1.0,0.0950548775266376,0.0,15.0,0.2879629629629631,0.000319641562699,0.0,0.0947352359639386,0.0,0.0272802392451712,1.0,0.0463880677891177,0.1643123887735913,0.2050270801180284,0.4270494382767699,0.0520561328876042,0.0463880677891177,-0.0074074074074074,-0.0074074074074073,-9.97465998686664e-17,0,,,,,,,,,,0.0480546725043446,participant_x_stimulus,-1.1102230246251565e-16,-0.03817085260525346,0.040831339173018906,0.15,audit,0.0463880671473845,0.0463880671473845,1.1275702593849258e-17,0.0,0.0
76,SEED-IV,arousal,subject,normalized_asymmetry,linear_logistic,20261007,0.25,0.0233238751679728,0.0,15.0,0.2796296296296297,0.0003299781208466,0.0,0.0229938970471261,0.0,0.0064297749150297,1.0,0.0303950730265268,0.1124576951034147,0.0895511945995988,0.2148443174087957,0.0356546249523747,0.0303950730265268,0.0037037037037037,-0.0037037037037036,0.0074074074074073,0,,,,,,,,,,0.0481008720210669,participant_x_stimulus,0.007407407407407418,-0.03888993458822369,0.05555555606260896,0.2952,heldout,0.0303950725406531,0.0303950725406531,1.1796119636642288e-16,0.0,0.0
77,SEED-IV,arousal,subject,normalized_asymmetry,linear_logistic,20261007,0.5,0.0467162122390136,0.0,15.0,0.2796296296296297,0.0003299781208466,0.0,0.046386234118167,0.0,0.0129709654663763,1.0,0.0347139636444156,0.1269107885706206,0.1177651708227216,0.2472521626654154,0.0394940801543926,0.0347139636444156,-0.0037037037037036,-0.0037037037037036,0.0,0,,,,,,,,,,0.0504241175871895,participant_x_stimulus,0.0,-0.04833796517923474,0.04799259267747402,0.2084,heldout,0.0347139630874099,0.0347139630874099,0.0,0.0,0.0
78,SEED-IV,arousal,subject,normalized_asymmetry,linear_logistic,20261007,0.75,0.0679482327207852,0.0,15.0,0.2796296296296297,0.0003299781208466,0.0,0.0676182545999386,0.0,0.0189080674899828,1.0,0.0391416841555298,0.1413757845435569,0.1497446893113673,0.2784255772295615,0.0445033888564145,0.0391416841555298,-0.0018518518518517,-0.0037037037037036,0.0018518518518519,0,,,,,,,,,,0.0526244478003292,participant_x_stimulus,0.0018518518518518823,-0.041111111640930176,0.049212302360683594,0.1984,heldout,0.039141683982976,0.039141683982976,1.7780915628762273e-17,0.0,0.0
79,SEED-IV,arousal,subject,normalized_asymmetry,linear_logistic,20261007,1.0,0.0925565142607889,0.0,15.0,0.2796296296296297,0.0003299781208466,0.0,0.0922265361399422,0.0,0.0257892721428357,1.0,0.0449516287730225,0.1598363937034194,0.1953883548033911,0.4087016674227839,0.0510668935137685,0.0449516287730225,0.0074074074074074,-0.0037037037037036,0.011111111111111,0,,,,,,,,,,0.055288065445738,participant_x_stimulus,0.011111111111111072,-0.030703314812853932,0.05595635324716562,0.3314,heldout,0.0449516283944797,0.0449516283944797,7.112366251504909e-17,0.0,0.0
80,SEED-IV,arousal,subject,relative_power,gpu_mlp,20260813,0.25,0.0226948952988833,0.0,30.0,0.4592592592592593,0.0002082229302624,0.0,0.0224866723686209,0.0,0.0103272124952184,4.0,0.0630636227939772,0.2138719586900678,0.1538269837918172,0.3861628069108302,0.0657747206301609,0.0630636227939772,-0.0055555555555555,0.0259259259259259,-0.0314814814814814,0,,,,,,,,,,0.0729688362771166,participant_x_stimulus,-0.031481481481481444,-0.0878576833754778,0.02568001099862154,0.0348,audit,0.063063621642177,0.063063621642177,4.163336342344337e-17,0.0,0.0
81,SEED-IV,arousal,subject,relative_power,gpu_mlp,20260813,0.5,0.0447507992189669,0.0,30.0,0.4592592592592593,0.0002082229302624,0.0,0.0445425762887045,0.0,0.0204565905918494,4.0,0.0730076884384896,0.2414673808794261,0.2168406145187797,0.4490909686281118,0.0758375544064769,0.0730076884384896,-0.0092592592592593,0.0259259259259259,-0.0351851851851852,0,,,,,,,,,,0.075103831070852,participant_x_stimulus,-0.03518518518518521,-0.0893421085551381,0.015995135810226203,0.0194,audit,0.0730076881980835,0.0730076881980835,6.938893903907228e-18,0.0,0.0
82,SEED-IV,arousal,subject,relative_power,gpu_mlp,20260813,0.75,0.0657873402060972,0.0,30.0,0.4592592592592593,0.0002082229302624,0.0,0.0655791172758347,0.0,0.0301178168229759,4.0,0.0838193217657462,0.2699609052877753,0.2925779123473737,0.5074623825186935,0.0870289158938873,0.0838193217657462,0.0259259259259259,0.0259259259259259,0.0,0,,,,,,,,,,0.07719348571426,participant_x_stimulus,0.0,-0.06488483734428882,0.0648092271760106,0.2436,audit,0.0838193216947468,0.0838193216947468,0.0,0.0,0.0
83,SEED-IV,arousal,subject,relative_power,gpu_mlp,20260813,1.0,0.0905416688270916,0.0,30.0,0.4592592592592593,0.0002082229302624,0.0,0.0903334458968291,0.0,0.0414864714489141,4.0,0.0983902535061232,0.3060798408551403,0.398743892190158,0.616229719113003,0.1020956195867497,0.0983902535061232,-0.0166666666666666,0.0259259259259259,-0.0425925925925925,0,,,,,,,,,,0.0797206012212141,participant_x_stimulus,-0.042592592592592515,-0.10277914069592953,0.02193201952613887,0.0274,audit,0.0983902531336089,0.0983902531336089,1.3877787807814457e-17,0.0,0.0
84,SEED-IV,arousal,subject,relative_power,gpu_mlp,20260829,0.25,0.0228346634361539,0.0,30.0,0.4444444444444445,0.000225379803272,0.0,0.0226092836328819,0.0,0.010048570503503,4.0,0.0616548710336483,0.2098488944273723,0.1524453000834948,0.3816623368219499,0.0644265123008486,0.0616548710336483,0.0092592592592593,0.0259259259259259,-0.0166666666666666,0,,,,,,,,,,0.0467846284059336,participant_x_stimulus,-0.016666666666666607,-0.062094774842262265,0.027946080453693796,0.0506,heldout,0.0616548700822614,0.0616548700822614,6.938893903907228e-18,0.0,0.0
85,SEED-IV,arousal,subject,relative_power,gpu_mlp,20260829,0.5,0.0455070041221178,0.0,30.0,0.4444444444444445,0.000225379803272,0.0,0.0452816243188457,0.0,0.0201251663639314,4.0,0.071529734118829,0.2374527124218342,0.2151210956521022,0.4474263177828977,0.0743069048964709,0.071529734118829,0.0222222222222222,0.0259259259259259,-0.0037037037037037,0,,,,,,,,,,0.0460006362291947,participant_x_stimulus,-0.0037037037037036535,-0.04894843110814691,0.04077336154878139,0.148,heldout,0.0715297341813407,0.0715297341813407,4.640385298237959e-17,0.0,0.0
86,SEED-IV,arousal,subject,relative_power,gpu_mlp,20260829,0.75,0.068227542958067,0.0,30.0,0.4444444444444445,0.000225379803272,0.0,0.068002163154795,0.0,0.0302231836243533,4.0,0.0828722616938128,0.2675247924612646,0.2947943068208227,0.5274652742500504,0.0860489971987999,0.0828722616938128,0.0203703703703703,0.0259259259259259,-0.0055555555555556,0,,,,,,,,,,0.0452275315030354,participant_x_stimulus,-0.005555555555555536,-0.05313818780705333,0.04127609049901364,0.1392,heldout,0.0828722622016468,0.0828722622016468,6.418476861114186e-17,0.0,0.0
87,SEED-IV,arousal,subject,relative_power,gpu_mlp,20260829,1.0,0.0909547866519596,0.0,30.0,0.4444444444444445,0.000225379803272,0.0,0.0907294068486875,0.0,0.0403241808216389,4.0,0.0958318282133505,0.2999173588492441,0.389367801607116,0.5985755558757818,0.0994514721051445,0.0958318282133505,0.0259259259259259,0.0259259259259259,0.0,0,,,,,,,,,,0.0444665915288526,participant_x_stimulus,0.0,-0.04293687622994184,0.0457991956733167,0.1894,heldout,0.0958318283641516,0.0958318283641516,0.0,0.0,0.0
88,SEED-IV,arousal,subject,relative_power,gpu_mlp,20260911,0.25,0.0222788209198685,0.0,30.0,0.4574074074074074,0.0002531766583008,0.0,0.0220256442615677,0.0,0.0100746928381615,4.0,0.062686697026894,0.212798384767172,0.1524804431309305,0.3741957656941711,0.0654903438753028,0.062686697026894,-0.0166666666666667,0.0074074074074073,-0.024074074074074,0,,,,,,,,,,0.0611923402048079,participant_x_stimulus,-0.024074074074074026,-0.0741045767441392,0.022809758223593195,0.0316,audit,0.0626866971682611,0.0626866971682611,2.42861286636753e-17,0.0,0.0
89,SEED-IV,arousal,subject,relative_power,gpu_mlp,20260911,0.5,0.0438639166290289,0.0,30.0,0.4574074074074074,0.0002531766583008,0.0,0.0436107399707281,0.0,0.0199478755051293,4.0,0.0723318568564814,0.239635244951457,0.2133454547407302,0.4445770011786506,0.0751376501067549,0.0723318568564814,-0.012962962962963,0.0074074074074073,-0.0203703703703703,0,,,,,,,,,,0.0680601030162783,participant_x_stimulus,-0.020370370370370372,-0.06833552811294794,0.024755242746323344,0.0404,audit,0.0723318571404469,0.0723318571404469,7.28583859910259e-17,0.0,0.0
90,SEED-IV,arousal,subject,relative_power,gpu_mlp,20260911,0.75,0.0660716192107824,0.0,30.0,0.4574074074074074,0.0002531766583008,0.0,0.0658184425524816,0.0,0.0301058431675239,4.0,0.0836678537809572,0.2695720374287292,0.2926314829305674,0.5087197317488682,0.0868721978789212,0.0836678537809572,-0.0074074074074075,0.0074074074074073,-0.0148148148148148,0,,,,,,,,,,0.0758661897281433,participant_x_stimulus,-0.014814814814814836,-0.06167013961821794,0.032143635302782046,0.0714,audit,0.0836678537711623,0.0836678537711623,3.642919299551295e-17,0.0,0.0
91,SEED-IV,arousal,subject,relative_power,gpu_mlp,20260911,1.0,0.0885139431692821,0.0,30.0,0.4574074074074074,0.0002531766583008,0.0,0.0882607665109813,0.0,0.0403711283855784,4.0,0.096741117887541,0.3021160560198896,0.3879498873219594,0.5638560667329754,0.1003912930321809,0.096741117887541,0.0,0.0074074074074073,-0.0074074074074073,0,,,,,,,,,,0.084582073769395,participant_x_stimulus,-0.007407407407407307,-0.05666666487231851,0.045837250351905764,0.1434,audit,0.0967411174753874,0.0967411174753874,6.938893903907228e-18,0.0,0.0
92,SEED-IV,arousal,subject,relative_power,gpu_mlp,20260923,0.25,0.0238882773956422,0.0,30.0,0.4407407407407406,0.000319641562699,0.0,0.0235686358329431,0.0,0.0103876580152601,4.0,0.0616819034338651,0.2099263659108845,0.15432250824392,0.4008811636444843,0.064312326282335,0.0616819034338651,0.0148148148148148,0.024074074074074,-0.0092592592592592,0,,,,,,,,,,0.0466502568209744,participant_x_stimulus,-0.00925925925925919,-0.05762301469221711,0.04133529709652063,0.117,heldout,0.0616819032608018,0.0616819032608018,1.0408340855860843e-17,0.0,0.0
93,SEED-IV,arousal,subject,relative_power,gpu_mlp,20260923,0.5,0.047568068113108,0.0,30.0,0.4407407407407406,0.000319641562699,0.0,0.047248426550409,0.0,0.0208243065166617,4.0,0.0719911740462367,0.2387093328834161,0.2202697572754674,0.4668151358740519,0.0747848173811088,0.0719911740462367,0.0277777777777776,0.024074074074074,0.0037037037037035,0,,,,,,,,,,0.0458946135036729,participant_x_stimulus,0.0037037037037036535,-0.04359259372577071,0.04964947747066616,0.2386,heldout,0.0719911733996004,0.0719911733996004,1.5352302762394743e-16,0.0,0.0
94,SEED-IV,arousal,subject,relative_power,gpu_mlp,20260923,0.75,0.0705327318215738,0.0,30.0,0.4407407407407406,0.000319641562699,0.0,0.0702130902588748,0.0,0.0309457694103929,4.0,0.0834860191330106,0.2691048308528063,0.3014728801654316,0.5362406700084767,0.0866840580413519,0.0834860191330106,0.0259259259259259,0.024074074074074,0.0018518518518518,0,,,,,,,,,,0.0451729295150518,participant_x_stimulus,0.0018518518518518823,-0.04722426561638713,0.05105939861387013,0.2316,heldout,0.0834860188488529,0.0834860188488529,8.218252467440124e-17,0.0,0.0
95,SEED-IV,arousal,subject,relative_power,gpu_mlp,20260923,1.0,0.0950548775266376,0.0,30.0,0.4407407407407406,0.000319641562699,0.0,0.0947352359639386,0.0,0.0417536780729951,4.0,0.0975800809231387,0.3041363794980927,0.4042589804491768,0.6781570808725272,0.1012583626369759,0.0975800809231387,0.024074074074074,0.024074074074074,0.0,0,,,,,,,,,,0.0444142417505113,participant_x_stimulus,0.0,-0.04984597731381655,0.04889186806976791,0.2104,heldout,0.0975800810277458,0.0975800810277458,0.0,0.0,0.0
96,SEED-IV,arousal,subject,relative_power,gpu_mlp,20261007,0.25,0.0233238751679728,0.0,30.0,0.4611111111111112,0.0003299781208466,0.0,0.0229938970471261,0.0,0.0106027414161748,4.0,0.0634629559196344,0.2150071028921052,0.1553066744103476,0.4005159391445934,0.0660714232225525,0.0634629559196344,0.0129629629629629,0.0333333333333333,-0.0203703703703704,0,,,,,,,,,,0.0625816460141072,participant_x_stimulus,-0.020370370370370372,-0.06960242018103599,0.02500000223517418,0.0374,audit,0.0634629548080719,0.0634629548080719,2.7755575615628914e-17,0.0,0.0
97,SEED-IV,arousal,subject,relative_power,gpu_mlp,20261007,0.5,0.0467162122390136,0.0,30.0,0.4611111111111112,0.0003299781208466,0.0,0.046386234118167,0.0,0.0213892079544881,4.0,0.0741363188289657,0.2445133211050378,0.2234097455441612,0.467700766735869,0.0770062977519281,0.0741363188289657,0.0259259259259259,0.0333333333333333,-0.0074074074074073,0,,,,,,,,,,0.0662139553589734,participant_x_stimulus,-0.007407407407407418,-0.06241332832723856,0.0404981773346662,0.137,audit,0.07413631925403,0.07413631925403,1.1796119636642288e-16,0.0,0.0
98,SEED-IV,arousal,subject,relative_power,gpu_mlp,20261007,0.75,0.0679482327207852,0.0,30.0,0.4611111111111112,0.0003299781208466,0.0,0.0676182545999386,0.0,0.0311795285099717,4.0,0.0852295711795553,0.2735678178982809,0.3016229661020311,0.5125686293980912,0.08848795071252,0.0852295711795553,0.0185185185185184,0.0333333333333333,-0.0148148148148148,0,,,,,,,,,,0.0696794684860393,participant_x_stimulus,-0.014814814814814836,-0.05882843527942896,0.02878881543874739,0.054,audit,0.0852295706937926,0.0852295706937926,3.642919299551295e-17,0.0,0.0
99,SEED-IV,arousal,subject,relative_power,gpu_mlp,20261007,1.0,0.0925565142607889,0.0,30.0,0.4611111111111112,0.0003299781208466,0.0,0.0922265361399422,0.0,0.0425266805534178,4.0,0.0999538653866427,0.3098099003695638,0.4088685295085936,0.6735012763862304,0.103711343378535,0.0999538653866427,0.0166666666666666,0.0333333333333333,-0.0166666666666666,0,,,,,,,,,,0.0739056091822319,participant_x_stimulus,-0.01666666666666672,-0.06539682317525149,0.03495448520407079,0.0776,audit,0.0999538650210914,0.0999538650210914,1.1796119636642288e-16,0.0,0.0
100,SEED-IV,arousal,subject,relative_power,linear_logistic,20260813,0.25,0.0226948952988833,0.0,30.0,0.4592592592592593,0.0002082229302624,0.0,0.0224866723686209,0.0,0.0103272124952184,1.0,0.0405818022603995,0.1460057815386074,0.1025739897734978,0.2833292849903229,0.0423701158650131,0.0405818022603995,0.0055555555555555,0.0277777777777776,-0.022222222222222,0,,,,,,,,,,0.0669786813742131,participant_x_stimulus,-0.022222222222222143,-0.06385295558720827,0.01894841282628473,0.0224,heldout,0.0405818015014246,0.0405818015014246,1.4224732503009818e-16,0.0,0.0
101,SEED-IV,arousal,subject,relative_power,linear_logistic,20260813,0.5,0.0447507992189669,0.0,30.0,0.4592592592592593,0.0002082229302624,0.0,0.0445425762887045,0.0,0.0204565905918494,1.0,0.0471592978478718,0.1667014572308534,0.1482712714439187,0.3387476141846237,0.0490402528941378,0.0471592978478718,0.0092592592592591,0.0277777777777776,-0.0185185185185185,0,,,,,,,,,,0.068951446321883,participant_x_stimulus,-0.01851851851851849,-0.05790239460766315,0.020668519986793372,0.0254,heldout,0.0471592976882514,0.0471592976882514,1.0408340855860843e-17,0.0,0.0
102,SEED-IV,arousal,subject,relative_power,linear_logistic,20260813,0.75,0.0657873402060972,0.0,30.0,0.4592592592592593,0.0002082229302624,0.0,0.0655791172758347,0.0,0.0301178168229759,1.0,0.0543675715559146,0.1885656950423366,0.2063698779513853,0.3930083235717024,0.0565189759746668,0.0543675715559146,0.0074074074074074,0.0277777777777776,-0.0203703703703702,0,,,,,,,,,,0.0708830389629121,participant_x_stimulus,-0.02037037037037026,-0.062326020933687686,0.024309495044872106,0.0356,heldout,0.054367571508382,0.054367571508382,6.245004513516506e-17,0.0,0.0
103,SEED-IV,arousal,subject,relative_power,linear_logistic,20260813,1.0,0.0905416688270916,0.0,30.0,0.4592592592592593,0.0002082229302624,0.0,0.0903334458968291,0.0,0.0414864714489141,1.0,0.0641773247788503,0.2170320103856504,0.2942663542078433,0.502259893145389,0.0666895391462228,0.0641773247788503,0.0333333333333332,0.0277777777777776,0.0055555555555556,0,,,,,,,,,,0.0732199584052211,participant_x_stimulus,0.005555555555555536,-0.043593515455722806,0.057963467296212906,0.2768,heldout,0.0641773245266489,0.0641773245266489,6.418476861114186e-17,0.0,0.0
104,SEED-IV,arousal,subject,relative_power,linear_logistic,20260829,0.25,0.0228346634361539,0.0,30.0,0.4444444444444445,0.000225379803272,0.0,0.0226092836328819,0.0,0.010048570503503,1.0,0.0396540072964288,0.1430270584357779,0.1015973899778564,0.2794816109637625,0.0414803397073245,0.0396540072964288,0.012962962962963,0.0037037037037037,0.0092592592592593,0,,,,,,,,,,0.0491464117461025,participant_x_stimulus,0.0092592592592593,-0.023333881702274083,0.04148245472460984,0.2454,audit,0.0396540066701871,0.0396540066701871,0.0,0.0,0.0
105,SEED-IV,arousal,subject,relative_power,linear_logistic,20260829,0.5,0.0455070041221178,0.0,30.0,0.4444444444444445,0.000225379803272,0.0,0.0452816243188457,0.0,0.0201251663639314,1.0,0.0461785466897479,0.1636616514193319,0.1469934415572429,0.3372415963115462,0.0480223558250826,0.0461785466897479,0.0129629629629629,0.0037037037037037,0.0092592592592592,0,,,,,,,,,,0.048324848496038,participant_x_stimulus,0.00925925925925919,-0.023448137985542416,0.04433823758736249,0.25,audit,0.0461785467312065,0.0461785467312065,1.0408340855860843e-17,0.0,0.0
106,SEED-IV,arousal,subject,relative_power,linear_logistic,20260829,0.75,0.068227542958067,0.0,30.0,0.4444444444444445,0.000225379803272,0.0,0.068002163154795,0.0,0.0302231836243533,1.0,0.0537337648432123,0.1866762697564387,0.2081253441151218,0.4122760442613136,0.0558615701980377,0.0537337648432123,0.0092592592592593,0.0037037037037037,0.0055555555555556,0,,,,,,,,,,0.0475146276396923,participant_x_stimulus,0.005555555555555536,-0.029706606175750494,0.04069462809711694,0.186,audit,0.0537337651829497,0.0537337651829497,6.418476861114186e-17,0.0,0.0
107,SEED-IV,arousal,subject,relative_power,linear_logistic,20260829,1.0,0.0909547866519596,0.0,30.0,0.4444444444444445,0.000225379803272,0.0,0.0907294068486875,0.0,0.0403241808216389,1.0,0.0624469151541528,0.212114349100042,0.2861776528990278,0.4837550680311165,0.064896090133135,0.0624469151541528,-0.0018518518518517,0.0037037037037037,-0.0055555555555554,0,,,,,,,,,,0.0467170907585231,participant_x_stimulus,-0.005555555555555536,-0.046202375739812854,0.036079247668385495,0.1028,audit,0.0624469152560477,0.0624469152560477,1.3617579286417936e-16,0.0,0.0
108,SEED-IV,arousal,subject,relative_power,linear_logistic,20260911,0.25,0.0222788209198685,0.0,30.0,0.4574074074074074,0.0002531766583008,0.0,0.0220256442615677,0.0,0.0100746928381615,1.0,0.0403334638985248,0.145209949090285,0.1016222165754659,0.2731310401172893,0.0421823598879093,0.0403334638985248,-0.0296296296296295,-0.0037037037037036,-0.0259259259259258,0,,,,,,,,,,0.0441585728033026,participant_x_stimulus,-0.025925925925925908,-0.07667160220444202,0.018908359529450525,0.0232,heldout,0.0403334639916515,0.0403334639916515,1.0755285551056204e-16,0.0,0.0
109,SEED-IV,arousal,subject,relative_power,linear_logistic,20260911,0.5,0.0438639166290289,0.0,30.0,0.4574074074074074,0.0002531766583008,0.0,0.0436107399707281,0.0,0.0199478755051293,1.0,0.0467106874904911,0.1653129750819003,0.1456757651510437,0.3346689846757766,0.0485746618088524,0.0467106874904911,0.0018518518518518,-0.0037037037037036,0.0055555555555554,0,,,,,,,,,,0.0492148136873349,participant_x_stimulus,0.005555555555555536,-0.04281172035261988,0.0555555559694767,0.2768,heldout,0.0467106876789359,0.0467106876789359,1.3617579286417936e-16,0.0,0.0
110,SEED-IV,arousal,subject,relative_power,linear_logistic,20260911,0.75,0.0660716192107824,0.0,30.0,0.4574074074074074,0.0002531766583008,0.0,0.0658184425524816,0.0,0.0301058431675239,1.0,0.0542661727967472,0.1882638379651703,0.2064122696054816,0.3942090588419998,0.0564138040925662,0.0542661727967472,-0.0074074074074074,-0.0037037037037036,-0.0037037037037037,0,,,,,,,,,,0.054986989393259,participant_x_stimulus,-0.0037037037037037646,-0.047641813103109595,0.037194116879254537,0.1208,heldout,0.0542661727901905,0.0542661727901905,6.461844948013606e-17,0.0,0.0
111,SEED-IV,arousal,subject,relative_power,linear_logistic,20260911,1.0,0.0885139431692821,0.0,30.0,0.4574074074074074,0.0002531766583008,0.0,0.0882607665109813,0.0,0.0403711283855784,1.0,0.0630615289522874,0.2138659987110863,0.2849601530319984,0.4482585588172031,0.0655331242452153,0.0630615289522874,0.0018518518518518,-0.0037037037037036,0.0055555555555554,0,,,,,,,,,,0.061463704184774,participant_x_stimulus,0.005555555555555536,-0.04302287576720119,0.05171831445768474,0.2646,heldout,0.0630615286736039,0.0630615286736039,1.3617579286417936e-16,0.0,0.0
112,SEED-IV,arousal,subject,relative_power,linear_logistic,20260923,0.25,0.0238882773956422,0.0,30.0,0.4407407407407406,0.000319641562699,0.0,0.0235686358329431,0.0,0.0103876580152601,1.0,0.0396718013087233,0.1430843280042065,0.1029244946305929,0.2960183238939957,0.0414050223880988,0.0396718013087233,0.012962962962963,0.012962962962963,0.0,0,,,,,,,,,,0.066686539477821,participant_x_stimulus,0.0,-0.038892391696572305,0.0385185182094574,0.1526,audit,0.0396718011948036,0.0396718011948036,0.0,0.0,0.0
113,SEED-IV,arousal,subject,relative_power,linear_logistic,20260923,0.5,0.047568068113108,0.0,30.0,0.4407407407407406,0.000319641562699,0.0,0.047248426550409,0.0,0.0208243065166617,1.0,0.0464846333553101,0.1646120627723102,0.1508248829603601,0.354922522582897,0.0483400444826901,0.0464846333553101,0.0148148148148148,0.012962962962963,0.0018518518518517,0,,,,,,,,,,0.0687592870979414,participant_x_stimulus,0.0018518518518517713,-0.045002452749758955,0.04969775304198264,0.225,audit,0.0464846329263017,0.0464846329263017,7.134050294954619e-17,0.0,0.0
114,SEED-IV,arousal,subject,relative_power,linear_logistic,20260923,0.75,0.0705327318215738,0.0,30.0,0.4407407407407406,0.000319641562699,0.0,0.0702130902588748,0.0,0.0309457694103929,1.0,0.0541444609304282,0.1879012989604019,0.2134346909045145,0.4208417961682835,0.0562875620589035,0.0541444609304282,0.0111111111111111,0.012962962962963,-0.0018518518518519,0,,,,,,,,,,0.0708262862513784,participant_x_stimulus,-0.0018518518518518823,-0.04460341688245535,0.040256787929683915,0.1548,audit,0.0541444607402391,0.0541444607402391,1.7780915628762273e-17,0.0,0.0
115,SEED-IV,arousal,subject,relative_power,linear_logistic,20260923,1.0,0.0950548775266376,0.0,30.0,0.4407407407407406,0.000319641562699,0.0,0.0947352359639386,0.0,0.0417536780729951,1.0,0.0636289892844677,0.2154783869760296,0.299055139692333,0.5697372723664075,0.0661212557115576,0.0636289892844677,0.0185185185185186,0.012962962962963,0.0055555555555556,0,,,,,,,,,,0.0730967301540333,participant_x_stimulus,0.005555555555555536,-0.037254903465509415,0.04844165323302148,0.2502,audit,0.063628989355245,0.063628989355245,6.418476861114186e-17,0.0,0.0
116,SEED-IV,arousal,subject,relative_power,linear_logistic,20261007,0.25,0.0233238751679728,0.0,30.0,0.4611111111111112,0.0003299781208466,0.0,0.0229938970471261,0.0,0.0106027414161748,1.0,0.0408449814802285,0.1468480061432925,0.1036210417353248,0.2957014824516225,0.0425660531734088,0.0408449814802285,0.0148148148148148,0.0222222222222221,-0.0074074074074073,0,,,,,,,,,,0.0534293822433508,participant_x_stimulus,-0.007407407407407307,-0.05088939359411597,0.035792485252022624,0.0988,heldout,0.0408449807475454,0.0408449807475454,6.938893903907228e-18,0.0,0.0
117,SEED-IV,arousal,subject,relative_power,linear_logistic,20261007,0.5,0.0467162122390136,0.0,30.0,0.4611111111111112,0.0003299781208466,0.0,0.046386234118167,0.0,0.0213892079544881,1.0,0.0479089881438706,0.1690144217819231,0.1531693857998885,0.3557375052680951,0.049818281321443,0.0479089881438706,0.0018518518518517,0.0222222222222221,-0.0203703703703704,0,,,,,,,,,,0.0565625362166684,participant_x_stimulus,-0.020370370370370372,-0.06732547767460346,0.021217534551396886,0.0274,heldout,0.0479089884263404,0.0479089884263404,2.7755575615628914e-17,0.0,0.0
118,SEED-IV,arousal,subject,relative_power,linear_logistic,20261007,0.75,0.0679482327207852,0.0,30.0,0.4611111111111112,0.0003299781208466,0.0,0.0676182545999386,0.0,0.0311795285099717,1.0,0.0553122149744638,0.1913701735174637,0.213554347192569,0.3978932689120151,0.0574987273874019,0.0553122149744638,0.0277777777777776,0.0222222222222221,0.0055555555555554,0,,,,,,,,,,0.0595551290240442,participant_x_stimulus,0.005555555555555536,-0.033939160779118537,0.043890148214995844,0.2112,heldout,0.0553122146489038,0.0553122146489038,1.3617579286417936e-16,0.0,0.0
119,SEED-IV,arousal,subject,relative_power,linear_logistic,20261007,1.0,0.0925565142607889,0.0,30.0,0.4611111111111112,0.0003299781208466,0.0,0.0922265361399422,0.0,0.0425266805534178,1.0,0.0652365673707121,0.2200209630203807,0.3030753776854343,0.5645202154186068,0.0677872421923942,0.0652365673707121,-0.0055555555555555,0.0222222222222221,-0.0277777777777776,0,,,,,,,,,,0.0632089374838546,participant_x_stimulus,-0.02777777777777768,-0.07222222536802292,0.011016082298010552,0.008,heldout,0.0652365671229261,0.0652365671229261,7.979727989493313e-17,0.0,0.0
120,SEED-IV,valence,subject,all,gpu_mlp,20260813,0.25,0.0228283812343657,0.0,90.0,0.6240740740740742,0.0003361445154739,0.0,0.0224922367188918,0.0,0.0140368218041972,4.0,0.0816001584533784,0.264234879084112,0.1735191899249921,0.4439536435102553,0.084732635741554,0.0816001584533784,0.0388888888888889,0.0407407407407407,-0.0018518518518517,0,,,,,,,,,,0.0452841255749681,participant_x_stimulus,-0.0018518518518517713,-0.049362671375274655,0.046607844065874794,0.1752,audit,0.0816001575182343,0.0816001575182343,7.134050294954619e-17,0.0,0.0
121,SEED-IV,valence,subject,all,gpu_mlp,20260813,0.5,0.0459499974323077,0.0,90.0,0.6240740740740742,0.0003361445154739,0.0,0.0456138529168338,0.0,0.028466423024024,4.0,0.0971269631831031,0.3030462098264906,0.2704980009466599,0.5191447399585228,0.1007900722942474,0.0971269631831031,0.0648148148148148,0.0407407407407407,0.024074074074074,1,,,,,,,,,,0.0444368755255081,participant_x_stimulus,0.024074074074074137,-0.022426135512068866,0.07588344216346739,0.5632,audit,0.0971269645434405,0.0971269645434405,1.3530843112619095e-16,0.0,0.0
122,SEED-IV,valence,subject,all,gpu_mlp,20260813,0.75,0.0631400485187001,0.0,90.0,0.6240740740740742,0.0003361445154739,0.0,0.0628039040032262,0.0,0.0391942882390504,4.0,0.1103290812776261,0.3338873853777352,0.3614162401765121,0.5552569917586252,0.1144269998135865,0.1103290812776261,0.0259259259259259,0.0407407407407407,-0.0148148148148148,0,,,,,,,,,,0.0438167946832092,participant_x_stimulus,-0.014814814814814836,-0.061145175620913504,0.03206453602761029,0.0672,audit,0.1103290815295202,0.1103290815295202,3.642919299551295e-17,0.0,0.0
123,SEED-IV,valence,subject,all,gpu_mlp,20260813,1.0,0.0902064085258353,0.0,90.0,0.6240740740740742,0.0003361445154739,0.0,0.0898702640103614,0.0,0.0560857017990588,4.0,0.1342934822242908,0.385376461609807,0.5241335275910629,0.7015685663330247,0.1391422932529543,0.1342934822242908,0.0240740740740741,0.0407407407407407,-0.0166666666666666,0,,,,,,,,,,0.0428571612569589,participant_x_stimulus,-0.016666666666666607,-0.06248961202800274,0.0320837183855474,0.065,audit,0.1342934830085531,0.1342934830085531,6.938893903907228e-18,0.0,0.0
124,SEED-IV,valence,subject,all,gpu_mlp,20260829,0.25,0.0235468010529973,0.0,90.0,0.6101851851851852,0.0001860696208296,0.0,0.0233607314321677,0.0,0.0142543722349986,4.0,0.0803871671122589,0.2610787816090844,0.1747897499183279,0.4579650574234881,0.0834773123788053,0.0803871671122589,0.0462962962962962,0.0462962962962962,0.0,0,,,,,,,,,,0.0453570319836242,participant_x_stimulus,0.0,-0.046538499370217326,0.04476622566580766,0.1868,heldout,0.0803871671052516,0.0803871671052516,0.0,0.0,0.0
125,SEED-IV,valence,subject,all,gpu_mlp,20260829,0.5,0.0463453299971875,0.0,90.0,0.6101851851851852,0.0001860696208296,0.0,0.0461592603763579,0.0,0.0281656968407591,4.0,0.0952857898643414,0.2985924882251345,0.2685826776960712,0.5238631654361247,0.0988870650945883,0.0952857898643414,0.0203703703703703,0.0462962962962962,-0.0259259259259258,0,,,,,,,,,,0.0445299406231521,participant_x_stimulus,-0.025925925925925908,-0.08355032373219728,0.0295753980055451,0.0528,heldout,0.0952857895388187,0.0952857895388187,1.0755285551056204e-16,0.0,0.0
126,SEED-IV,valence,subject,all,gpu_mlp,20260829,0.75,0.0713640261777028,0.0,90.0,0.6101851851851852,0.0001860696208296,0.0,0.0711779565568732,0.0,0.0434317346027587,4.0,0.1144338179205999,0.3431018907595494,0.4017895870489096,0.6199386223407019,0.1186638622399575,0.1144338179205999,0.0611111111111111,0.0462962962962962,0.0148148148148149,0,,,,,,,,,,0.0436388589167229,participant_x_stimulus,0.014814814814814836,-0.03438032111153007,0.06627218946814534,0.4086,heldout,0.1144338184390382,0.1144338184390382,6.418476861114186e-17,0.0,0.0
127,SEED-IV,valence,subject,all,gpu_mlp,20260829,1.0,0.0931612777512094,0.0,90.0,0.6101851851851852,0.0001860696208296,0.0,0.0929752081303798,0.0,0.0567320945906669,4.0,0.1337668882869787,0.3843023686008273,0.5319687498049719,0.758791750587016,0.1385997300961577,0.1337668882869787,0.0277777777777777,0.0462962962962962,-0.0185185185185184,0,,,,,,,,,,0.042876409071683,participant_x_stimulus,-0.01851851851851849,-0.07568697612732649,0.03636413039639592,0.0744,heldout,0.1337668885975713,0.1337668885975713,9.020562075079397e-17,0.0,0.0
128,SEED-IV,valence,subject,all,gpu_mlp,20260911,0.25,0.0212807587031434,0.0,90.0,0.6092592592592594,0.0001916416886024,0.0,0.021089117014541,0.0,0.012848739810711,4.0,0.0789123476165523,0.2572161344175258,0.1669160656126255,0.4196486957091884,0.0819508518617392,0.0789123476165523,-0.0129629629629629,-0.0037037037037036,-0.0092592592592593,0,,,,,,,,,,0.0454843871014345,participant_x_stimulus,-0.0092592592592593,-0.05714286118745804,0.03632738254964348,0.1032,audit,0.0789123470789845,0.0789123470789845,0.0,0.0,0.0
129,SEED-IV,valence,subject,all,gpu_mlp,20260911,0.5,0.0423514317428559,0.0,90.0,0.6092592592592594,0.0001916416886024,0.0,0.0421597900542535,0.0,0.0256862424589803,4.0,0.092363044723315,0.2914425134198229,0.2497831599094551,0.4902721432611454,0.0958655613420596,0.092363044723315,0.0074074074074075,-0.0037037037037036,0.0111111111111111,0,,,,,,,,,,0.0446595489048716,participant_x_stimulus,0.011111111111111183,-0.03194572366774082,0.054417213052511196,0.3508,audit,0.0923630441968902,0.0923630441968902,8.326672684688674e-17,0.0,0.0
130,SEED-IV,valence,subject,all,gpu_mlp,20260911,0.75,0.061090061960045,0.0,90.0,0.6092592592592594,0.0001916416886024,0.0,0.0608984202714426,0.0,0.0371029264246381,4.0,0.1060191041407539,0.3240248736109627,0.3434166959156053,0.5482072524014103,0.1099767273549954,0.1060191041407539,-0.0037037037037036,-0.0037037037037036,0.0,0,,,,,,,,,,0.0439379975486637,participant_x_stimulus,0.0,-0.05573180699720979,0.056141601502895336,0.2366,audit,0.1060191045524892,0.1060191045524892,0.0,0.0,0.0
131,SEED-IV,valence,subject,all,gpu_mlp,20260911,1.0,0.084489686955556,0.0,90.0,0.6092592592592594,0.0001916416886024,0.0,0.0842980452669536,0.0,0.0513593646163476,4.0,0.1255443131997881,0.3672079066448783,0.4789885858397528,0.6293229753278803,0.1301247088320036,0.1255443131997881,0.0185185185185186,-0.0037037037037036,0.0222222222222222,1,,,,,,,,,,0.0430525789219536,participant_x_stimulus,0.022222222222222254,-0.02678736797533929,0.07051470912992952,0.5354,audit,0.1255443134040264,0.1255443134040264,5.551115123125783e-17,0.0,0.0
132,SEED-IV,valence,subject,all,gpu_mlp,20260923,0.25,0.0230507124675987,0.0,90.0,0.6055555555555556,0.0002691148094288,0.0,0.0227815976581699,0.0,0.0137955230263362,4.0,0.0794648731734366,0.2586665050397793,0.1721994965624427,0.4468813094937225,0.0825227462303473,0.0794648731734366,0.0203703703703703,0.0074074074074074,0.0129629629629628,0,,,,,,,,,,0.0730018265345113,participant_x_stimulus,0.012962962962962954,-0.03918270971626043,0.06212646719068288,0.3814,heldout,0.0794648730319541,0.0794648730319541,1.5439038936193583e-16,0.0,0.0
133,SEED-IV,valence,subject,all,gpu_mlp,20260923,0.5,0.0453396269190027,0.0,90.0,0.6055555555555556,0.0002691148094288,0.0,0.0450705121095739,0.0,0.0272926989996864,4.0,0.0937940531362383,0.2949555809361362,0.2619906310249756,0.4985100109099247,0.0973450152613267,0.0937940531362383,0.0055555555555555,0.0074074074074074,-0.0018518518518518,0,,,,,,,,,,0.0826407624449061,participant_x_stimulus,-0.0018518518518518823,-0.054333190247416494,0.051284726522862874,0.1972,heldout,0.0937940539984321,0.0937940539984321,8.218252467440124e-17,0.0,0.0
134,SEED-IV,valence,subject,all,gpu_mlp,20260923,0.75,0.0708141545595939,0.0,90.0,0.6055555555555556,0.0002691148094288,0.0,0.0705450397501651,0.0,0.0427189407375999,4.0,0.1129703399097903,0.3398362523761454,0.3953714729890206,0.6103705956782085,0.1171534434532644,0.1129703399097903,0.0018518518518517,0.0074074074074074,-0.0055555555555557,0,,,,,,,,,,0.0950646811888778,participant_x_stimulus,-0.005555555555555647,-0.05703703686594963,0.045753677375614615,0.164,heldout,0.1129703403986593,0.1129703403986593,5.2909066017292616e-17,0.0,0.0
135,SEED-IV,valence,subject,all,gpu_mlp,20260923,1.0,0.0917941182909007,0.0,90.0,0.6055555555555556,0.0002691148094288,0.0,0.0915250034814719,0.0,0.0554234743304468,4.0,0.131251818016021,0.3791385012746435,0.5195636510202192,0.7004080110494436,0.1360080603090448,0.131251818016021,-0.0074074074074074,0.0074074074074074,-0.0148148148148148,0,,,,,,,,,,0.1065256403444569,participant_x_stimulus,-0.014814814814814836,-0.07013450246304273,0.0436507947742939,0.1086,heldout,0.1312518181760127,0.1312518181760127,3.642919299551295e-17,0.0,0.0
136,SEED-IV,valence,subject,all,gpu_mlp,20261007,0.25,0.0229249353695203,0.0,90.0,0.6055555555555556,0.0002271450171467,0.0,0.0226977903523736,0.0,0.0137447730467151,4.0,0.0794149727948194,0.2585356786996102,0.1719132187329329,0.4435082945769981,0.0824710976766157,0.0794149727948194,0.0185185185185184,0.0314814814814814,-0.012962962962963,0,,,,,,,,,,0.0454162758871501,participant_x_stimulus,-0.012962962962962954,-0.0671729851514101,0.04107026392593976,0.1128,audit,0.0794149730258882,0.0794149730258882,4.683753385137379e-17,0.0,0.0
137,SEED-IV,valence,subject,all,gpu_mlp,20261007,0.5,0.0458648414077869,0.0,90.0,0.6055555555555556,0.0002271450171467,0.0,0.0456376963906402,0.0,0.0276361605921099,4.0,0.0941873036704458,0.2959168305869017,0.2646288340392883,0.5097203968965325,0.097751547954644,0.0941873036704458,0.0481481481481481,0.0314814814814814,0.0166666666666666,0,,,,,,,,,,0.0445863244871788,participant_x_stimulus,0.01666666666666672,-0.032896545436233285,0.06845403406769035,0.4442,audit,0.0941873041020568,0.0941873041020568,1.1796119636642288e-16,0.0,0.0
138,SEED-IV,valence,subject,all,gpu_mlp,20261007,0.75,0.0685252589959454,0.0,90.0,0.6055555555555556,0.0002271450171467,0.0,0.0682981139787987,0.0,0.0413583023538281,4.0,0.1111500404349757,0.335744070295855,0.3825667066605636,0.5879285132625879,0.1152745006755279,0.1111500404349757,0.0388888888888888,0.0314814814814814,0.0074074074074073,0,,,,,,,,,,0.0437806936472007,participant_x_stimulus,0.007407407407407418,-0.035966907255351545,0.054368181992322163,0.2802,audit,0.1111500407141909,0.1111500407141909,1.1796119636642288e-16,0.0,0.0
139,SEED-IV,valence,subject,all,gpu_mlp,20261007,1.0,0.0910857449348406,0.0,90.0,0.6055555555555556,0.0002271450171467,0.0,0.0908585999176939,0.0,0.055019929950159,4.0,0.1306343772212753,0.3778621434737705,0.5155736418931575,0.6788257486737692,0.1353717314690549,0.1306343772212753,0.0444444444444444,0.0314814814814814,0.0129629629629629,0,,,,,,,,,,0.0429924260728599,participant_x_stimulus,0.012962962962962954,-0.04107818445190787,0.07166792806237934,0.4042,audit,0.1306343775312871,0.1306343775312871,5.377642775528102e-17,0.0,0.0
140,SEED-IV,valence,subject,all,linear_logistic,20260813,0.25,0.0228283812343657,0.0,90.0,0.6240740740740742,0.0003361445154739,0.0,0.0224922367188918,0.0,0.0140368218041972,1.0,0.0528831514821608,0.1841306651077972,0.1166092086767387,0.3341070326911259,0.0549792304178135,0.0528831514821608,0.024074074074074,0.0277777777777776,-0.0037037037037035,0,,,,,,,,,,0.0586016766017444,participant_x_stimulus,-0.0037037037037036535,-0.04667003387585282,0.04452584097161862,0.1446,heldout,0.0528831508571657,0.0528831508571657,1.5352302762394743e-16,0.0,0.0
141,SEED-IV,valence,subject,all,linear_logistic,20260813,0.5,0.0459499974323077,0.0,90.0,0.6240740740740742,0.0003361445154739,0.0,0.0456138529168338,0.0,0.028466423024024,1.0,0.0633224625642638,0.214608000912626,0.1890571355393151,0.4042182106466284,0.0658035664715285,0.0633224625642638,-0.0037037037037037,0.0277777777777776,-0.0314814814814813,0,,,,,,,,,,0.0625315134519897,participant_x_stimulus,-0.031481481481481444,-0.07847724873572588,0.01176572826225309,0.0098,heldout,0.063322463484349,0.063322463484349,1.457167719820518e-16,0.0,0.0
142,SEED-IV,valence,subject,all,linear_logistic,20260813,0.75,0.0631400485187001,0.0,90.0,0.6240740740740742,0.0003361445154739,0.0,0.0628039040032262,0.0,0.0391942882390504,1.0,0.0722975954326652,0.2395422007527867,0.2624499676548882,0.4396453310040428,0.0751021672579153,0.0722975954326652,0.0018518518518518,0.0277777777777776,-0.0259259259259258,0,,,,,,,,,,0.0656111965695011,participant_x_stimulus,-0.025925925925925797,-0.0658285453915596,0.01693400191143151,0.0176,heldout,0.0722975956047851,0.0722975956047851,3.469446951953614e-18,0.0,0.0
143,SEED-IV,valence,subject,all,linear_logistic,20260813,1.0,0.0902064085258353,0.0,90.0,0.6240740740740742,0.0003361445154739,0.0,0.0898702640103614,0.0,0.0560857017990588,1.0,0.0888260046926122,0.2826559167156937,0.4091593302349112,0.5963410507850624,0.092208018858473,0.0888260046926122,0.0129629629629629,0.0277777777777776,-0.0148148148148147,0,,,,,,,,,,0.0707471723703242,participant_x_stimulus,-0.014814814814814725,-0.05740740895271301,0.02481481432914734,0.0406,heldout,0.0888260052385927,0.0888260052385927,2.6020852139652106e-17,0.0,0.0
144,SEED-IV,valence,subject,all,linear_logistic,20260829,0.25,0.0235468010529973,0.0,90.0,0.6101851851851852,0.0001860696208296,0.0,0.0233607314321677,0.0,0.0142543722349986,1.0,0.0520728363067287,0.1816950794353889,0.1175223113902068,0.3468139318708954,0.0541386334498781,0.0520728363067287,0.0074074074074075,0.0148148148148148,-0.0074074074074073,0,,,,,,,,,,0.0702906102392459,participant_x_stimulus,-0.007407407407407307,-0.05555555243045092,0.034511029627174124,0.1036,audit,0.0520728363020498,0.0520728363020498,6.938893903907228e-18,0.0,0.0
145,SEED-IV,valence,subject,all,linear_logistic,20260829,0.5,0.0463453299971875,0.0,90.0,0.6101851851851852,0.0001860696208296,0.0,0.0461592603763579,0.0,0.0281656968407591,1.0,0.0620780397881164,0.2110604106387056,0.1875702015229646,0.4087800690758226,0.0645137429423107,0.0620780397881164,0.0148148148148148,0.0148148148148148,0.0,0,,,,,,,,,,0.0727438062835932,participant_x_stimulus,0.0,-0.04918318493291736,0.046390129625797145,0.2008,audit,0.0620780395682563,0.0620780395682563,0.0,0.0,0.0
146,SEED-IV,valence,subject,all,linear_logistic,20260829,0.75,0.0713640261777028,0.0,90.0,0.6101851851851852,0.0001860696208296,0.0,0.0711779565568732,0.0,0.0434317346027587,1.0,0.075106840930837,0.2471189412219518,0.2969081003450267,0.506187604923782,0.0780112252333957,0.075106840930837,0.0333333333333334,0.0148148148148148,0.0185185185185186,0,,,,,,,,,,0.075526528427689,participant_x_stimulus,0.0185185185185186,-0.03196898614987731,0.06750109922140834,0.457,audit,0.0751068412862168,0.0751068412862168,0.0,0.0,0.0
147,SEED-IV,valence,subject,all,linear_logistic,20260829,1.0,0.0931612777512094,0.0,90.0,0.6101851851851852,0.0001860696208296,0.0,0.0929752081303798,0.0,0.0567320945906669,1.0,0.0884594808375936,0.2817368842192271,0.4167811475999437,0.6640802406930453,0.0918289461786263,0.0884594808375936,0.0166666666666667,0.0148148148148148,0.0018518518518519,0,,,,,,,,,,0.0780302832712834,participant_x_stimulus,0.0018518518518518823,-0.05151695469394326,0.054862601496279216,0.233,audit,0.0884594810537301,0.0884594810537301,1.7780915628762273e-17,0.0,0.0
148,SEED-IV,valence,subject,all,linear_logistic,20260911,0.25,0.0212807587031434,0.0,90.0,0.6092592592592594,0.0001916416886024,0.0,0.021089117014541,0.0,0.012848739810711,1.0,0.0510886256314771,0.17872283915896,0.1118785850887867,0.3124367603263608,0.0531175657582547,0.0510886256314771,0.0092592592592593,0.0148148148148148,-0.0055555555555554,0,,,,,,,,,,0.0477838220270115,participant_x_stimulus,-0.005555555555555536,-0.04815058447420597,0.039016203675419074,0.1276,heldout,0.0510886252729375,0.0510886252729375,1.3617579286417936e-16,0.0,0.0
149,SEED-IV,valence,subject,all,linear_logistic,20260911,0.5,0.0423514317428559,0.0,90.0,0.6092592592592594,0.0001916416886024,0.0,0.0421597900542535,0.0,0.0256862424589803,1.0,0.0601062191429258,0.2053926710526808,0.1730991806799392,0.3767296923430419,0.062469708607895,0.0601062191429258,0.0055555555555555,0.0148148148148148,-0.0092592592592593,0,,,,,,,,,,0.0469193343765132,participant_x_stimulus,-0.0092592592592593,-0.0631598288193345,0.045753677468746874,0.1328,heldout,0.0601062187881744,0.0601062187881744,0.0,0.0,0.0
150,SEED-IV,valence,subject,all,linear_logistic,20260911,0.75,0.061090061960045,0.0,90.0,0.6092592592592594,0.0001916416886024,0.0,0.0608984202714426,0.0,0.0371029264246381,1.0,0.0693574861866634,0.2314979823230121,0.2474691737676408,0.4326355515529598,0.0720568639099417,0.0693574861866634,0.0037037037037037,0.0148148148148148,-0.0111111111111111,0,,,,,,,,,,0.046163036557576,participant_x_stimulus,-0.011111111111111072,-0.05795135367661714,0.03889093277975914,0.099,heldout,0.0693574864670659,0.0693574864670659,2.7755575615628914e-17,0.0,0.0
151,SEED-IV,valence,subject,all,linear_logistic,20260911,1.0,0.084489686955556,0.0,90.0,0.6092592592592594,0.0001916416886024,0.0,0.0842980452669536,0.0,0.0513593646163476,1.0,0.0827558586496826,0.2672245950916962,0.3662946328306521,0.5161886984411137,0.085928550151521,0.0827558586496826,0.011111111111111,0.0148148148148148,-0.0037037037037037,0,,,,,,,,,,0.0452349014064673,participant_x_stimulus,-0.0037037037037037646,-0.046994139347225426,0.04649561401456588,0.1476,heldout,0.0827558587908993,0.0827558587908993,6.461844948013606e-17,0.0,0.0
152,SEED-IV,valence,subject,all,linear_logistic,20260923,0.25,0.0230507124675987,0.0,90.0,0.6055555555555556,0.0002691148094288,0.0,0.0227815976581699,0.0,0.0137955230263362,1.0,0.0514572195659793,0.1798377675789827,0.1156617700585438,0.3367490100546083,0.0534999727612,0.0514572195659793,0.0444444444444444,0.0314814814814814,0.0129629629629629,0,,,,,,,,,,0.0528658345232196,participant_x_stimulus,0.012962962962962954,-0.023628663457930087,0.0525067426264286,0.3512,audit,0.0514572194715753,0.0514572194715753,5.377642775528102e-17,0.0,0.0
153,SEED-IV,valence,subject,all,linear_logistic,20260923,0.5,0.0453396269190027,0.0,90.0,0.6055555555555556,0.0002691148094288,0.0,0.0450705121095739,0.0,0.0272926989996864,1.0,0.0610710899353467,0.2081732308303459,0.1824704655142481,0.3844988519361673,0.0634699578516925,0.0610710899353467,0.0203703703703702,0.0314814814814814,-0.0111111111111112,0,,,,,,,,,,0.0600182125271443,participant_x_stimulus,-0.011111111111111183,-0.05413575526326895,0.032389207091182426,0.0688,audit,0.0610710905170092,0.0610710905170092,1.734723475976807e-17,0.0,0.0
154,SEED-IV,valence,subject,all,linear_logistic,20260923,0.75,0.0708141545595939,0.0,90.0,0.6055555555555556,0.0002691148094288,0.0,0.0705450397501651,0.0,0.0427189407375999,1.0,0.0741042234545467,0.2444269365442636,0.2913493862940837,0.4960836377874996,0.0769730631910308,0.0741042234545467,0.0499999999999999,0.0314814814814814,0.0185185185185184,0,,,,,,,,,,0.0692980512515716,participant_x_stimulus,0.01851851851851849,-0.02117684935219586,0.06373871061950918,0.463,audit,0.0741042237892769,0.0741042237892769,9.020562075079397e-17,0.0,0.0
155,SEED-IV,valence,subject,all,linear_logistic,20260923,1.0,0.0917941182909007,0.0,90.0,0.6055555555555556,0.0002691148094288,0.0,0.0915250034814719,0.0,0.0554234743304468,1.0,0.0867110027168664,0.2773304147045344,0.4047392887154024,0.5950075072641531,0.0900204448764012,0.0867110027168664,0.0148148148148147,0.0314814814814814,-0.0166666666666667,0,,,,,,,,,,0.0779200759608984,participant_x_stimulus,-0.01666666666666672,-0.0653861591592431,0.029861362790688867,0.0628,audit,0.0867110028279834,0.0867110028279834,1.734723475976807e-17,0.0,0.0
156,SEED-IV,valence,subject,all,linear_logistic,20261007,0.25,0.0229249353695203,0.0,90.0,0.6055555555555556,0.0002271450171467,0.0,0.0226977903523736,0.0,0.0137447730467151,1.0,0.0514239242437679,0.179737144248516,0.1154563754321133,0.3337057450521211,0.0534654301805546,0.0514239242437679,0.0277777777777779,0.0222222222222223,0.0055555555555556,0,,,,,,,,,,0.0475447314515812,participant_x_stimulus,0.005555555555555536,-0.03819452710449696,0.04612318016588683,0.2376,heldout,0.0514239243979423,0.0514239243979423,6.418476861114186e-17,0.0,0.0
157,SEED-IV,valence,subject,all,linear_logistic,20261007,0.5,0.0458648414077869,0.0,90.0,0.6055555555555556,0.0002271450171467,0.0,0.0456376963906402,0.0,0.0276361605921099,1.0,0.0613364290333458,0.2089354720096196,0.184508108441671,0.3951656567090345,0.0637450118538618,0.0613364290333458,0.0277777777777779,0.0222222222222223,0.0055555555555556,0,,,,,,,,,,0.046677785943476,participant_x_stimulus,0.005555555555555536,-0.040771241672337054,0.05185363432392475,0.2592,heldout,0.0613364293246121,0.0613364293246121,6.418476861114186e-17,0.0,0.0
158,SEED-IV,valence,subject,all,linear_logistic,20261007,0.75,0.0685252589959454,0.0,90.0,0.6055555555555556,0.0002271450171467,0.0,0.0682981139787987,0.0,0.0413583023538281,1.0,0.0728587375361076,0.2410641139480089,0.280351459115159,0.4727451635738496,0.0756833013602627,0.0728587375361076,0.0351851851851852,0.0222222222222223,0.0129629629629629,0,,,,,,,,,,0.0458361774752198,participant_x_stimulus,0.012962962962962843,-0.029386610304936767,0.053193380311131425,0.372,heldout,0.0728587377270175,0.0728587377270175,5.724587470723463e-17,0.0,0.0
159,SEED-IV,valence,subject,all,linear_logistic,20261007,1.0,0.0910857449348406,0.0,90.0,0.6055555555555556,0.0002271450171467,0.0,0.0908585999176939,0.0,0.055019929950159,1.0,0.0862822826772985,0.2762442956816828,0.4008952701537232,0.5704885298098117,0.0895769670390848,0.0862822826772985,0.0166666666666667,0.0222222222222223,-0.0055555555555555,0,,,,,,,,,,0.0450126432298232,participant_x_stimulus,-0.005555555555555647,-0.05015630908310413,0.04111342644318935,0.1376,heldout,0.0862822828925033,0.0862822828925033,1.465841337200402e-16,0.0,0.0
160,SEED-IV,valence,subject,normalized_asymmetry,gpu_mlp,20260813,0.25,0.0228283812343657,0.0,15.0,0.262037037037037,0.0003361445154739,0.0,0.0224922367188918,0.0,0.005893799066154,4.0,0.0460601780740286,0.1632936940414213,0.132735556164723,0.2880490440069827,0.055461780889408,0.0460601780740286,0.0111111111111111,0.0074074074074075,0.0037037037037035,0,,,,,,,,,,0.0557716690805535,participant_x_stimulus,0.0037037037037036535,-0.04041710924357176,0.051825068239122564,0.2326,audit,0.046060177710457,0.046060177710457,1.5352302762394743e-16,0.0,0.0
161,SEED-IV,valence,subject,normalized_asymmetry,gpu_mlp,20260813,0.5,0.0459499974323077,0.0,15.0,0.262037037037037,0.0003361445154739,0.0,0.0456138529168338,0.0,0.0119525188661703,4.0,0.0522648903717374,0.1822732781662996,0.1695537940243371,0.3265320503966305,0.0608307627505455,0.0522648903717374,-0.0055555555555555,0.0074074074074075,-0.0129629629629629,0,,,,,,,,,,0.0583547733048486,participant_x_stimulus,-0.012962962962963065,-0.05899866875261068,0.032380953431129456,0.0762,audit,0.0522648913193124,0.0522648913193124,1.6479873021779667e-16,0.0,0.0
162,SEED-IV,valence,subject,normalized_asymmetry,gpu_mlp,20260813,0.75,0.0631400485187001,0.0,15.0,0.262037037037037,0.0003361445154739,0.0,0.0628039040032262,0.0,0.0164569489193639,4.0,0.0573813297855966,0.1974650597728722,0.2018884874739177,0.3621036077684243,0.0667267135613739,0.0573813297855966,0.0166666666666667,0.0074074074074075,0.0092592592592592,0,,,,,,,,,,0.0603475119212992,participant_x_stimulus,0.00925925925925919,-0.04333333307877183,0.060787072498351295,0.3458,audit,0.0573813306693211,0.0573813306693211,1.0408340855860843e-17,0.0,0.0
163,SEED-IV,valence,subject,normalized_asymmetry,gpu_mlp,20260813,1.0,0.0902064085258353,0.0,15.0,0.262037037037037,0.0003361445154739,0.0,0.0898702640103614,0.0,0.0235493376990113,4.0,0.0663990079063421,0.2232826727272136,0.2616959351466715,0.4532605701924629,0.0770929359556293,0.0663990079063421,-0.011111111111111,0.0074074074074075,-0.0185185185185185,0,,,,,,,,,,0.0636146013818811,participant_x_stimulus,-0.0185185185185186,-0.06795725245028734,0.028775361832231276,0.05,audit,0.0663990081426215,0.0663990081426215,1.0061396160665481e-16,0.0,0.0
164,SEED-IV,valence,subject,normalized_asymmetry,gpu_mlp,20260829,0.25,0.0235468010529973,0.0,15.0,0.2277777777777777,0.0001860696208296,0.0,0.0233607314321677,0.0,0.0053210554928826,4.0,0.0437898046477835,0.1561908598097027,0.1304405246108183,0.2965751797607905,0.0556404793858072,0.0437898046477835,0.0277777777777776,0.0259259259259259,0.0018518518518516,0,,,,,,,,,,0.0679695445713059,participant_x_stimulus,0.0018518518518517713,-0.03588273087516427,0.04083829205483191,0.1622,heldout,0.0437898043023591,0.0437898043023591,1.713039432527097e-16,0.0,0.0
165,SEED-IV,valence,subject,normalized_asymmetry,gpu_mlp,20260829,0.5,0.0463453299971875,0.0,15.0,0.2277777777777777,0.0001860696208296,0.0,0.0461592603763579,0.0,0.0105140537523926,4.0,0.0493609212090907,0.173467884187174,0.1625894744975086,0.3318786370819745,0.0605295368455441,0.0493609212090907,0.0185185185185183,0.0259259259259259,-0.0074074074074076,0,,,,,,,,,,0.0695641334696421,participant_x_stimulus,-0.007407407407407529,-0.041215171292424205,0.026621528668329102,0.053,heldout,0.0493609208159146,0.0493609208159146,7.112366251504909e-17,0.0,0.0
166,SEED-IV,valence,subject,normalized_asymmetry,gpu_mlp,20260829,0.75,0.0713640261777028,0.0,15.0,0.2277777777777777,0.0001860696208296,0.0,0.0711779565568732,0.0,0.0162127567712877,4.0,0.0562453529316603,0.1941269858203685,0.2048945131030974,0.3918327003015205,0.0686922632115205,0.0562453529316603,0.0277777777777776,0.0259259259259259,0.0018518518518516,0,,,,,,,,,,0.0713537927155937,participant_x_stimulus,0.0018518518518517713,-0.04386164667084813,0.05112438611686226,0.209,heldout,0.0562453519965822,0.0562453519965822,1.713039432527097e-16,0.0,0.0
167,SEED-IV,valence,subject,normalized_asymmetry,gpu_mlp,20260829,1.0,0.0931612777512094,0.0,15.0,0.2277777777777777,0.0001860696208296,0.0,0.0929752081303798,0.0,0.0211776862963642,4.0,0.0629699502753065,0.213605353834015,0.2479964947149029,0.5143384229794847,0.0767839172614125,0.0629699502753065,0.0055555555555555,0.0259259259259259,-0.0203703703703704,0,,,,,,,,,,0.0729475630762618,participant_x_stimulus,-0.020370370370370372,-0.06140272123739123,0.02095488747581836,0.027,heldout,0.0629699494572451,0.0629699494572451,2.7755575615628914e-17,0.0,0.0
168,SEED-IV,valence,subject,normalized_asymmetry,gpu_mlp,20260911,0.25,0.0212807587031434,0.0,15.0,0.250925925925926,0.0001916416886024,0.0,0.021089117014541,0.0,0.0052918062138339,4.0,0.0449022903729292,0.1596820404890405,0.1296956562139376,0.2789451347924705,0.0551742193477975,0.0449022903729292,0.0,0.0277777777777777,-0.0277777777777777,0,,,,,,,,,,0.048475451488187,participant_x_stimulus,-0.02777777777777779,-0.06943374015390873,0.008015977358445524,0.0082,audit,0.0449022895247847,0.0449022895247847,9.020562075079397e-17,0.0,0.0
169,SEED-IV,valence,subject,normalized_asymmetry,gpu_mlp,20260911,0.5,0.0423514317428559,0.0,15.0,0.250925925925926,0.0001916416886024,0.0,0.0421597900542535,0.0,0.0105789843562062,4.0,0.0503142176490084,0.1763733349213073,0.1612615510545511,0.3202484297617496,0.0596437177849633,0.0503142176490084,0.0222222222222222,0.0277777777777777,-0.0055555555555555,0,,,,,,,,,,0.0478654136568752,participant_x_stimulus,-0.005555555555555536,-0.04359127096831798,0.031111110001802444,0.0864,audit,0.0503142167418904,0.0503142167418904,3.5561831257524545e-17,0.0,0.0
170,SEED-IV,valence,subject,normalized_asymmetry,gpu_mlp,20260911,0.75,0.061090061960045,0.0,15.0,0.250925925925926,0.0001916416886024,0.0,0.0608984202714426,0.0,0.0152809924940379,4.0,0.0556410033198489,0.1923430525298884,0.194303027563334,0.3581739442047302,0.0657575873647019,0.0556410033198489,0.0166666666666667,0.0277777777777777,-0.0111111111111109,0,,,,,,,,,,0.047329024732126,participant_x_stimulus,-0.011111111111111072,-0.05098039293661714,0.029024622170254536,0.0642,audit,0.0556410029287383,0.0556410029287383,1.717376241217039e-16,0.0,0.0
171,SEED-IV,valence,subject,normalized_asymmetry,gpu_mlp,20260911,1.0,0.084489686955556,0.0,15.0,0.250925925925926,0.0001916416886024,0.0,0.0842980452669536,0.0,0.0211525650623559,4.0,0.0630383970787831,0.2138001734885902,0.2424403423849262,0.4147174179873469,0.0743940125688598,0.0630383970787831,0.0185185185185184,0.0277777777777777,-0.0092592592592593,0,,,,,,,,,,0.0466672342071259,participant_x_stimulus,-0.0092592592592593,-0.05556159820407629,0.03253968432545662,0.0824,audit,0.0630383964618033,0.0630383964618033,0.0,0.0,0.0
172,SEED-IV,valence,subject,normalized_asymmetry,gpu_mlp,20260923,0.25,0.0230507124675987,0.0,15.0,0.2425925925925926,0.0002691148094288,0.0,0.0227815976581699,0.0,0.0055266468392967,4.0,0.044711531703129,0.1590848867260053,0.1311824461376731,0.294147449954003,0.0555212587192827,0.044711531703129,0.0185185185185184,0.0518518518518518,-0.0333333333333334,0,,,,,,,,,,0.04764964419929,participant_x_stimulus,-0.033333333333333326,-0.07609156630933285,0.006176960980519645,0.0044,heldout,0.044711531133078,0.044711531133078,7.632783294297951e-17,0.0,0.0
173,SEED-IV,valence,subject,normalized_asymmetry,gpu_mlp,20260923,0.5,0.0453396269190027,0.0,15.0,0.2425925925925926,0.0002691148094288,0.0,0.0450705121095739,0.0,0.0109337723821373,4.0,0.0503695081755564,0.176541405947544,0.1642062496444807,0.3226029355316434,0.0603055501756594,0.0503695081755564,0.0351851851851852,0.0518518518518518,-0.0166666666666666,0,,,,,,,,,,0.0520368368824219,participant_x_stimulus,-0.016666666666666607,-0.05363736730068922,0.02252809368073936,0.0342,heldout,0.0503695085662739,0.0503695085662739,6.938893903907228e-18,0.0,0.0
174,SEED-IV,valence,subject,normalized_asymmetry,gpu_mlp,20260923,0.75,0.0708141545595939,0.0,15.0,0.2425925925925926,0.0002691148094288,0.0,0.0705450397501651,0.0,0.01711370408754,4.0,0.0576648636429793,0.1982951714659525,0.209764864566413,0.3912430441753831,0.0689355422142019,0.0576648636429793,0.0370370370370369,0.0518518518518518,-0.0148148148148148,0,,,,,,,,,,0.0575178565414359,participant_x_stimulus,-0.014814814814814836,-0.0650339376181364,0.030101414583623393,0.068,heldout,0.0576648634617394,0.0576648634617394,3.642919299551295e-17,0.0,0.0
175,SEED-IV,valence,subject,normalized_asymmetry,gpu_mlp,20260923,1.0,0.0917941182909007,0.0,15.0,0.2425925925925926,0.0002691148094288,0.0,0.0915250034814719,0.0,0.0222032878816163,4.0,0.0644066299369648,0.2176804313496275,0.2537862526859484,0.4665892864743288,0.0768874827598887,0.0644066299369648,0.0185185185185184,0.0518518518518518,-0.0333333333333334,0,,,,,,,,,,0.0624343566203739,participant_x_stimulus,-0.033333333333333326,-0.075396828353405,0.0063492064364254475,0.0068,heldout,0.0644066300552155,0.0644066300552155,7.632783294297951e-17,0.0,0.0
176,SEED-IV,valence,subject,normalized_asymmetry,gpu_mlp,20261007,0.25,0.0229249353695203,0.0,15.0,0.2222222222222222,0.0002271450171467,0.0,0.0226977903523736,0.0,0.0050439534116385,4.0,0.0432479147783162,0.1544827419689614,0.1290415401778043,0.2889463357552954,0.0555040256147807,0.0432479147783162,-0.0092592592592593,0.0037037037037035,-0.0129629629629628,0,,,,,,,,,,0.0545302663721551,participant_x_stimulus,-0.012962962962962843,-0.05714286118745804,0.028927697986364277,0.0674,audit,0.0432479147662171,0.0432479147662171,4.336808689942018e-17,0.0,0.0
177,SEED-IV,valence,subject,normalized_asymmetry,gpu_mlp,20261007,0.5,0.0458648414077869,0.0,15.0,0.2222222222222222,0.0002271450171467,0.0,0.0456376963906402,0.0,0.0101417103090311,4.0,0.0487485365508815,0.1715937128320441,0.1605490240274593,0.3201787459985716,0.0604133243018333,0.0487485365508815,0.0,0.0037037037037035,-0.0037037037037035,0,,,,,,,,,,0.0569154906230495,participant_x_stimulus,-0.0037037037037035425,-0.0462128646671772,0.03857192452996969,0.1242,audit,0.0487485366636865,0.0487485366636865,4.2500725161431774e-17,0.0,0.0
178,SEED-IV,valence,subject,normalized_asymmetry,gpu_mlp,20261007,0.75,0.0685252589959454,0.0,15.0,0.2222222222222222,0.0002271450171467,0.0,0.0682981139787987,0.0,0.0151773586619552,4.0,0.0548293329001811,0.1899383069745004,0.1975071512712221,0.3821919821554067,0.067517530200045,0.0548293329001811,-0.012962962962963,0.0037037037037035,-0.0166666666666665,0,,,,,,,,,,0.059367639366194,participant_x_stimulus,-0.016666666666666607,-0.060625732876360416,0.025847423169761866,0.0444,audit,0.0548293332021473,0.0548293332021473,1.0755285551056204e-16,0.0,0.0
179,SEED-IV,valence,subject,normalized_asymmetry,gpu_mlp,20261007,1.0,0.0910857449348406,0.0,15.0,0.2222222222222222,0.0002271450171467,0.0,0.0908585999176939,0.0,0.0201907999817097,4.0,0.0615878997669398,0.209656915359589,0.2403320852819561,0.4551295588087865,0.0757148256466791,0.0615878997669398,-0.0018518518518519,0.0037037037037035,-0.0055555555555554,0,,,,,,,,,,0.0619070295300818,participant_x_stimulus,-0.005555555555555536,-0.04487847331911325,0.039585813041776385,0.1154,audit,0.0615878998862126,0.0615878998862126,1.3617579286417936e-16,0.0,0.0
180,SEED-IV,valence,subject,normalized_asymmetry,linear_logistic,20260813,0.25,0.0228283812343657,0.0,15.0,0.262037037037037,0.0003361445154739,0.0,0.0224922367188918,0.0,0.005893799066154,1.0,0.0294494611644805,0.1092467108330292,0.087780919812165,0.2027144909983763,0.0355870408261674,0.0294494611644805,0.0074074074074074,0.0018518518518518,0.0055555555555556,0,,,,,,,,,,0.0350193559909158,participant_x_stimulus,0.005555555555555536,-0.035504550114274024,0.047780424915254076,0.2418,heldout,0.0294494609279762,0.0294494609279762,6.418476861114186e-17,0.0,0.0
181,SEED-IV,valence,subject,normalized_asymmetry,linear_logistic,20260813,0.5,0.0459499974323077,0.0,15.0,0.262037037037037,0.0003361445154739,0.0,0.0456138529168338,0.0,0.0119525188661703,1.0,0.0334951312612974,0.1228668944181655,0.1137653427732889,0.2335365649884035,0.0391117155340505,0.0334951312612974,0.0203703703703703,0.0018518518518518,0.0185185185185185,0,,,,,,,,,,0.0385039954562434,participant_x_stimulus,0.01851851851851849,-0.028706986689940095,0.06640686336904762,0.4738,heldout,0.0334951318805992,0.0334951318805992,1.0408340855860843e-17,0.0,0.0
182,SEED-IV,valence,subject,normalized_asymmetry,linear_logistic,20260813,0.75,0.0631400485187001,0.0,15.0,0.262037037037037,0.0003361445154739,0.0,0.0628039040032262,0.0,0.0164569489193639,1.0,0.0368455521921299,0.1339182492536688,0.1372188758652268,0.2629326164961263,0.0429989526537296,0.0368455521921299,0.0055555555555555,0.0018518518518518,0.0037037037037037,0,,,,,,,,,,0.0413080199857068,participant_x_stimulus,0.0037037037037036535,-0.0447891796939075,0.05238293716683981,0.2466,heldout,0.0368455527719474,0.0368455527719474,4.640385298237959e-17,0.0,0.0
183,SEED-IV,valence,subject,normalized_asymmetry,linear_logistic,20260813,1.0,0.0902064085258353,0.0,15.0,0.262037037037037,0.0003361445154739,0.0,0.0898702640103614,0.0,0.0235493376990113,1.0,0.0427824359373138,0.1530115099667418,0.1822431286719491,0.3425297073224377,0.0498759837725385,0.0427824359373138,-0.0092592592592591,0.0018518518518518,-0.0111111111111109,0,,,,,,,,,,0.0461225544679596,participant_x_stimulus,-0.011111111111111072,-0.06339894216507673,0.038401559088379146,0.1122,heldout,0.0427824360934052,0.0427824360934052,1.717376241217039e-16,0.0,0.0
184,SEED-IV,valence,subject,normalized_asymmetry,linear_logistic,20260829,0.25,0.0235468010529973,0.0,15.0,0.2277777777777777,0.0001860696208296,0.0,0.0233607314321677,0.0,0.0053210554928826,1.0,0.0279738442779906,0.1042019974129055,0.0861859220911312,0.2094578755780909,0.0357041233055895,0.0279738442779906,0.0148148148148148,0.0148148148148148,0.0,0,,,,,,,,,,0.0623621832583338,participant_x_stimulus,0.0,-0.04473696080967784,0.04001041576266274,0.1576,audit,0.0279738440536765,0.0279738440536765,0.0,0.0,0.0
185,SEED-IV,valence,subject,normalized_asymmetry,linear_logistic,20260829,0.5,0.0463453299971875,0.0,15.0,0.2277777777777777,0.0001860696208296,0.0,0.0461592603763579,0.0,0.0105140537523926,1.0,0.0315992851651579,0.116522407960177,0.1087923060310088,0.2378983397430478,0.0389135832572522,0.0315992851651579,0.0240740740740741,0.0148148148148148,0.0092592592592592,0,,,,,,,,,,0.0638342313581283,participant_x_stimulus,0.0092592592592593,-0.03456986416131258,0.050613093189895146,0.306,audit,0.0315992849087565,0.0315992849087565,1.0061396160665481e-16,0.0,0.0
186,SEED-IV,valence,subject,normalized_asymmetry,linear_logistic,20260829,0.75,0.0713640261777028,0.0,15.0,0.2277777777777777,0.0001860696208296,0.0,0.0711779565568732,0.0,0.0162127567712877,1.0,0.0361005516787238,0.1314784198735774,0.139430219942904,0.2881981970969767,0.0442987364244131,0.0361005516787238,0.0148148148148148,0.0148148148148148,0.0,0,,,,,,,,,,0.0654868541112242,participant_x_stimulus,0.0,-0.045059524849057196,0.04118185862898819,0.1686,audit,0.0361005510657418,0.0361005510657418,0.0,0.0,0.0
187,SEED-IV,valence,subject,normalized_asymmetry,linear_logistic,20260829,1.0,0.0931612777512094,0.0,15.0,0.2277777777777777,0.0001860696208296,0.0,0.0929752081303798,0.0,0.0211776862963642,1.0,0.0405200792664001,0.1458080849522198,0.1717354637388741,0.3995917085652612,0.0496701898080028,0.0405200792664001,0.0092592592592593,0.0148148148148148,-0.0055555555555554,0,,,,,,,,,,0.0669590283934649,participant_x_stimulus,-0.005555555555555536,-0.04444642961025238,0.0292100890539584,0.0736,audit,0.0405200787273797,0.0405200787273797,1.3617579286417936e-16,0.0,0.0
188,SEED-IV,valence,subject,normalized_asymmetry,linear_logistic,20260911,0.25,0.0212807587031434,0.0,15.0,0.250925925925926,0.0001916416886024,0.0,0.021089117014541,0.0,0.0052918062138339,1.0,0.0286965819719389,0.1066780343610739,0.0856688683317407,0.1955667637885307,0.0353986650769527,0.0286965819719389,-0.012962962962963,-0.0277777777777779,0.0148148148148149,0,,,,,,,,,,0.050918031538616,participant_x_stimulus,0.014814814814814836,-0.015679986355826257,0.04921132354065775,0.3278,heldout,0.0286965814207015,0.0286965814207015,6.418476861114186e-17,0.0,0.0
189,SEED-IV,valence,subject,normalized_asymmetry,linear_logistic,20260911,0.5,0.0423514317428559,0.0,15.0,0.250925925925926,0.0001916416886024,0.0,0.0421597900542535,0.0,0.0105789843562062,1.0,0.0322211817177172,0.1186109400012587,0.1078471761470276,0.2284354977397098,0.038331195829013,0.0322211817177172,-0.0111111111111111,-0.0277777777777779,0.0166666666666668,0,,,,,,,,,,0.0502788793702759,participant_x_stimulus,0.01666666666666672,-0.024562183069065213,0.06296296417713165,0.429,heldout,0.0322211811257322,0.0322211811257322,7.979727989493313e-17,0.0,0.0
190,SEED-IV,valence,subject,normalized_asymmetry,linear_logistic,20260911,0.75,0.061090061960045,0.0,15.0,0.250925925925926,0.0001916416886024,0.0,0.0608984202714426,0.0,0.0152809924940379,1.0,0.0357044666082431,0.1301771989763432,0.1316623785851146,0.259641131189803,0.0423588027025266,0.0357044666082431,-0.0092592592592593,-0.0277777777777779,0.0185185185185186,0,,,,,,,,,,0.0497168569167176,participant_x_stimulus,0.0185185185185186,-0.02204014994204044,0.06190476566553116,0.458,heldout,0.0357044663519717,0.0357044663519717,0.0,0.0,0.0
191,SEED-IV,valence,subject,normalized_asymmetry,linear_logistic,20260911,1.0,0.084489686955556,0.0,15.0,0.250925925925926,0.0001916416886024,0.0,0.0842980452669536,0.0,0.0211525650623559,1.0,0.0405651800190119,0.1459525461794096,0.16750729621968,0.308096501417623,0.0480802513345536,0.0405651800190119,-0.0018518518518519,-0.0277777777777779,0.025925925925926,1,,,,,,,,,,0.0490233960356074,participant_x_stimulus,0.025925925925925908,-0.008405776834115385,0.06458639521151777,0.6128,heldout,0.0405651796124629,0.0405651796124629,9.367506770274758e-17,0.0,0.0
192,SEED-IV,valence,subject,normalized_asymmetry,linear_logistic,20260923,0.25,0.0230507124675987,0.0,15.0,0.2425925925925926,0.0002691148094288,0.0,0.0227815976581699,0.0,0.0055266468392967,1.0,0.0285726104959999,0.1062540332040117,0.0867012291055735,0.2075328810202677,0.0356260086795232,0.0285726104959999,0.0388888888888888,0.0055555555555555,0.0333333333333333,1,,,,,,,,,,0.03424815660487,participant_x_stimulus,0.033333333333333326,-0.014038901892490683,0.08351209480315445,0.6936,audit,0.0285726101255581,0.0285726101255581,2.7755575615628914e-17,0.0,0.0
193,SEED-IV,valence,subject,normalized_asymmetry,linear_logistic,20260923,0.5,0.0453396269190027,0.0,15.0,0.2425925925925926,0.0002691148094288,0.0,0.0450705121095739,0.0,0.0109337723821373,1.0,0.0322572650580574,0.1187319025572363,0.1099443615691815,0.2303437239068024,0.0387662847386356,0.0322572650580574,0.0018518518518518,0.0055555555555555,-0.0037037037037037,0,,,,,,,,,,0.0374499705926891,participant_x_stimulus,-0.0037037037037036535,-0.04550543241202831,0.04002426760271188,0.138,audit,0.0322572653130502,0.0322572653130502,4.640385298237959e-17,0.0,0.0
194,SEED-IV,valence,subject,normalized_asymmetry,linear_logistic,20260923,0.75,0.0708141545595939,0.0,15.0,0.2425925925925926,0.0002691148094288,0.0,0.0705450397501651,0.0,0.01711370408754,1.0,0.0370316006344101,0.1345260000824457,0.1430243932249107,0.2876907227872229,0.0444597481031266,0.0370316006344101,0.0259259259259259,0.0055555555555555,0.0203703703703704,1,,,,,,,,,,0.0414617612556306,participant_x_stimulus,0.020370370370370372,-0.02619196642190218,0.0697869651019573,0.4884,audit,0.0370316005154718,0.0370316005154718,2.7755575615628914e-17,0.0,0.0
195,SEED-IV,valence,subject,normalized_asymmetry,linear_logistic,20260923,1.0,0.0917941182909007,0.0,15.0,0.2425925925925926,0.0002691148094288,0.0,0.0915250034814719,0.0,0.0222032878816163,1.0,0.0414672247907466,0.1488345463672822,0.1761618925625823,0.354714793384228,0.049739154825336,0.0414672247907466,0.0055555555555555,0.0055555555555555,0.0,0,,,,,,,,,,0.0450714544872026,participant_x_stimulus,0.0,-0.05119292102754116,0.04893943006172776,0.2078,audit,0.0414672248687472,0.0414672248687472,0.0,0.0,0.0
196,SEED-IV,valence,subject,normalized_asymmetry,linear_logistic,20261007,0.25,0.0229249353695203,0.0,15.0,0.2222222222222222,0.0002271450171467,0.0,0.0226977903523736,0.0,0.0050439534116385,1.0,0.0276220199431209,0.1029930383532068,0.0852150584373912,0.2034219120962341,0.0356147179539937,0.0276220199431209,-0.0129629629629629,0.0,-0.0129629629629629,0,,,,,,,,,,0.0506639579406138,participant_x_stimulus,-0.012962962962962954,-0.06428968608379364,0.03333333507180214,0.0856,heldout,0.0276220199352671,0.0276220199352671,5.377642775528102e-17,0.0,0.0
197,SEED-IV,valence,subject,normalized_asymmetry,linear_logistic,20261007,0.5,0.0458648414077869,0.0,15.0,0.2222222222222222,0.0002271450171467,0.0,0.0456376963906402,0.0,0.0101417103090311,1.0,0.0312000239856782,0.115177748490397,0.1073404540970088,0.2283790797724315,0.0388371562234985,0.0312000239856782,-0.011111111111111,0.0,-0.011111111111111,0,,,,,,,,,,0.0500434869372328,participant_x_stimulus,-0.011111111111111072,-0.053783129155635837,0.029847682872787114,0.0632,heldout,0.0312000240592075,0.0312000240592075,7.112366251504909e-17,0.0,0.0
198,SEED-IV,valence,subject,normalized_asymmetry,linear_logistic,20261007,0.75,0.0685252589959454,0.0,15.0,0.2222222222222222,0.0002271450171467,0.0,0.0682981139787987,0.0,0.0151773586619552,1.0,0.0351727911388362,0.1284260879757143,0.1340053416733738,0.2799336522037314,0.0435216717887127,0.0351727911388362,-0.0129629629629629,0.0,-0.0129629629629629,0,,,,,,,,,,0.0494376477648232,participant_x_stimulus,-0.012962962962962954,-0.063037178106606,0.03631103504449127,0.083,heldout,0.0351727913365748,0.0351727913365748,5.377642775528102e-17,0.0,0.0
199,SEED-IV,valence,subject,normalized_asymmetry,linear_logistic,20261007,1.0,0.0910857449348406,0.0,15.0,0.2222222222222222,0.0002271450171467,0.0,0.0908585999176939,0.0,0.0201907999817097,1.0,0.0396099251973921,0.1428851563567235,0.1659079495504141,0.3442295766424872,0.0489585931215566,0.0396099251973921,-0.0203703703703703,0.0,-0.0203703703703703,0,,,,,,,,,,0.0488413918039849,participant_x_stimulus,-0.020370370370370372,-0.06695240568369627,0.024834328796714496,0.0384,heldout,0.0396099252758984,0.0396099252758984,7.28583859910259e-17,0.0,0.0
200,SEED-IV,valence,subject,relative_power,gpu_mlp,20260813,0.25,0.0228283812343657,0.0,30.0,0.3777777777777779,0.0003361445154739,0.0,0.0224922367188918,0.0,0.0084970672049146,4.0,0.0554259110197519,0.1917067859924011,0.1448062811554419,0.3745587244036629,0.058527781236404,0.0554259110197519,0.0018518518518517,0.0037037037037035,-0.0018518518518518,0,,,,,,,,,,0.0595991299341418,participant_x_stimulus,-0.0018518518518517713,-0.04629856469109654,0.04100647456943987,0.155,audit,0.0554259103146365,0.0554259103146365,2.883977778811442e-17,0.0,0.0
201,SEED-IV,valence,subject,relative_power,gpu_mlp,20260813,0.5,0.0459499974323077,0.0,30.0,0.3777777777777779,0.0003361445154739,0.0,0.0456138529168338,0.0,0.0172318999908038,4.0,0.0639160091795264,0.216292156206773,0.198128362084749,0.4303783084596065,0.0664187203775491,0.0639160091795264,0.0018518518518517,0.0037037037037035,-0.0018518518518518,0,,,,,,,,,,0.0627428619630168,participant_x_stimulus,-0.0018518518518517713,-0.04523809626698494,0.03872494008392091,0.1398,audit,0.0639160098956946,0.0639160098956946,2.883977778811442e-17,0.0,0.0
202,SEED-IV,valence,subject,relative_power,gpu_mlp,20260813,0.75,0.0631400485187001,0.0,30.0,0.3777777777777779,0.0003361445154739,0.0,0.0628039040032262,0.0,0.0237259192901076,4.0,0.0709977867382413,0.2360004821062353,0.2465531926815725,0.4721156295846094,0.0737559450857414,0.0709977867382413,0.0055555555555555,0.0037037037037035,0.001851851851852,0,,,,,,,,,,0.0651796853111965,participant_x_stimulus,0.0018518518518519933,-0.03921991856768727,0.04511343389749526,0.1894,audit,0.0709977873977124,0.0709977873977124,6.7220534694101275e-18,0.0,0.0
203,SEED-IV,valence,subject,relative_power,gpu_mlp,20260813,1.0,0.0902064085258353,0.0,30.0,0.3777777777777779,0.0003361445154739,0.0,0.0898702640103614,0.0,0.0339509886261365,4.0,0.0836271723054903,0.2694675472294991,0.3374429320386079,0.5733126498251778,0.086830106005239,0.0836271723054903,-0.0074074074074075,0.0037037037037035,-0.0111111111111109,0,,,,,,,,,,0.0691955384245225,participant_x_stimulus,-0.011111111111111072,-0.058102939277887344,0.03272571554407474,0.0792,audit,0.083627172783392,0.083627172783392,1.717376241217039e-16,0.0,0.0
204,SEED-IV,valence,subject,relative_power,gpu_mlp,20260829,0.25,0.0235468010529973,0.0,30.0,0.3861111111111112,0.0001860696208296,0.0,0.0233607314321677,0.0,0.0090198379696425,4.0,0.0564706491393564,0.194790581127837,0.1475159608522253,0.3918997654873699,0.0594233422670585,0.0564706491393564,0.0185185185185183,0.0148148148148147,0.0037037037037035,0,,,,,,,,,,0.0714094664690698,participant_x_stimulus,0.0037037037037036535,-0.03403025781735778,0.03914650958031413,0.1746,heldout,0.0564706492591899,0.0564706492591899,1.5352302762394743e-16,0.0,0.0
205,SEED-IV,valence,subject,relative_power,gpu_mlp,20260829,0.5,0.0463453299971875,0.0,30.0,0.3861111111111112,0.0001860696208296,0.0,0.0461592603763579,0.0,0.0178226033119826,4.0,0.0650614563422289,0.2195279472798764,0.2017758017246693,0.4442631947238365,0.067605779699934,0.0650614563422289,0.0185185185185183,0.0148148148148147,0.0037037037037035,0,,,,,,,,,,0.0734169968279798,participant_x_stimulus,0.0037037037037036535,-0.04277884876355529,0.052229876071214563,0.2388,heldout,0.0650614566371818,0.0650614566371818,1.5352302762394743e-16,0.0,0.0
206,SEED-IV,valence,subject,relative_power,gpu_mlp,20260829,0.75,0.0713640261777028,0.0,30.0,0.3861111111111112,0.0001860696208296,0.0,0.0711779565568732,0.0,0.0274825998927927,4.0,0.0758785537173673,0.2491818914013674,0.2770103434334078,0.5178566805709505,0.0788102373282229,0.0758785537173673,0.0259259259259259,0.0148148148148147,0.0111111111111112,0,,,,,,,,,,0.0756797349405477,participant_x_stimulus,0.011111111111111183,-0.03301535258069634,0.054167542513459906,0.3272,heldout,0.075878554195043,0.075878554195043,1.734723475976807e-17,0.0,0.0
207,SEED-IV,valence,subject,relative_power,gpu_mlp,20260829,1.0,0.0931612777512094,0.0,30.0,0.3861111111111112,0.0001860696208296,0.0,0.0929752081303798,0.0,0.0358987609170077,4.0,0.0866238573189443,0.2771098230807982,0.3550306319670205,0.6442966159658428,0.08993030096576,0.0866238573189443,0.0092592592592591,0.0148148148148147,-0.0055555555555556,0,,,,,,,,,,0.077703130643651,participant_x_stimulus,-0.005555555555555536,-0.04911305885761976,0.041357892192900134,0.119,heldout,0.0866238578524319,0.0866238578524319,6.418476861114186e-17,0.0,0.0
208,SEED-IV,valence,subject,relative_power,gpu_mlp,20260911,0.25,0.0212807587031434,0.0,30.0,0.4074074074074075,0.0001916416886024,0.0,0.021089117014541,0.0,0.0085918624874055,4.0,0.0575807198790518,0.1980489446066495,0.1449975497571198,0.369613076795861,0.0607577106128831,0.0575807198790518,0.0092592592592591,0.037037037037037,-0.0277777777777779,0,,,,,,,,,,0.0471469768878965,participant_x_stimulus,-0.0277777777777779,-0.06704987678676844,0.007343243784271177,0.0036,audit,0.0575807203952807,0.0575807203952807,0.0,0.0,0.0
209,SEED-IV,valence,subject,relative_power,gpu_mlp,20260911,0.5,0.0423514317428559,0.0,30.0,0.4074074074074075,0.0001916416886024,0.0,0.0421597900542535,0.0,0.017176210762844,4.0,0.0658164601588184,0.2216504957938212,0.1963788024452789,0.42832195268999,0.0683881493343463,0.0658164601588184,0.0277777777777777,0.037037037037037,-0.0092592592592593,0,,,,,,,,,,0.0464393966084324,participant_x_stimulus,-0.0092592592592593,-0.05444444352760911,0.03398917643353334,0.0922,audit,0.0658164607072891,0.0658164607072891,0.0,0.0,0.0
210,SEED-IV,valence,subject,relative_power,gpu_mlp,20260911,0.75,0.061090061960045,0.0,30.0,0.4074074074074075,0.0001916416886024,0.0,0.0608984202714426,0.0,0.0248104675179951,4.0,0.0740478898112742,0.2442752857104849,0.252710416645803,0.473210000015796,0.0769147298375753,0.0740478898112742,0.0203703703703703,0.037037037037037,-0.0166666666666667,0,,,,,,,,,,0.0458186264901737,participant_x_stimulus,-0.01666666666666672,-0.061735440976917744,0.026943399850279076,0.0468,audit,0.0740478906823422,0.0740478906823422,1.734723475976807e-17,0.0,0.0
211,SEED-IV,valence,subject,relative_power,gpu_mlp,20260911,1.0,0.084489686955556,0.0,30.0,0.4074074074074075,0.0001916416886024,0.0,0.0842980452669536,0.0,0.0343436480717218,4.0,0.0856530832846288,0.27464621737417,0.336590307246448,0.5435058996145101,0.0889260799869291,0.0856530832846288,0.0148148148148147,0.037037037037037,-0.0222222222222223,0,,,,,,,,,,0.0450545356425425,participant_x_stimulus,-0.022222222222222365,-0.06538499370217324,0.021363857481628654,0.0276,audit,0.0856530842720317,0.0856530842720317,6.591949208711867e-17,0.0,0.0
212,SEED-IV,valence,subject,relative_power,gpu_mlp,20260923,0.25,0.0230507124675987,0.0,30.0,0.3833333333333334,0.0002691148094288,0.0,0.0227815976581699,0.0,0.0087329457689651,4.0,0.0560187007267598,0.1934586023319903,0.1460033879010362,0.3873272177794543,0.0590602500270768,0.0560187007267598,0.0333333333333332,0.0277777777777776,0.0055555555555556,0,,,,,,,,,,0.0562967099124168,participant_x_stimulus,0.005555555555555536,-0.03500410011038184,0.045098408870398995,0.2222,heldout,0.0560186995785873,0.0560186995785873,6.418476861114186e-17,0.0,0.0
213,SEED-IV,valence,subject,relative_power,gpu_mlp,20260923,0.5,0.0453396269190027,0.0,30.0,0.3833333333333334,0.0002691148094288,0.0,0.0450705121095739,0.0,0.0172770296420033,4.0,0.064316311490622,0.2174251200800182,0.1981561587135694,0.4313746940026388,0.066833577925317,0.064316311490622,0.0259259259259259,0.0277777777777776,-0.0018518518518516,0,,,,,,,,,,0.0623693333684687,participant_x_stimulus,-0.0018518518518517713,-0.04259259253740311,0.03563688052818178,0.13,heldout,0.0643163114746317,0.0643163114746317,1.713039432527097e-16,0.0,0.0
214,SEED-IV,valence,subject,relative_power,gpu_mlp,20260923,0.75,0.0708141545595939,0.0,30.0,0.3833333333333334,0.0002691148094288,0.0,0.0705450397501651,0.0,0.0270422652375632,4.0,0.0751945923456725,0.2473539197689112,0.2735349725712844,0.5125382827988565,0.0781020834490995,0.0751945923456725,0.0407407407407407,0.0277777777777776,0.0129629629629631,0,,,,,,,,,,0.0700562447800363,participant_x_stimulus,0.012962962962963065,-0.02972170147113502,0.057885986659675835,0.352,heldout,0.0751945921235566,0.0751945921235566,3.469446951953614e-17,0.0,0.0
215,SEED-IV,valence,subject,relative_power,gpu_mlp,20260923,1.0,0.0917941182909007,0.0,30.0,0.3833333333333334,0.0002691148094288,0.0,0.0915250034814719,0.0,0.0350845846678975,4.0,0.0853971126215923,0.2739946966194129,0.3475198285723295,0.5954073208604994,0.0886612765627358,0.0853971126215923,0.0259259259259259,0.0277777777777776,-0.0018518518518516,0,,,,,,,,,,0.0770352942567672,participant_x_stimulus,-0.0018518518518517713,-0.04877435080707073,0.04333333307877183,0.173,heldout,0.0853971121395308,0.0853971121395308,1.713039432527097e-16,0.0,0.0
216,SEED-IV,valence,subject,relative_power,gpu_mlp,20261007,0.25,0.0229249353695203,0.0,30.0,0.3824074074074074,0.0002271450171467,0.0,0.0226977903523736,0.0,0.008679803162528,4.0,0.0559070350140051,0.1931290197961424,0.1457292613535097,0.3828380890465132,0.0589634472133218,0.0559070350140051,0.011111111111111,0.0111111111111111,-9.887923813067799e-17,0,,,,,,,,,,0.0471328717478295,participant_x_stimulus,-1.1102230246251565e-16,-0.03963235402479768,0.03868708666414019,0.1468,audit,0.0559070354920862,0.0559070354920862,1.2143064331837662e-17,0.0,0.0
217,SEED-IV,valence,subject,relative_power,gpu_mlp,20261007,0.5,0.0458648414077869,0.0,30.0,0.3824074074074074,0.0002271450171467,0.0,0.0456376963906402,0.0,0.0174521931567911,4.0,0.0644386158664919,0.2177708144546565,0.1994062181791631,0.4324772367491605,0.0669603265922422,0.0644386158664919,0.0333333333333333,0.0111111111111111,0.0222222222222222,1,,,,,,,,,,0.0464361342047996,participant_x_stimulus,0.022222222222222143,-0.018388806376606226,0.06535511333495377,0.5424,audit,0.0644386157890919,0.0644386157890919,5.551115123125783e-17,0.0,0.0
218,SEED-IV,valence,subject,relative_power,gpu_mlp,20261007,0.75,0.0685252589959454,0.0,30.0,0.3824074074074074,0.0002271450171467,0.0,0.0682981139787987,0.0,0.026117704697448,4.0,0.0740435419788787,0.2442635793440399,0.2657813333378784,0.5031357580267274,0.0769102276560606,0.0740435419788787,0.0222222222222222,0.0111111111111111,0.0111111111111111,0,,,,,,,,,,0.0457575123913412,participant_x_stimulus,0.011111111111111072,-0.03067050860263407,0.055162523780018034,0.3278,audit,0.074043541636589,0.074043541636589,2.7755575615628914e-17,0.0,0.0
219,SEED-IV,valence,subject,relative_power,gpu_mlp,20261007,1.0,0.0910857449348406,0.0,30.0,0.3824074074074074,0.0002271450171467,0.0,0.0908585999176939,0.0,0.0347450016351922,4.0,0.0848989842359139,0.2727245012929529,0.3443643113466612,0.5877992490182565,0.0881459430560444,0.0848989842359139,0.0148148148148147,0.0111111111111111,0.0037037037037035,0,,,,,,,,,,0.0450912695755828,participant_x_stimulus,0.0037037037037035425,-0.03433060273528099,0.04629629487171769,0.1988,audit,0.0848989841334994,0.0848989841334994,4.2500725161431774e-17,0.0,0.0
220,SEED-IV,valence,subject,relative_power,linear_logistic,20260813,0.25,0.0228283812343657,0.0,30.0,0.3777777777777779,0.0003361445154739,0.0,0.0224922367188918,0.0,0.0084970672049146,1.0,0.035563540956366,0.129713548413026,0.0962170995995891,0.2734388021725507,0.0375980740228454,0.035563540956366,-0.0185185185185184,-0.0055555555555556,-0.0129629629629628,0,,,,,,,,,,0.0508593799977735,participant_x_stimulus,-0.012962962962962843,-0.05140476254746318,0.02638888922519982,0.0444,heldout,0.0355635404944214,0.0355635404944214,4.336808689942018e-17,0.0,0.0
221,SEED-IV,valence,subject,relative_power,linear_logistic,20260813,0.5,0.0459499974323077,0.0,30.0,0.3777777777777779,0.0003361445154739,0.0,0.0456138529168338,0.0,0.0172318999908038,1.0,0.0411436616519064,0.1478023887416962,0.1344602882883266,0.3219458329943347,0.0427954585344681,0.0411436616519064,-0.0037037037037036,-0.0055555555555556,0.0018518518518519,0,,,,,,,,,,0.0535683684382477,participant_x_stimulus,0.0018518518518519933,-0.0362974108196795,0.040695839561521986,0.1686,heldout,0.0411436621241293,0.0411436621241293,9.324138683375338e-17,0.0,0.0
222,SEED-IV,valence,subject,relative_power,linear_logistic,20260813,0.75,0.0631400485187001,0.0,30.0,0.3777777777777779,0.0003361445154739,0.0,0.0628039040032262,0.0,0.0237259192901076,1.0,0.0458258241323793,0.1625645075731746,0.170635281504623,0.3598098913616872,0.047656253479799,0.0458258241323793,-0.0092592592592591,-0.0055555555555556,-0.0037037037037034,0,,,,,,,,,,0.0556700347879054,participant_x_stimulus,-0.0037037037037035425,-0.033338069915771484,0.024404912581667302,0.0484,heldout,0.0458258245695712,0.0458258245695712,1.4268100589909238e-16,0.0,0.0
223,SEED-IV,valence,subject,relative_power,linear_logistic,20260813,1.0,0.0902064085258353,0.0,30.0,0.3777777777777779,0.0003361445154739,0.0,0.0898702640103614,0.0,0.0339509886261365,1.0,0.054238940988157,0.1881827444009589,0.2425478759026947,0.4578114569029979,0.056385558816171,0.054238940988157,-0.0166666666666667,-0.0055555555555556,-0.0111111111111111,0,,,,,,,,,,0.0591370437651075,participant_x_stimulus,-0.011111111111111072,-0.04088492067530751,0.020025063352659335,0.0254,heldout,0.0542389413080551,0.0542389413080551,2.7755575615628914e-17,0.0,0.0
224,SEED-IV,valence,subject,relative_power,linear_logistic,20260829,0.25,0.0235468010529973,0.0,30.0,0.3861111111111112,0.0001860696208296,0.0,0.0233607314321677,0.0,0.0090198379696425,1.0,0.0362482551958083,0.1319629282589989,0.0981218778063654,0.2882559317287751,0.0381863694280014,0.0362482551958083,-0.0092592592592591,0.0037037037037037,-0.0129629629629628,0,,,,,,,,,,0.0655382732542489,participant_x_stimulus,-0.012962962962962954,-0.06251527778804301,0.02982456237077713,0.0652,audit,0.0362482552743775,0.0362482552743775,1.5439038936193583e-16,0.0,0.0
225,SEED-IV,valence,subject,relative_power,linear_logistic,20260829,0.5,0.0463453299971875,0.0,30.0,0.3861111111111112,0.0001860696208296,0.0,0.0461592603763579,0.0,0.0178226033119826,1.0,0.0418992694950407,0.1502099394673224,0.1371360837996615,0.3343860516782417,0.0435800230625028,0.0418992694950407,0.0148148148148148,0.0037037037037037,0.0111111111111111,0,,,,,,,,,,0.0673927261100795,participant_x_stimulus,0.011111111111111072,-0.02797817480750382,0.04963687704876061,0.3074,audit,0.0418992696896948,0.0418992696896948,2.7755575615628914e-17,0.0,0.0
226,SEED-IV,valence,subject,relative_power,linear_logistic,20260829,0.75,0.0713640261777028,0.0,30.0,0.3861111111111112,0.0001860696208296,0.0,0.0711779565568732,0.0,0.0274825998927927,1.0,0.049067534225751,0.172570745409413,0.1941305327201236,0.4029763333197041,0.0510205241632319,0.049067534225751,0.0111111111111111,0.0037037037037037,0.0074074074074073,0,,,,,,,,,,0.0694837173015259,participant_x_stimulus,0.007407407407407418,-0.03673401791602373,0.05124445427209135,0.2776,audit,0.0490675345436059,0.0490675345436059,1.1796119636642288e-16,0.0,0.0
227,SEED-IV,valence,subject,relative_power,linear_logistic,20260829,1.0,0.0931612777512094,0.0,30.0,0.3861111111111112,0.0001860696208296,0.0,0.0929752081303798,0.0,0.0358987609170077,1.0,0.0562471711607867,0.1941323399358969,0.2571089109488543,0.5323362982112669,0.0584683552727615,0.0562471711607867,-0.0185185185185183,0.0037037037037037,-0.0222222222222219,0,,,,,,,,,,0.0713542427027149,participant_x_stimulus,-0.022222222222222143,-0.06785714626312256,0.018753278721123885,0.0216,audit,0.056247171518715,0.056247171518715,2.42861286636753e-16,0.0,0.0
228,SEED-IV,valence,subject,relative_power,linear_logistic,20260911,0.25,0.0212807587031434,0.0,30.0,0.4074074074074075,0.0001916416886024,0.0,0.021089117014541,0.0,0.0085918624874055,1.0,0.0369763832379995,0.1343456874518356,0.0963514196218457,0.2692535375733975,0.0390636610951193,0.0369763832379995,-0.0240740740740741,-0.0055555555555555,-0.0185185185185185,0,,,,,,,,,,0.0495261019175254,participant_x_stimulus,-0.0185185185185186,-0.05361886853352189,0.016507353819906652,0.017,heldout,0.0369763835767519,0.0369763835767519,1.0061396160665481e-16,0.0,0.0
229,SEED-IV,valence,subject,relative_power,linear_logistic,20260911,0.5,0.0423514317428559,0.0,30.0,0.4074074074074075,0.0001916416886024,0.0,0.0421597900542535,0.0,0.017176210762844,1.0,0.0423976772577711,0.1517926222308159,0.1331795691618473,0.3201164116977648,0.0440975038224771,0.0423976772577711,-0.0074074074074074,-0.0055555555555555,-0.0018518518518518,0,,,,,,,,,,0.0487846438927053,participant_x_stimulus,-0.0018518518518518823,-0.03635535854846239,0.03403536807745695,0.1076,heldout,0.0423976776199423,0.0423976776199423,8.218252467440124e-17,0.0,0.0
230,SEED-IV,valence,subject,relative_power,linear_logistic,20260911,0.75,0.061090061960045,0.0,30.0,0.4074074074074075,0.0001916416886024,0.0,0.0608984202714426,0.0,0.0248104675179951,1.0,0.0478502260145841,0.1688334598578718,0.1753377978569937,0.3608218749084106,0.0497572997600481,0.0478502260145841,0.0,-0.0055555555555555,0.0055555555555555,0,,,,,,,,,,0.0481341065887501,participant_x_stimulus,0.005555555555555536,-0.030229449504986405,0.044168198760598874,0.207,heldout,0.0478502265933995,0.0478502265933995,3.5561831257524545e-17,0.0,0.0
231,SEED-IV,valence,subject,relative_power,linear_logistic,20260911,1.0,0.084489686955556,0.0,30.0,0.4074074074074075,0.0001916416886024,0.0,0.0842980452669536,0.0,0.0343436480717218,1.0,0.0555961005601425,0.1922102858327984,0.2418475021629346,0.4279864242703614,0.0577931485413936,0.0555961005601425,-0.0148148148148148,-0.0055555555555555,-0.0092592592592593,0,,,,,,,,,,0.0473333173034247,participant_x_stimulus,-0.0092592592592593,-0.047696419060230255,0.026072916993871265,0.0506,heldout,0.055596101222119,0.055596101222119,0.0,0.0,0.0
232,SEED-IV,valence,subject,relative_power,linear_logistic,20260923,0.25,0.0230507124675987,0.0,30.0,0.3833333333333334,0.0002691148094288,0.0,0.0227815976581699,0.0,0.0087329457689651,1.0,0.0359519846578307,0.1309906757449691,0.0970581100506747,0.2843272450733058,0.0379478053329945,0.0359519846578307,0.0037037037037037,0.012962962962963,-0.0092592592592593,0,,,,,,,,,,0.0493273687248306,participant_x_stimulus,-0.0092592592592593,-0.05294340886175632,0.03392182262614364,0.0766,audit,0.0359519839052862,0.0359519839052862,0.0,0.0,0.0
233,SEED-IV,valence,subject,relative_power,linear_logistic,20260923,0.5,0.0453396269190027,0.0,30.0,0.3833333333333334,0.0002691148094288,0.0,0.0450705121095739,0.0,0.0172770296420033,1.0,0.0414076509289399,0.148644640092215,0.1344806505727799,0.3228334572480075,0.043069570148915,0.0414076509289399,0.0148148148148148,0.012962962962963,0.0018518518518517,0,,,,,,,,,,0.0486196626925064,participant_x_stimulus,0.0018518518518517713,-0.038297422043979165,0.041340208332985635,0.174,audit,0.0414076509183931,0.0414076509183931,7.134050294954619e-17,0.0,0.0
234,SEED-IV,valence,subject,relative_power,linear_logistic,20260923,0.75,0.0708141545595939,0.0,30.0,0.3833333333333334,0.0002691148094288,0.0,0.0705450397501651,0.0,0.0270422652375632,1.0,0.0486125316760609,0.1711766537772928,0.1914196703044685,0.3978641698791109,0.0505483742348145,0.0486125316760609,0.0259259259259259,0.012962962962963,0.0129629629629629,0,,,,,,,,,,0.0478226090225813,participant_x_stimulus,0.012962962962962843,-0.027084354823455215,0.05504513643682,0.3478,audit,0.0486125315283377,0.0486125315283377,5.724587470723463e-17,0.0,0.0
235,SEED-IV,valence,subject,relative_power,linear_logistic,20260923,1.0,0.0917941182909007,0.0,30.0,0.3833333333333334,0.0002691148094288,0.0,0.0915250034814719,0.0,0.0350845846678975,1.0,0.0554245091162617,0.1917026378954138,0.2508639304426712,0.4804671656117986,0.0576151898281614,0.0554245091162617,-0.0018518518518517,0.012962962962963,-0.0148148148148147,0,,,,,,,,,,0.0471755168658881,participant_x_stimulus,-0.014814814814814836,-0.05848796237260103,0.02130443030036981,0.029,audit,0.0554245087931407,0.0554245087931407,1.3704315460216776e-16,0.0,0.0
236,SEED-IV,valence,subject,relative_power,linear_logistic,20261007,0.25,0.0229249353695203,0.0,30.0,0.3824074074074074,0.0002271450171467,0.0,0.0226977903523736,0.0,0.008679803162528,1.0,0.0358787989037517,0.1307502632699439,0.0968654565449468,0.2804853718183256,0.0378842136657562,0.0358787989037517,-0.0074074074074073,-0.0222222222222221,0.0148148148148148,0,,,,,,,,,,0.0510192363514852,participant_x_stimulus,0.014814814814814836,-0.019631664687767624,0.05549603216350076,0.3678,heldout,0.035878799217073,0.035878799217073,3.642919299551295e-17,0.0,0.0
237,SEED-IV,valence,subject,relative_power,linear_logistic,20261007,0.5,0.0458648414077869,0.0,30.0,0.3824074074074074,0.0002271450171467,0.0,0.0456376963906402,0.0,0.0174521931567911,1.0,0.0414883236265168,0.1489017847532526,0.1353968446988374,0.3238165637120911,0.0431533349310018,0.0414883236265168,0.0018518518518518,-0.0222222222222221,0.0240740740740739,1,,,,,,,,,,0.0537279755063901,participant_x_stimulus,0.024074074074074026,-0.018479730049148203,0.0728114573284983,0.575,heldout,0.041488323575461,0.041488323575461,1.249000902703301e-16,0.0,0.0
238,SEED-IV,valence,subject,relative_power,linear_logistic,20261007,0.75,0.0685252589959454,0.0,30.0,0.3824074074074074,0.0002271450171467,0.0,0.0682981139787987,0.0,0.026117704697448,1.0,0.0478473369308953,0.1688245612216262,0.1853996429078156,0.3888870557453184,0.0497543015485956,0.0478473369308953,-0.0074074074074073,-0.0222222222222221,0.0148148148148148,0,,,,,,,,,,0.0565364685392982,participant_x_stimulus,0.014814814814814836,-0.021931288531050086,0.05251579340547319,0.3954,heldout,0.0478473367034481,0.0478473367034481,3.642919299551295e-17,0.0,0.0
239,SEED-IV,valence,subject,relative_power,linear_logistic,20261007,1.0,0.0910857449348406,0.0,30.0,0.3824074074074074,0.0002271450171467,0.0,0.0908585999176939,0.0,0.0347450016351922,1.0,0.0550906824287418,0.1907137213048386,0.2482521371355154,0.4726121786830252,0.0572689684616501,0.0550906824287418,-0.011111111111111,-0.0222222222222221,0.0111111111111111,0,,,,,,,,,,0.0594692375337609,participant_x_stimulus,0.011111111111111072,-0.027742141066119073,0.05263192737475037,0.33,heldout,0.0550906823601206,0.0550906823601206,2.7755575615628914e-17,0.0,0.0
